"dept_name","emp_no","last_name","first_name"
"Sales",261540,"Snedden","Nitsan"
"Sales",261543,"Gulik","Mario"
"Sales",45986,"Wallrath","Jouni"
"Sales",261579,"Schapire","Zengping"
"Sales",261589,"Perry","Volkmar"
"Sales",261647,"Kushner","Serenella"
"Sales",461389,"Nourani","Harjit"
"Sales",45803,"Lanzelotte","Padma"
"Sales",261711,"Loncour","Claudi"
"Sales",261759,"Zallocco","Billie"
"Sales",261773,"Stifter","Sanjiv"
"Sales",261835,"Penttonen","Serge"
"Sales",261839,"Aloisi","Magy"
"Sales",45796,"Lammel","Masanao"
"Sales",261874,"Mandelberg","Elrique"
"Sales",261899,"Kinley","Mohan"
"Sales",222445,"Dichev","Garnet"
"Sales",261990,"Czaja","Volkmar"
"Sales",222490,"Menyhert","Takahiro"
"Sales",262309,"Ferriere","Fusako"
"Sales",262340,"Deverell","Zengping"
"Sales",262345,"Pollock","Sigeru"
"Sales",262348,"Frezza","Aksel"
"Sales",45745,"Langford","Kshitij"
"Sales",262377,"Foote","Haldon"
"Sales",262405,"Coorg","Bader"
"Sales",223019,"Zuberek","Giordano"
"Sales",461364,"Huttel","Vasilii"
"Sales",262447,"Denna","Jasminko"
"Sales",262550,"Baranowski","Masako"
"Sales",262560,"Nyanchama","Paloma"
"Sales",262572,"Srimani","Xiaobin"
"Sales",262622,"Taubman","Theron"
"Sales",262631,"Egerstedt","Sverrir"
"Sales",262635,"Syrzycki","Marit"
"Sales",262645,"Ranum","Martins"
"Sales",262654,"Dalphin","Shimshon"
"Sales",262663,"Riexinger","Fumino"
"Sales",45707,"Ashish","Ramzi"
"Sales",45676,"Berendt","Luise"
"Sales",223099,"Rosch","Marin"
"Sales",461353,"Falco","Mantis"
"Sales",262890,"Papsdorf","Navid"
"Sales",262907,"Champarnaud","Arve"
"Sales",262915,"Sridhar","Arif"
"Sales",262921,"Kaltofen","Abdelaziz"
"Sales",45093,"Yurov","Zhenbing"
"Sales",263545,"Radivojevic","Berthier"
"Sales",223176,"Koblick","Tzu"
"Sales",263599,"VanScheik","Fen"
"Sales",45062,"Hammerschmidt","Aemilian"
"Sales",263616,"Sadowski","Nagui"
"Sales",263634,"Pulkowski","Odinaldo"
"Sales",223549,"Luga","Genki"
"Sales",263864,"Bisiani","Doohun"
"Sales",263868,"Koprowski","Chinhyun"
"Sales",223550,"McFarlan","Seongbae"
"Sales",263910,"Heusch","DAIDA"
"Sales",461291,"Speek","Shigeichiro"
"Sales",45014,"Orsini","Souichi"
"Sales",44999,"Assaf","Chiradeep"
"Sales",263971,"Schlenzig","Lorien"
"Sales",263991,"Schoegge","Shigehiro"
"Sales",264110,"Piazza","Shiv"
"Sales",264125,"Thibadeau","Arnould"
"Sales",264164,"Edelhoff","Tsvetan"
"Sales",44748,"Curless","Tru"
"Sales",44715,"Warwick","Peternela"
"Sales",44697,"Kossowski","Niteen"
"Sales",223633,"Trogemann","Kazuhiko"
"Sales",264653,"Bage","Limsoon"
"Sales",264682,"Feinberg","Georgy"
"Sales",44667,"Trachtenberg","Gregory"
"Sales",265035,"Nastansky","Nidapan"
"Sales",265072,"Marzano","Udaiprakash"
"Sales",223650,"Silva","Greger"
"Sales",43624,"Pesch","Tokuyasu"
"Sales",265141,"Polupanov","Heekeun"
"Sales",265152,"Otillio","Subhrajyoti"
"Sales",265157,"Aamodt","Narain"
"Sales",224188,"Marrakchi","Fumiko"
"Sales",265365,"Reghbati","Tsz"
"Sales",43608,"Angiulli","Anoosh"
"Sales",288767,"Giveon","Brewster"
"Sales",43598,"Driscoll","Masoud"
"Sales",265434,"Cardazo","Yongmin"
"Sales",265467,"Schlumberger","Wuxu"
"Sales",43566,"Gecseg","Sreekrishna"
"Sales",224206,"Ciolek","Bilhanan"
"Sales",224233,"Crouzet","Xiaocheng"
"Sales",265558,"Kleiser","Susuma"
"Sales",224275,"Masaki","Sahrah"
"Sales",460770,"Bednarek","Fai"
"Sales",265610,"Jullig","Zine"
"Sales",460769,"Krogh","Valery"
"Sales",265652,"Bazelow","Mandell"
"Sales",268955,"Miyakawa","Jiann"
"Sales",43489,"Mullainathan","Arve"
"Sales",268990,"Detkin","Subhada"
"Sales",268992,"Genther","Basil"
"Sales",269007,"Hiyoshi","Huiqun"
"Sales",441011,"Murtha","Perry"
"Sales",269224,"Zwicker","Shahab"
"Sales",460698,"Atrawala","Moie"
"Sales",269284,"Kamber","Sampalli"
"Sales",269292,"Suri","Udaiprakash"
"Sales",224749,"Terekhov","Zorica"
"Sales",269334,"Hooghiemstra","Bokyung"
"Sales",269787,"Gire","Chenye"
"Sales",224795,"Shokrollahi","Chaitali"
"Sales",269802,"Tiemann","Gregory"
"Sales",269811,"Jansch","Khoa"
"Sales",269831,"Butner","Perry"
"Sales",269833,"Turnbull","Mihalis"
"Sales",269877,"Servi","Mads"
"Sales",270404,"Minakawa","Gaurav"
"Sales",270455,"Schreiter","Denny"
"Sales",224850,"Wroclawski","Edwin"
"Sales",270465,"Ozeki","Kellie"
"Sales",224863,"Penz","Sumali"
"Sales",43056,"Dayang","Djelloul"
"Sales",282343,"Haldar","Xinglin"
"Sales",43016,"Barbanera","Jayson"
"Sales",460655,"Azuma","Alenka"
"Sales",270931,"Hutton","Shaowen"
"Sales",271020,"Barinka","Jenwei"
"Sales",271030,"Crabtree","Adam"
"Sales",224949,"Hofmeyr","Zhanqiu"
"Sales",224952,"Hockney","Laurentiu"
"Sales",271131,"Kitai","Toshiko"
"Sales",42734,"Imataki","Hatsukazu"
"Sales",42722,"Nitsche","Hatem"
"Sales",224970,"Kalsbeek","Danai"
"Sales",282374,"Lalonde","Sachin"
"Sales",225051,"Reeken","Radhakrishnan"
"Sales",271353,"Waterhouse","Gor"
"Sales",271367,"Cannard","Hiroyasu"
"Sales",42659,"Perna","Eirik"
"Sales",42642,"Broder","Bluma"
"Sales",271455,"Krogh","Sven"
"Sales",271480,"Cooley","Arumugam"
"Sales",460631,"Walstra","Yoshinari"
"Sales",271516,"Thorensen","Fei"
"Sales",271526,"Spieker","Lakshmi"
"Sales",42124,"Kopetz","Selwyn"
"Sales",42121,"Auria","Tran"
"Sales",42110,"Zeleznik","Jaewoo"
"Sales",225107,"Fadgyas","Changho"
"Sales",42098,"Radhakrishnan","Bodo"
"Sales",271550,"Menhardt","Mats"
"Sales",271569,"Shigei","Tsz"
"Sales",42089,"Perko","Abdelghani"
"Sales",271592,"Swiss","Mansur"
"Sales",271600,"Birge","Koichi"
"Sales",271679,"Ladret","Shaz"
"Sales",42062,"Fujisawa","Dinah"
"Sales",271701,"Poehlman","Shooichi"
"Sales",271709,"Warwick","Toshimo"
"Sales",271778,"Aingworth","Samphel"
"Sales",225167,"Parascandalo","Mohan"
"Sales",271815,"Huttel","Martins"
"Sales",271854,"Zschoche","Horward"
"Sales",271865,"Kalefeld","Kellie"
"Sales",271867,"Aloia","Chenye"
"Sales",42045,"Massonet","Eberhardt"
"Sales",271913,"Steinauer","Hyuckchul"
"Sales",271921,"Asmuth","Nakhoon"
"Sales",272029,"Pietracaprina","Martien"
"Sales",272067,"Luff","Barton"
"Sales",272073,"Belinskaya","Valeska"
"Sales",272094,"Mamelak","Uli"
"Sales",272109,"Famili","Kellyn"
"Sales",272122,"Kabayashi","Isaac"
"Sales",41278,"Rosti","Fun"
"Sales",272150,"Karnin","Mariusz"
"Sales",272159,"Nilsson","Siddarth"
"Sales",282416,"Deville","Elgin"
"Sales",272180,"Bain","Kiyomitsu"
"Sales",272226,"Kornatzky","Ymte"
"Sales",272422,"Carrere","Takushi"
"Sales",225232,"Meriste","Pohua"
"Sales",282418,"Esteva","DAIDA"
"Sales",272450,"Boguraev","Serif"
"Sales",272467,"Picaronny","Kwangyoen"
"Sales",272471,"Gerteisen","Wayne"
"Sales",272493,"Ratnaker","Kerryn"
"Sales",272500,"Carrere","Mani"
"Sales",41201,"Munch","Kazuhito"
"Sales",272790,"Schiettecatte","Surveyors"
"Sales",272804,"Brookman","Jianwen"
"Sales",272807,"Eickenmeyer","Georg"
"Sales",272810,"Himler","Roded"
"Sales",41199,"Ouhyoung","Brewster"
"Sales",282425,"Bonifati","Tua"
"Sales",225280,"Miara","Perry"
"Sales",272864,"Hellwagner","Jiong"
"Sales",282430,"DasSarma","Shay"
"Sales",272882,"Fargier","Marit"
"Sales",41180,"Hertweck","Ennio"
"Sales",272892,"Schieder","Renee"
"Sales",272947,"Basawa","Kirk"
"Sales",272968,"Murrill","Martien"
"Sales",272981,"Demos","Gritta"
"Sales",460395,"Rosar","Salvador"
"Sales",272998,"Polajnar","Masako"
"Sales",273045,"Isard","Gunilla"
"Sales",40880,"Nanard","Ung"
"Sales",225375,"Gips","Weiye"
"Sales",273385,"Angelopoulos","Arumugam"
"Sales",273583,"Frijda","Fayez"
"Sales",273617,"Nyanchama","Theron"
"Sales",273694,"Coombs","Monique"
"Sales",282448,"Brobst","Jianwen"
"Sales",440999,"Pepe","Baruch"
"Sales",273847,"Bale","Kwangjo"
"Sales",40844,"Rohrbach","Martine"
"Sales",273944,"Baez","Ger"
"Sales",273954,"Plavsic","Slavian"
"Sales",273978,"Chenoweth","Huican"
"Sales",273988,"Pagter","Yongmin"
"Sales",273993,"Fontet","Kirk"
"Sales",40714,"Covnot","Lijie"
"Sales",274048,"Snyers","Susanna"
"Sales",40698,"Wissmann","Shan"
"Sales",274088,"Cronan","Katsuo"
"Sales",274098,"Swab","Tze"
"Sales",274110,"Schapire","Mahendra"
"Sales",440997,"Schapiro","Manton"
"Sales",40641,"Papadias","Eishiro"
"Sales",274253,"Vrecion","Yagil"
"Sales",274271,"Ritcey","Prodip"
"Sales",274282,"Bernatsky","Saeko"
"Sales",274284,"Jording","Youssef"
"Sales",274320,"Emmart","Erez"
"Sales",225496,"Belinskaya","Zhenbing"
"Sales",274378,"Luce","Jiang"
"Sales",274397,"Wendorf","Rimli"
"Sales",274454,"Renear","Howell"
"Sales",40294,"Kushner","Ingemar"
"Sales",274509,"Rothe","Nadjib"
"Sales",274540,"Atchley","Berry"
"Sales",40111,"Swist","Yagil"
"Sales",274604,"Veccia","Dung"
"Sales",274623,"Swick","Khoa"
"Sales",274625,"Assaf","Fatemeh"
"Sales",225557,"Terlouw","Odoardo"
"Sales",274663,"Bruckman","Kazuhiro"
"Sales",274688,"Schwartzbauer","Xiaoheng"
"Sales",274693,"Danecki","Aloys"
"Sales",274694,"Shimshoni","Youssef"
"Sales",274708,"Sidhu","Gilbert"
"Sales",274710,"Lubachevsky","Arfst"
"Sales",274730,"Chandrasekhar","Uma"
"Sales",225571,"Serre","Xinyu"
"Sales",460385,"Liesche","Kasidit"
"Sales",274768,"Acton","Torsten"
"Sales",274797,"Siochi","Masaki"
"Sales",225612,"Ellozy","Manu"
"Sales",274829,"Bugaenko","Vidar"
"Sales",274843,"Oxenboll","Munir"
"Sales",274849,"Beilner","Sigeru"
"Sales",274883,"Granlund","Renee"
"Sales",225669,"Khalid","Lokesh"
"Sales",275022,"Yoshimura","Lansing"
"Sales",275091,"Pouyioutas","Saeko"
"Sales",39991,"Griswold","Tristan"
"Sales",275202,"Pramanik","Ramachenga"
"Sales",275414,"Peron","Almudena"
"Sales",39779,"Zambonelli","Baziley"
"Sales",275484,"Thiran","Brewster"
"Sales",275502,"Muntz","Hailing"
"Sales",440961,"Snyers","Jouko"
"Sales",39774,"Giarratana","Shimshon"
"Sales",225716,"Zaccaria","Sadun"
"Sales",275556,"Grandbois","Jiakeng"
"Sales",275558,"Muhling","Vishu"
"Sales",460313,"Uludag","Christ"
"Sales",275576,"Hegner","Xiping"
"Sales",225730,"Kushnir","Arumugam"
"Sales",225738,"Vitiello","Mircea"
"Sales",225748,"Fendler","Bader"
"Sales",275634,"Beerel","Zhiwei"
"Sales",282530,"Radhakrishnan","Heping"
"Sales",275684,"McConalogue","Haldon"
"Sales",39751,"Joslin","Kristof"
"Sales",39733,"Perz","Nigel"
"Sales",282538,"Raney","Arch"
"Sales",275982,"Egerstedt","Arnould"
"Sales",276012,"Stanfel","Vasilis"
"Sales",225790,"Sambasivam","Saeed"
"Sales",39722,"Rosenbaum","Stella"
"Sales",39684,"Dratva","Kokou"
"Sales",276322,"Narahari","Quingbo"
"Sales",276329,"Condotta","Olivera"
"Sales",276331,"Pillow","Katsuyuki"
"Sales",276342,"Swiler","Gritta"
"Sales",276349,"Vigier","Susanna"
"Sales",276375,"DuBourdieux","Arnould"
"Sales",225838,"Matzov","Alselm"
"Sales",440949,"Budinsky","Tetsurou"
"Sales",276471,"Makrucki","Prodip"
"Sales",276473,"Shackell","Naftaly"
"Sales",276509,"Bala","Weicheng"
"Sales",276515,"Granlund","Hercules"
"Sales",276534,"Impagliazzo","Weiye"
"Sales",276561,"Gulik","Rance"
"Sales",276576,"McClurg","Guadalupe"
"Sales",276578,"Luff","Sibyl"
"Sales",39370,"Morrow","Seongbin"
"Sales",276596,"Gihr","Piyawadee"
"Sales",276649,"Sethi","Narain"
"Sales",226026,"Rosca","Subbu"
"Sales",226050,"Radivojevic","Torsten"
"Sales",276750,"Cummings","Shigehito"
"Sales",39291,"Kobuchi","Pranay"
"Sales",276825,"Pell","Sibyl"
"Sales",39097,"Luca","Toshimitsu"
"Sales",276882,"Ratzlaff","Deniz"
"Sales",226085,"Portugali","Kinh"
"Sales",277130,"Passino","Bojan"
"Sales",277198,"Zielinski","Sukumar"
"Sales",277209,"Levergood","Fox"
"Sales",277219,"Naumovich","Kenroku"
"Sales",277228,"Hofman","Udaiprakash"
"Sales",277236,"Busillo","Shrikanth"
"Sales",282574,"Guenter","Alain"
"Sales",277265,"Kriebel","Susanta"
"Sales",277291,"Kitsuregawa","Masako"
"Sales",277317,"Conte","Hyuckchul"
"Sales",277327,"Bressoud","Tzu"
"Sales",226131,"Collavizza","DeForest"
"Sales",277404,"Dechter","Goo"
"Sales",226151,"Basart","Evgueni"
"Sales",226157,"Budinsky","Noritoshi"
"Sales",277512,"Akiyama","Mana"
"Sales",226169,"Hertweck","Aiichiro"
"Sales",460186,"Papastamatiou","Zhanqiu"
"Sales",277588,"Guerreiro","Kensei"
"Sales",277614,"Benzmuller","Doowon"
"Sales",38985,"Braunschweig","Kellie"
"Sales",226191,"Jakobus","Toong"
"Sales",226244,"Deyuan","Venkatesan"
"Sales",277760,"Billawala","Filipe"
"Sales",277769,"Peng","Clyde"
"Sales",277795,"Wossner","Oksana"
"Sales",38763,"Angelov","Froduald"
"Sales",277890,"Ferretti","Fatemeh"
"Sales",277913,"Bernardinello","Oksana"
"Sales",277924,"Eugenio","Lihong"
"Sales",277926,"Solovay","Shaunak"
"Sales",38739,"VanScheik","Bedrich"
"Sales",277946,"Anandan","Gonzalo"
"Sales",277976,"Menhoudj","Divine"
"Sales",277987,"Schreiter","Weiyi"
"Sales",277992,"Schiper","Munenori"
"Sales",277994,"Kandlur","Hyuckchul"
"Sales",38708,"Radhakrishnan","Petter"
"Sales",278163,"Pagter","Fabrizio"
"Sales",278202,"Kilgour","Hirochika"
"Sales",226326,"Murthy","Premal"
"Sales",278295,"Teitelbaum","Tse"
"Sales",226360,"Kambil","Ymte"
"Sales",278345,"Schwaller","Marko"
"Sales",38641,"Rosaz","Zeljko"
"Sales",278427,"Bridgland","Mihalis"
"Sales",282594,"Stellhorn","Kankanahalli"
"Sales",278475,"Masand","Jixiang"
"Sales",278486,"Maraist","Aiichiro"
"Sales",226407,"Levasseur","Jianhui"
"Sales",226411,"Farris","Toshiko"
"Sales",38595,"Hempstead","Adel"
"Sales",278556,"Mitina","Zejun"
"Sales",278559,"Jarecki","Make"
"Sales",278564,"Flasterstein","Raimond"
"Sales",278577,"DiGiano","Morris"
"Sales",278588,"Comyn","Radhakrishnan"
"Sales",278611,"Matzat","Dung"
"Sales",38594,"Greenaway","Ult"
"Sales",278666,"Weiland","Honglan"
"Sales",278673,"Verspoor","Shuky"
"Sales",226486,"Rotem","Hinrich"
"Sales",278758,"Litecky","Radhika"
"Sales",226492,"Demian","Aiichiro"
"Sales",38583,"Orlowska","Xuedong"
"Sales",278874,"Walstra","Gudjon"
"Sales",278880,"Coorg","Xiaoqiu"
"Sales",278898,"Woycyznski","Ziva"
"Sales",278905,"Collette","Kirk"
"Sales",278967,"Candan","Arch"
"Sales",38568,"Piazza","Ayakannu"
"Sales",279011,"Segond","Amstein"
"Sales",279090,"Schrooten","Valter"
"Sales",279118,"Ramamoorthy","Remko"
"Sales",279121,"Keustermans","Narain"
"Sales",279140,"Esposito","Sahrah"
"Sales",279174,"Vitiello","Kirk"
"Sales",279178,"Koblitz","Mohd"
"Sales",279188,"Uludag","Tooru"
"Sales",279206,"Marrevee","Venkatesan"
"Sales",226623,"Wendorf","Sedat"
"Sales",279226,"Gopalakrishnan","Isaac"
"Sales",226629,"Itzfeldt","Nakhoon"
"Sales",38523,"Angiulli","Karoline"
"Sales",38499,"Klassen","Utpal"
"Sales",279279,"Azevdeo","Aron"
"Sales",279297,"Wendorf","Yuuichi"
"Sales",38488,"Merro","Guther"
"Sales",279323,"Gulik","Junsik"
"Sales",279393,"Montresor","Jixiang"
"Sales",279397,"Karcich","Elvis"
"Sales",279417,"Bamford","Zorica"
"Sales",279441,"Takkinen","Sahrah"
"Sales",38252,"Benzaken","Tadahiro"
"Sales",282663,"Jahnichen","Sreenivas"
"Sales",38232,"Ginesta","Garnik"
"Sales",279481,"Kropp","Doohun"
"Sales",460127,"Delgrange","Shuji"
"Sales",279499,"Underwood","Guangming"
"Sales",279506,"Selvestrel","Shih"
"Sales",279530,"Uchoa","Tonia"
"Sales",279540,"Aamodt","Luisa"
"Sales",279543,"Hagimont","Zhongwei"
"Sales",38215,"Bisiani","Zvonko"
"Sales",279644,"Gurbaxani","Yannis"
"Sales",279697,"Rajcani","Shahar"
"Sales",282672,"Babb","Kiam"
"Sales",279732,"Imataki","Sedat"
"Sales",226789,"Schmittgen","Khatoun"
"Sales",279746,"Baca","Yolla"
"Sales",226815,"Demke","Lena"
"Sales",38123,"Cummings","Kien"
"Sales",279848,"Spell","Divier"
"Sales",279851,"Hellwagner","Weicheng"
"Sales",279882,"Erez","Souichi"
"Sales",279942,"Valiente","Shih"
"Sales",37843,"Sudbeck","Shirish"
"Sales",279978,"Champarnaud","Ingemar"
"Sales",279986,"Cannard","Stella"
"Sales",226875,"Heydon","Aiman"
"Sales",280028,"Fetvedt","Freyja"
"Sales",37821,"Petereit","Vishwani"
"Sales",37586,"Jiang","Richard"
"Sales",280107,"Bael","Bader"
"Sales",37579,"Yemenis","Berthier"
"Sales",37574,"Falster","Dulce"
"Sales",289211,"Chinal","Conal"
"Sales",283965,"Lung","Alain"
"Sales",283973,"Berendt","Hongzue"
"Sales",283977,"Cappello","Erzsebet"
"Sales",283990,"Penz","Sibyl"
"Sales",284007,"Compeau","Seshu"
"Sales",284035,"Linnainmaa","Bartek"
"Sales",284036,"Rajcani","Gaetan"
"Sales",284044,"Puppe","Ibibia"
"Sales",284086,"Christianini","Marlo"
"Sales",287639,"Bage","Gro"
"Sales",287652,"Parhami","Kousuke"
"Sales",226975,"Khalil","Weicheng"
"Sales",226988,"Riefers","Kazuyasu"
"Sales",37559,"Dusink","Hausi"
"Sales",288819,"Lagarias","Ortrud"
"Sales",288837,"Rosch","Douadi"
"Sales",37558,"Thambidurai","Juichirou"
"Sales",288910,"Gniady","Kwan"
"Sales",288936,"Dulin","Susumu"
"Sales",282763,"Goodrum","Tianruo"
"Sales",227093,"Figueira","Beshir"
"Sales",288966,"Liedekerke","Honesty"
"Sales",227101,"Zeilberger","Piyawadee"
"Sales",37529,"Jording","Conrado"
"Sales",289051,"Bade","Mona"
"Sales",289063,"Alblas","Deniz"
"Sales",289068,"Rousseau","Arvind"
"Sales",289076,"Schueller","Manu"
"Sales",227133,"Michaels","Anyuan"
"Sales",289107,"Luef","Holgard"
"Sales",227148,"Georg","Duangkaew"
"Sales",289301,"Atchley","Danae"
"Sales",37477,"Babu","Byong"
"Sales",227162,"Gruenwald","Zeljko"
"Sales",289356,"Kobuchi","Yuqun"
"Sales",440931,"Dratva","Yinghua"
"Sales",37271,"Raoux","Falguni"
"Sales",289548,"Sifakis","Godehard"
"Sales",227220,"Gist","Amabile"
"Sales",289590,"Talmor","Shen"
"Sales",289591,"Felcyn","Kersti"
"Sales",289602,"Henseler","Ayakannu"
"Sales",289642,"Maquelin","Elzbieta"
"Sales",37236,"Luby","Ranan"
"Sales",37231,"Leonhardt","Vidya"
"Sales",289665,"Luga","Nahum"
"Sales",289676,"Ballarin","Vasiliy"
"Sales",289685,"Vanwelkenhuysen","Danae"
"Sales",37229,"Kawashima","Jiakeng"
"Sales",436438,"Gecseg","Stevo"
"Sales",37228,"Glinert","Mary"
"Sales",37195,"Spell","Akeel"
"Sales",289769,"Sichman","Genevieve"
"Sales",227320,"Munke","Yolla"
"Sales",282788,"Siprelle","Insup"
"Sales",289818,"Boguraev","Ashish"
"Sales",37194,"Beutelspacher","Zita"
"Sales",289842,"Kakkad","Percy"
"Sales",289862,"Deverell","Marin"
"Sales",289909,"Vecchio","Hilari"
"Sales",282791,"Erman","IEEE"
"Sales",290035,"Lieberherr","Zine"
"Sales",282810,"Merks","Zeljko"
"Sales",227401,"Madeira","Shigenori"
"Sales",290128,"Naumovich","Lenore"
"Sales",227412,"Vernadat","Shaowen"
"Sales",37109,"Varman","Pranjal"
"Sales",282812,"Demri","Eric"
"Sales",290238,"Bharadwaj","Zhensheng"
"Sales",290249,"Uehara","Pintsang"
"Sales",36904,"Usdin","Hailing"
"Sales",227459,"Schmiedel","Younwoo"
"Sales",290270,"Scallan","Zhaofang"
"Sales",290288,"Dulli","Cristinel"
"Sales",290579,"Weisert","Sverrir"
"Sales",290589,"Chleq","Jouni"
"Sales",290591,"Kobara","Dante"
"Sales",290620,"Hebert","Mayuko"
"Sales",290634,"Serre","Bernd"
"Sales",290806,"Kroft","Dung"
"Sales",290816,"Cochrane","Sachem"
"Sales",290875,"Cyne","Masako"
"Sales",290946,"Reutenauer","Abdelghani"
"Sales",290976,"Fargier","Supot"
"Sales",36874,"Aloia","Genki"
"Sales",36857,"Hennebert","Reinhold"
"Sales",291027,"Shanbhogue","Ipke"
"Sales",36849,"Cronau","Xiaopeng"
"Sales",36835,"Swick","Sarita"
"Sales",291140,"Bernardeschi","Abdulah"
"Sales",36827,"Stamatiou","Beshir"
"Sales",291319,"Frijda","Doowon"
"Sales",291359,"Swiler","Sreekrishna"
"Sales",228279,"Babu","Elgin"
"Sales",291366,"Reinhart","Kazuhira"
"Sales",291368,"Rodier","Gita"
"Sales",291378,"Erman","Munehiro"
"Sales",291380,"Miara","Mohammed"
"Sales",291385,"Anandan","Khun"
"Sales",228288,"Matzov","Junichi"
"Sales",291410,"Itschner","Kristof"
"Sales",228290,"Rousseau","Rasikan"
"Sales",291485,"Puppe","Akeno"
"Sales",228352,"Tasistro","Kien"
"Sales",291512,"Schlegelmilch","Chandrasekaran"
"Sales",291515,"Clouatre","Arne"
"Sales",291534,"Paciorek","Akhilish"
"Sales",291727,"Talmor","Yinghua"
"Sales",291776,"Itzfeldt","Tsutomu"
"Sales",291792,"Spieker","Takahira"
"Sales",228603,"Ladret","Constantino"
"Sales",291834,"Slutz","Miomir"
"Sales",291902,"Gerlach","Khaled"
"Sales",291939,"Conte","Dayanand"
"Sales",291960,"Heuser","Kenton"
"Sales",291992,"Domenig","Sangeeta"
"Sales",292043,"Jayawardene","Zhiwei"
"Sales",292106,"Shimshoni","Danil"
"Sales",282864,"Monarch","Baziley"
"Sales",292118,"Rodier","Ipke"
"Sales",459249,"Brookman","Tru"
"Sales",292317,"Moffat","Lijia"
"Sales",228685,"Zolotykh","Peer"
"Sales",292366,"Worfolk","Uinam"
"Sales",292396,"Czaja","Heejo"
"Sales",282868,"Cesareni","Lubomir"
"Sales",36613,"Servi","Leandro"
"Sales",292657,"Wossner","Udaiprakash"
"Sales",292662,"Juneja","Weiru"
"Sales",292675,"Ranze","Munehiko"
"Sales",292684,"Ecklund","Marc"
"Sales",36598,"Ducloy","Pranjal"
"Sales",292701,"Cichocki","Taizo"
"Sales",228913,"Bodoff","Zeljko"
"Sales",292766,"Veeraraghavan","Dines"
"Sales",36550,"Schwaller","Kensyu"
"Sales",292827,"Socorro","Unal"
"Sales",292838,"Servi","Jaewoo"
"Sales",440915,"Schreiter","Maia"
"Sales",36533,"Adachi","Arnould"
"Sales",292906,"Bale","Remmert"
"Sales",292911,"Diderrich","Thodoros"
"Sales",292918,"Zirintsis","Tristan"
"Sales",36526,"Hiroyama","Lene"
"Sales",292956,"Munch","Rutger"
"Sales",292976,"Passino","Pranay"
"Sales",293188,"Morrey","Waiman"
"Sales",293216,"Bridgland","Martial"
"Sales",36471,"Tokunaga","Jessie"
"Sales",293291,"Eugenio","Lidong"
"Sales",293303,"Ullian","Isamu"
"Sales",293310,"Nyanchama","Chandrasekaran"
"Sales",293312,"Pehl","Zito"
"Sales",36434,"Bolsens","Uinam"
"Sales",36430,"Ashish","Karlis"
"Sales",293565,"Swan","Jagoda"
"Sales",293607,"Randi","Masaru"
"Sales",36375,"Cunliffe","Moty"
"Sales",293653,"Ulupinar","Remzi"
"Sales",36372,"Conta","Ronghao"
"Sales",229710,"Engelmann","Heekeun"
"Sales",294011,"Solares","Guiseppe"
"Sales",294012,"Verhaegen","Mayumi"
"Sales",294015,"Auyong","Gen"
"Sales",459169,"Penz","Adel"
"Sales",36356,"Alblas","Susumu"
"Sales",294080,"Iwayama","Chenxi"
"Sales",294089,"Fabrizio","Susuma"
"Sales",294119,"Albarhamtoshy","Oldrich"
"Sales",294123,"Rattan","Goo"
"Sales",36345,"Bouloucos","Aimee"
"Sales",294142,"Kobuchi","Vojin"
"Sales",289227,"Vernadat","Amalendu"
"Sales",294418,"Tomescu","Filipp"
"Sales",229854,"Lamba","Hongzue"
"Sales",294531,"Nittel","Hideo"
"Sales",294542,"Birta","Manton"
"Sales",294569,"Silva","Huan"
"Sales",294657,"Selenyi","Vugranam"
"Sales",36301,"Wendorf","Takanari"
"Sales",36300,"Cyre","Magy"
"Sales",294729,"Chiola","Youjian"
"Sales",294731,"Zastre","Odysseas"
"Sales",294770,"Plavsic","Kwee"
"Sales",459162,"Pews","Ziva"
"Sales",459158,"Anger","Naftali"
"Sales",294843,"Pehl","Conor"
"Sales",36213,"Nitto","Vidar"
"Sales",294876,"Parveen","Shim"
"Sales",229917,"Morrey","Saeko"
"Sales",294898,"Ratnakar","Shmuel"
"Sales",229921,"Templeman","Bernt"
"Sales",36186,"Kavraki","Kazunori"
"Sales",295057,"Olano","Itzchak"
"Sales",295064,"Hertweck","Sadun"
"Sales",36175,"Auyong","Jiong"
"Sales",295074,"Yeung","Bojan"
"Sales",295103,"Validov","Xiaoqiang"
"Sales",36155,"Pepe","Nathalie"
"Sales",295290,"Sadowski","Berto"
"Sales",295351,"Barinka","Niranjan"
"Sales",230025,"Schauser","Stafford"
"Sales",295386,"Speek","Eldridge"
"Sales",295390,"Fendler","Toshimo"
"Sales",295420,"Kornatzky","Lorien"
"Sales",295434,"Kaiserswerth","Kasturi"
"Sales",295445,"Sudbeck","Phillip"
"Sales",36056,"Schaar","Mingsen"
"Sales",230283,"Axelband","Divine"
"Sales",230293,"Luke","Roddy"
"Sales",295590,"Hutter","Reuven"
"Sales",295592,"Lindqvist","Honesty"
"Sales",295637,"Huttel","Kersti"
"Sales",295648,"Perko","Aluzio"
"Sales",36030,"Kleiser","Berni"
"Sales",295723,"Jullig","Prasadram"
"Sales",295745,"DuCasse","Genta"
"Sales",295764,"Kalafatis","Serap"
"Sales",283015,"Cummings","Lucian"
"Sales",35987,"Bala","Wuxu"
"Sales",230393,"Benner","Mohua"
"Sales",295932,"Emmart","Nimmagadda"
"Sales",230418,"Pargaonkar","Hsiangchu"
"Sales",35961,"McClurg","Kwok"
"Sales",296197,"Gihr","Masami"
"Sales",35960,"Danlos","Adam"
"Sales",296245,"Murtha","Christophe"
"Sales",296261,"Herath","Anwar"
"Sales",296266,"Poehlman","Dinkar"
"Sales",35939,"Demri","Hiroyasu"
"Sales",296304,"Larfeldt","Stevo"
"Sales",35766,"Massonet","Huiqun"
"Sales",296509,"Mahmud","Olivera"
"Sales",296531,"Beausoleil","Shay"
"Sales",35741,"Peltason","Flemming"
"Sales",296574,"Uhrik","Rimon"
"Sales",296579,"Vecchi","Sahrah"
"Sales",296591,"Beilner","Munehiro"
"Sales",297340,"Famili","Lucian"
"Sales",297347,"Heyers","Werner"
"Sales",297407,"Babu","Jiakeng"
"Sales",297427,"Etalle","Heejo"
"Sales",297459,"Morton","Kendra"
"Sales",230511,"Matheson","Martine"
"Sales",297510,"Restivo","Gift"
"Sales",459105,"Hofstetter","Jaihie"
"Sales",35629,"Barbanera","Shooichi"
"Sales",297592,"Baezner","Goncalo"
"Sales",297594,"Picht","Atreye"
"Sales",35420,"Luiz","Odoardo"
"Sales",297637,"Glowinski","Munehiko"
"Sales",298238,"Simmel","Adin"
"Sales",298279,"Hoppenstand","Shaunak"
"Sales",298300,"Slutz","Tzvetan"
"Sales",298321,"Constantine","Toong"
"Sales",35397,"Slobodova","Kazuhira"
"Sales",298548,"Minakawa","Nagui"
"Sales",298573,"Homond","Tesuya"
"Sales",299528,"Trumbly","Mohan"
"Sales",299530,"Czap","Rafael"
"Sales",459063,"Veccia","Juichirou"
"Sales",299566,"Bala","Parviz"
"Sales",299600,"Azuma","Anestis"
"Sales",299619,"Ibel","Apostol"
"Sales",299628,"Makrucki","Zhaofang"
"Sales",459054,"Perko","Mabry"
"Sales",230845,"Rodier","Maja"
"Sales",299863,"Puoti","Otilia"
"Sales",35288,"McClurg","Iara"
"Sales",299893,"Danecki","Bedrich"
"Sales",230868,"Poulakidas","Zengping"
"Sales",299986,"Uehara","Yuping"
"Sales",401183,"Bernick","Jeong"
"Sales",401188,"Zucker","Amabile"
"Sales",35069,"Thorensen","Pranas"
"Sales",230911,"Haldar","Yongmin"
"Sales",440006,"Lindenbaum","Jinya"
"Sales",401320,"Birta","Premal"
"Sales",401534,"Woycyznski","Feipei"
"Sales",401554,"Kilgore","Angel"
"Sales",401570,"Famili","Hugo"
"Sales",401577,"Mapelli","Harngdar"
"Sales",401654,"Gammage","Lihong"
"Sales",401686,"Murtafg","Saeed"
"Sales",401700,"Pelz","Aloke"
"Sales",230964,"Perko","Teunis"
"Sales",401722,"Speek","Vojin"
"Sales",34961,"Dolinsky","Uno"
"Sales",439974,"Kuszyk","Yechezkel"
"Sales",231021,"Theuretzbacher","Shietung"
"Sales",289268,"Orsini","Xuejun"
"Sales",231042,"Christ","Luigi"
"Sales",34732,"Weiland","Mabry"
"Sales",402645,"Thorensen","Deborah"
"Sales",402647,"Simmel","Khue"
"Sales",402653,"Bade","Navin"
"Sales",402663,"Raczkowsky","Toshiki"
"Sales",402687,"Unni","Idoia"
"Sales",459008,"Muniz","Chaitali"
"Sales",283126,"Molenaar","Leaf"
"Sales",34682,"Benzmuller","Lucian"
"Sales",231121,"Passafiume","Mabo"
"Sales",403493,"Weisert","Marit"
"Sales",403501,"Fujisaki","Hatsukazu"
"Sales",403512,"Perin","Cathie"
"Sales",34679,"Soicher","Mayuri"
"Sales",403515,"Ladret","Mahendra"
"Sales",231127,"Kavvadias","Izaskun"
"Sales",403555,"Dalton","Gor"
"Sales",231128,"Deville","Francoise"
"Sales",403602,"Fadgyas","Adel"
"Sales",403628,"Shihab","Uli"
"Sales",403651,"Makrucki","Lucien"
"Sales",403747,"Valette","Giri"
"Sales",231222,"Reghbati","Gino"
"Sales",231230,"Rettelbach","Pasqua"
"Sales",403830,"Cyne","Padma"
"Sales",403847,"Gunderson","Khalid"
"Sales",403860,"Senzako","Pragnesh"
"Sales",403888,"Karner","Qunsheng"
"Sales",231239,"Farrel","Yonghoan"
"Sales",231256,"Luit","Lidong"
"Sales",404082,"Sommen","Goh"
"Sales",231259,"Christ","Dmitry"
"Sales",404101,"Taubman","Pantung"
"Sales",34429,"Bhattacharjee","Jianhua"
"Sales",404192,"Petersohn","Leandro"
"Sales",404194,"Perez","Mona"
"Sales",34419,"Lodder","Fuqing"
"Sales",404231,"Guerreiro","Adib"
"Sales",404237,"Plessier","Dietrich"
"Sales",231342,"Rando","Kankanahalli"
"Sales",404393,"Arlazarov","Elgin"
"Sales",231364,"Baja","Makato"
"Sales",404505,"Poujol","Billur"
"Sales",34372,"Fiutem","Sushant"
"Sales",34318,"Rande","Marko"
"Sales",34306,"Zeleznik","Basem"
"Sales",439938,"Soloway","Eben"
"Sales",34295,"Awdeh","Subhada"
"Sales",404649,"Molberg","Sreenivas"
"Sales",404678,"Larfeldt","Emran"
"Sales",439921,"Etalle","Adil"
"Sales",404733,"Farris","Eberhardt"
"Sales",34249,"Shinomoto","Jinxi"
"Sales",34238,"Asser","Parto"
"Sales",404944,"Braccini","Almudena"
"Sales",289284,"Furudate","Guozhong"
"Sales",404974,"Christ","Pragnesh"
"Sales",405023,"Leivant","Radhia"
"Sales",231494,"Ressouche","DAIDA"
"Sales",405065,"Barriga","Sadok"
"Sales",405134,"Lamba","Jovan"
"Sales",231527,"Diderrich","Limsoon"
"Sales",231531,"Casley","Mahendra"
"Sales",231556,"Turnbull","Magdalena"
"Sales",405264,"Schahn","Moto"
"Sales",405292,"Teitelbaum","Kazuhiko"
"Sales",405294,"Basawa","Shigenori"
"Sales",405295,"Strehl","Yinlin"
"Sales",405363,"Molenkamp","Yifei"
"Sales",231575,"Hofman","Kiyokazu"
"Sales",231577,"Bade","Ramzi"
"Sales",458947,"Poupard","Zhenhua"
"Sales",33916,"Barriga","Hauke"
"Sales",405847,"Danner","Fay"
"Sales",406066,"Hatcliff","Adamantios"
"Sales",406149,"Coombs","Zhenhua"
"Sales",406160,"Mukaidono","Foong"
"Sales",406161,"Butner","Tianruo"
"Sales",406376,"Schaaf","Weiru"
"Sales",33823,"Hebert","Greger"
"Sales",439884,"Bernardinello","Constantine"
"Sales",33804,"Nooteboom","Kiyomitsu"
"Sales",33771,"Kitsuregawa","Marek"
"Sales",406512,"Zaumen","Xiong"
"Sales",231694,"Mukaidono","Mayumi"
"Sales",231696,"Silva","Foong"
"Sales",406725,"Standera","Yonghoan"
"Sales",406747,"Birke","Huiqun"
"Sales",406826,"Linnainmaa","Zhaofang"
"Sales",406847,"Crouzet","Alexius"
"Sales",231738,"Bernardeschi","Kristin"
"Sales",407064,"Oxman","Odysseas"
"Sales",33552,"Penn","Nadjib"
"Sales",407071,"Matheson","Cordelia"
"Sales",407080,"Junot","Ortrud"
"Sales",407085,"Przulj","Vugranam"
"Sales",231740,"Gustavson","Kyoichi"
"Sales",33464,"Roccetti","Roddy"
"Sales",407320,"Valette","Danil"
"Sales",407360,"Ananiadou","Masamitsu"
"Sales",407404,"Kleiser","Serge"
"Sales",33443,"Breugel","Xinglin"
"Sales",407504,"Levasseur","Shigehiro"
"Sales",407527,"Chiodo","Leah"
"Sales",407573,"Peng","Lihong"
"Sales",33171,"Tchuente","Gill"
"Sales",407594,"Cannard","Carrsten"
"Sales",407597,"Rodiger","Minghong"
"Sales",407678,"Joslin","Shigeaki"
"Sales",33148,"Bael","Tetsushi"
"Sales",458938,"Llado","Remco"
"Sales",231881,"Conti","Huei"
"Sales",231892,"Morris","Yurii"
"Sales",33125,"Dulay","Jaewon"
"Sales",407865,"DiGiano","Hidde"
"Sales",407889,"Alpay","Mariusz"
"Sales",407928,"Bellone","Szabolcs"
"Sales",407947,"Dayana","Christoper"
"Sales",407971,"Hutter","Arnd"
"Sales",408025,"Ullian","Tooru"
"Sales",408033,"Greibach","Mahendra"
"Sales",408071,"Ghazalie","Kazuhisa"
"Sales",32846,"Leonhardt","Zito"
"Sales",231931,"Moehrke","Giao"
"Sales",32842,"Bierman","Jolita"
"Sales",231947,"Radivojevic","Vasilis"
"Sales",32838,"Zielinski","Berni"
"Sales",231955,"Kaltofen","Maha"
"Sales",408167,"Demizu","Greger"
"Sales",408240,"Pezzoli","Almudena"
"Sales",457361,"Kaiser","Iara"
"Sales",408287,"Pouyioutas","Padma"
"Sales",232006,"Siprelle","Wilmer"
"Sales",408306,"Nishimukai","Tooru"
"Sales",232013,"Falby","Hidde"
"Sales",408419,"Frezza","Chuanti"
"Sales",32513,"Swan","Sadok"
"Sales",408447,"Werthner","Mayuri"
"Sales",408509,"Stavenow","Nirmal"
"Sales",408747,"Christianini","Munenori"
"Sales",408770,"Bach","Odysseas"
"Sales",408779,"Aamodt","Tamiya"
"Sales",232233,"Lanteri","Mohd"
"Sales",408821,"Babb","Xiong"
"Sales",408828,"Borstler","Danny"
"Sales",290301,"Cannane","Gad"
"Sales",408859,"Bahk","Jacopo"
"Sales",32443,"Beznosov","Bernd"
"Sales",409060,"Kitai","Faiza"
"Sales",409065,"Binkley","Kitty"
"Sales",32260,"Baranowski","Sachem"
"Sales",409074,"Fujisawa","Berto"
"Sales",409076,"Selvestrel","Kwan"
"Sales",409093,"Falck","Anoosh"
"Sales",409110,"Nitto","Leon"
"Sales",409128,"Dichev","Caolyn"
"Sales",32236,"Perez","Fumiya"
"Sales",409155,"Yamaashi","Bikash"
"Sales",409204,"Grabner","Pragnesh"
"Sales",32222,"Clemencon","Hyuncheol"
"Sales",409211,"Rosca","Vitali"
"Sales",409237,"Srimani","Sampalli"
"Sales",409246,"Hutton","Khalid"
"Sales",32191,"Rahier","Lein"
"Sales",32178,"Redmiles","Gita"
"Sales",32138,"Facello","Anyuan"
"Sales",409283,"Schwartzbauer","Dzung"
"Sales",409295,"Verspoor","Garnet"
"Sales",409301,"Harllee","Florian"
"Sales",32103,"Senzako","Aloys"
"Sales",32075,"Merks","Shigeu"
"Sales",409386,"Mattern","Jackson"
"Sales",409404,"Hatcliff","Tzvetan"
"Sales",409471,"Christ","Ebru"
"Sales",409480,"Backhouse","Mrinalini"
"Sales",32019,"Shigei","Piyawadee"
"Sales",409565,"Yetim","Temple"
"Sales",409607,"Woycyznski","Qiwen"
"Sales",457280,"Fontan","Ebbe"
"Sales",32009,"Imataki","Hisao"
"Sales",409705,"Lanteri","Youpyo"
"Sales",32007,"Zykh","Licheng"
"Sales",409926,"Burnard","Makato"
"Sales",409928,"Horswill","Guoxiang"
"Sales",31958,"Onuegbe","Ziyad"
"Sales",409977,"Crouzet","Uinam"
"Sales",410016,"Mansanne","Mandell"
"Sales",410035,"Vecchio","Debatosh"
"Sales",232574,"Meriste","Aloys"
"Sales",232575,"Benaini","Froduald"
"Sales",410067,"Plump","Muzhong"
"Sales",410074,"Takanami","Jungsoon"
"Sales",31749,"Lowrie","Gopalakrishnan"
"Sales",283322,"Vakili","Gaetan"
"Sales",410117,"Beausoleil","Fumiyo"
"Sales",410125,"Comte","Otmar"
"Sales",410185,"Colorni","Paloma"
"Sales",232599,"Kropf","Haldon"
"Sales",410229,"Zultner","Holgard"
"Sales",31715,"Nitsche","Gou"
"Sales",410283,"Melichar","Kiyokazu"
"Sales",410329,"Poupard","Alagu"
"Sales",31706,"Redmiles","Howell"
"Sales",436972,"Suomi","Xiaopeng"
"Sales",31676,"Suessmith","Maik"
"Sales",410430,"Rusterholz","Tadahiro"
"Sales",457036,"Borstler","Vivian"
"Sales",457016,"Ciolek","Amabile"
"Sales",410521,"Lenart","Shigeu"
"Sales",31602,"Bernardinello","Indrajit"
"Sales",31595,"Barbanera","Stevo"
"Sales",410565,"Aseltine","Xiadong"
"Sales",232695,"Setiz","Perry"
"Sales",31363,"Merli","Hidde"
"Sales",411252,"Stafford","Gaetan"
"Sales",411303,"Luks","Junichi"
"Sales",411387,"Solares","Gor"
"Sales",412786,"Rubsam","Ronghao"
"Sales",31344,"Gerteisen","Saddek"
"Sales",412898,"Zolotykh","Mohan"
"Sales",283395,"Albarhamtoshy","Keung"
"Sales",232788,"Krupka","Mingsen"
"Sales",412951,"Barriga","Paris"
"Sales",412969,"Porenta","Youjian"
"Sales",412982,"Beznosov","Narain"
"Sales",413006,"Heping","Stepehn"
"Sales",413011,"Barinka","Khue"
"Sales",413040,"Pero","Gil"
"Sales",414926,"Limongiello","Mohua"
"Sales",232861,"Conta","Somnath"
"Sales",414956,"Besselaar","Yunming"
"Sales",414961,"Plavsic","Bernice"
"Sales",31313,"Tsukune","Qunsheng"
"Sales",414986,"Kuhnemann","Sanjit"
"Sales",414989,"Kambil","Theirry"
"Sales",415064,"Suwa","Subir"
"Sales",415243,"Riexinger","Neven"
"Sales",415262,"Kalsbeek","Weicheng"
"Sales",415265,"Birge","Alain"
"Sales",456995,"Attimonelli","Souichi"
"Sales",233083,"Przulj","Sanjay"
"Sales",415321,"Ruther","Fumiko"
"Sales",415384,"Serre","Janche"
"Sales",233117,"Hegner","Kristian"
"Sales",31069,"Mukaidono","Mingzeng"
"Sales",456958,"Barvinok","Alassane"
"Sales",416374,"Kropf","Vasilii"
"Sales",233163,"Ginneken","Jayson"
"Sales",233171,"Moffat","Jinya"
"Sales",233177,"Ashish","Pranav"
"Sales",416594,"Trystram","Vesna"
"Sales",416630,"Schonegge","Eben"
"Sales",31028,"Schmiedel","Luisa"
"Sales",233196,"Bottner","Masoud"
"Sales",31010,"Papsdorf","Gudjon"
"Sales",416932,"Erie","Katsuo"
"Sales",416947,"Chiodo","Tooru"
"Sales",416957,"Pollock","Magy"
"Sales",456934,"Kitsuregawa","Kitty"
"Sales",456563,"Laventhal","Jeanne"
"Sales",31006,"Pell","Serap"
"Sales",30969,"Imataki","Berry"
"Sales",233453,"Bhattacharjee","Nobuyoshi"
"Sales",233468,"Landherr","Theron"
"Sales",417621,"Spinelli","Premal"
"Sales",417638,"Ranai","Sushant"
"Sales",417649,"Hemaspaandra","Vatsa"
"Sales",417661,"Comte","Tetsurou"
"Sales",417670,"Ventosa","Susanta"
"Sales",30928,"Suppi","Arun"
"Sales",417672,"Peres","Xiaobin"
"Sales",417705,"Lammel","Kousuke"
"Sales",417730,"Kalsbeek","Sudharsan"
"Sales",417970,"Rosay","Aluzio"
"Sales",417971,"Barriga","Ulf"
"Sales",418020,"Peha","Tsutomu"
"Sales",418022,"Sury","Lidong"
"Sales",418026,"Mawatari","Hugh"
"Sales",456549,"Usdin","Adhemar"
"Sales",418108,"Conde","Shounak"
"Sales",418117,"Shobatake","Boguslaw"
"Sales",233559,"Jakobus","Sham"
"Sales",30724,"Serra","Shaz"
"Sales",418150,"Bojadziev","Huican"
"Sales",418154,"Lambe","Shichao"
"Sales",418201,"Gils","Francoise"
"Sales",418203,"Michaeli","Matk"
"Sales",418759,"Wegerle","Janche"
"Sales",233594,"Yamaashi","Xiahua"
"Sales",418786,"Chaudhuri","DAIDA"
"Sales",233625,"Perry","Byong"
"Sales",233655,"Parveen","Arch"
"Sales",418865,"Gihr","Luisa"
"Sales",418870,"Dulli","Garnik"
"Sales",30686,"Eterovic","Xianlong"
"Sales",30676,"Perez","Yonghoan"
"Sales",418913,"Zhang","Jaewon"
"Sales",418915,"Georgakopoulos","Sashi"
"Sales",456545,"Lemarechal","Youssef"
"Sales",419535,"Reinhard","Youssef"
"Sales",456533,"Miara","Uzi"
"Sales",419564,"Nitta","Junichi"
"Sales",419575,"Huhdanpaa","Etsuo"
"Sales",419585,"Pezzoli","Ramachenga"
"Sales",456516,"Jumpertz","Magy"
"Sales",283504,"Jeong","Koldo"
"Sales",30412,"Roohalamini","Yurii"
"Sales",233729,"Keohane","JiYoung"
"Sales",420357,"Rubsam","Bluma"
"Sales",30400,"Mukaidono","Kannan"
"Sales",420764,"Whittlesey","Raimond"
"Sales",420810,"Peir","Xuedong"
"Sales",233732,"Benaini","Alenka"
"Sales",233736,"Copas","Martins"
"Sales",420883,"Coorg","Vugranam"
"Sales",30302,"Sankaranarayanan","Amstein"
"Sales",233767,"Aloia","Maya"
"Sales",420924,"Staudhammer","Conor"
"Sales",420951,"Ventosa","Moriyoshi"
"Sales",420959,"Grandbois","Sanjiv"
"Sales",420964,"Levasseur","Roddy"
"Sales",421033,"Randt","Garnik"
"Sales",290357,"Cunliffe","Kasturi"
"Sales",421073,"Sullins","Kish"
"Sales",233840,"Varker","Demos"
"Sales",421127,"Krohn","Kiyotoshi"
"Sales",30260,"Feinberg","Trygve"
"Sales",421171,"Wroclawski","Hilari"
"Sales",30253,"Valette","Renee"
"Sales",283548,"Perl","Zhensheng"
"Sales",421220,"Muniz","Sreekrishna"
"Sales",421454,"Ferretti","Geoff"
"Sales",233923,"Thebaut","Dekang"
"Sales",233924,"Baaz","Murthy"
"Sales",233961,"Isaac","DeForest"
"Sales",421774,"Chleq","Brewster"
"Sales",421789,"Szilard","Mingdong"
"Sales",233963,"Rindone","Saeko"
"Sales",421796,"Apsitis","Yakkov"
"Sales",30077,"Yurek","Shim"
"Sales",421834,"Thummel","Ortrud"
"Sales",421859,"Heyers","Renee"
"Sales",421867,"Kakkar","Fumitake"
"Sales",30049,"Copas","Along"
"Sales",456477,"Babb","Uta"
"Sales",422126,"Pearson","Make"
"Sales",422156,"Cardazo","Chikara"
"Sales",422183,"Langford","Wilmer"
"Sales",422195,"Angelopoulos","Guoxiang"
"Sales",456423,"Ratnakar","Willard"
"Sales",422217,"Beutelspacher","Ebbe"
"Sales",283573,"Flanders","Martine"
"Sales",422315,"Jervis","Kristen"
"Sales",422317,"Fiutem","Serap"
"Sales",422350,"Sessa","Ghassan"
"Sales",422354,"Bach","Tadahiko"
"Sales",422363,"Pramanik","Tetsurou"
"Sales",422378,"Karlin","Tsvetan"
"Sales",422395,"Bach","Marek"
"Sales",422397,"Schiettecatte","Gor"
"Sales",422448,"Swick","Ugo"
"Sales",422470,"Androutsos","Arvin"
"Sales",29967,"Terwilliger","Oddvar"
"Sales",29951,"Plump","Giri"
"Sales",29729,"Bernatsky","Alassane"
"Sales",422698,"Maraist","Lobel"
"Sales",422715,"Conde","Rafail"
"Sales",234195,"Terkki","Luerbio"
"Sales",422963,"Birdsall","Jiafu"
"Sales",29699,"Unni","Manohar"
"Sales",29681,"Georgatos","Xinyu"
"Sales",423044,"Denny","Chiranjit"
"Sales",423064,"Peck","Vasilis"
"Sales",29667,"Debuse","Sampalli"
"Sales",234218,"Turnbull","Khue"
"Sales",29666,"Thummel","Yonghong"
"Sales",29639,"Zielinski","Radhika"
"Sales",423193,"Heydon","Morris"
"Sales",423226,"Szmurlo","Tadahiro"
"Sales",423273,"Saoudi","Gen"
"Sales",29364,"Kilgore","Billie"
"Sales",283589,"Lamparter","Ravishankar"
"Sales",423341,"Terkki","Jiann"
"Sales",423440,"Basagni","Lokesh"
"Sales",283613,"Matzat","Kshitij"
"Sales",455853,"Cannane","Premsyl"
"Sales",423583,"Kragelund","Remmert"
"Sales",29302,"Leslie","Sashi"
"Sales",29296,"Lunt","Kwan"
"Sales",423793,"Schwaller","Shih"
"Sales",29291,"Emiris","Guiseppe"
"Sales",234479,"Manderick","Shiv"
"Sales",455852,"Fordan","Arra"
"Sales",423874,"Gewali","Paris"
"Sales",29252,"Butner","Sibyl"
"Sales",424109,"Halevi","Iara"
"Sales",424122,"Poujol","Leszek"
"Sales",424123,"Bugaenko","Arto"
"Sales",424136,"Gniady","Mads"
"Sales",234509,"Peron","Maia"
"Sales",424226,"Emmart","Wojceich"
"Sales",424234,"Pettit","Jacqueline"
"Sales",424453,"Pettit","Mooi"
"Sales",424467,"Hockney","Udo"
"Sales",234791,"Lund","Moie"
"Sales",424506,"Ebeling","Aron"
"Sales",424517,"Boissier","Gianluca"
"Sales",424616,"Roison","Xiaoqiu"
"Sales",28856,"Soloway","Aruna"
"Sales",424666,"Lambe","Ingmar"
"Sales",424673,"Asser","Stevo"
"Sales",28823,"Skafidas","Tonny"
"Sales",424718,"Smeets","Petter"
"Sales",28774,"Hebden","Ravishankar"
"Sales",424792,"Bruckman","Huican"
"Sales",424805,"Zallocco","Jacqueline"
"Sales",424811,"Reutenauer","Tomokazu"
"Sales",424922,"Streng","Christoper"
"Sales",234924,"Kading","Stein"
"Sales",424960,"Harbusch","Qunsheng"
"Sales",28522,"Montresor","Thanasis"
"Sales",455754,"Cappello","Suebskul"
"Sales",425287,"Naumovich","Rance"
"Sales",234970,"Kusakabe","Waiman"
"Sales",425328,"Salvesen","Theron"
"Sales",425345,"Georgatos","Michaela"
"Sales",425352,"Gluchowski","Kamakshi"
"Sales",425366,"Kawashima","Hyuckchul"
"Sales",234986,"Setiz","Sanjai"
"Sales",425445,"Eldridge","Bouchung"
"Sales",425476,"Negoita","Khoa"
"Sales",455219,"Chelton","Kazuhiro"
"Sales",425501,"Alameldin","Manton"
"Sales",425509,"Pelz","Miomir"
"Sales",425522,"Cannard","Sadun"
"Sales",425532,"Setia","Pohua"
"Sales",425547,"Hasham","Remko"
"Sales",425636,"Picaronny","Danco"
"Sales",235055,"Welham","Jaideep"
"Sales",425645,"Matheson","Pranas"
"Sales",425655,"Klyachko","Kinh"
"Sales",455211,"Olivero","Mohit"
"Sales",28190,"Perry","Xiping"
"Sales",455204,"Conte","Eckart"
"Sales",425752,"Hiyoshi","Oscar"
"Sales",235066,"Ritzmann","Ute"
"Sales",235081,"Weedon","Shen"
"Sales",425814,"Thisen","Xiaoqiang"
"Sales",425829,"Barriga","Falguni"
"Sales",425906,"Dalphin","Munir"
"Sales",28159,"Takanami","Chrisa"
"Sales",425927,"Wielonsky","Aram"
"Sales",425972,"Vrecion","Arch"
"Sales",426002,"Thiria","Terresa"
"Sales",426032,"Danecki","Dannz"
"Sales",28100,"Mikschl","Jiann"
"Sales",426058,"Sifakis","Kristin"
"Sales",28095,"Armand","Stabislas"
"Sales",426147,"Viele","Arne"
"Sales",426311,"Passino","Aamod"
"Sales",426324,"Bale","Flemming"
"Sales",426367,"Nitta","Qiwen"
"Sales",26922,"Emmerich","Sven"
"Sales",426483,"Gammage","Sachem"
"Sales",426545,"Erdi","Jiang"
"Sales",426590,"Narahara","Bernt"
"Sales",426790,"Kropf","Sailaja"
"Sales",283648,"Viele","Cordelia"
"Sales",426868,"Usery","George"
"Sales",426897,"Otillio","Gennadi"
"Sales",283668,"Kuhnemann","Jiakeng"
"Sales",426932,"dAstous","Branimir"
"Sales",26849,"Murillo","Zhensheng"
"Sales",26842,"Renear","Youssef"
"Sales",283694,"Heemskerk","Karlis"
"Sales",427193,"Staudhammer","Lokesh"
"Sales",283704,"Demeyer","KayLiang"
"Sales",427219,"Iisaka","Chenyi"
"Sales",26797,"Jording","Karlis"
"Sales",427325,"Krybus","Claude"
"Sales",26760,"Basawa","Kazuyasu"
"Sales",427342,"Waterhouse","Anestis"
"Sales",235364,"Keohane","Marie"
"Sales",427451,"Sichman","Hugh"
"Sales",427488,"Norsworthy","Bingning"
"Sales",427489,"Akazan","Torsten"
"Sales",235382,"Pillow","Ghassan"
"Sales",427519,"Decaestecker","Tadanori"
"Sales",427527,"Sidje","Shridhar"
"Sales",427550,"Mullainathan","Renee"
"Sales",427562,"Cannane","Maia"
"Sales",427569,"Hebert","Kagan"
"Sales",235407,"Fioravanti","Joydip"
"Sales",427623,"Itschner","Shaunak"
"Sales",26391,"Kermarrec","Baoqiu"
"Sales",235411,"Litzler","Mingzeng"
"Sales",427718,"Heijenga","Mark"
"Sales",427767,"Picci","Kien"
"Sales",427779,"Cardazo","Idoia"
"Sales",427781,"Usdin","Luise"
"Sales",235445,"McClurg","Takushi"
"Sales",235447,"Tagansky","Rildo"
"Sales",235453,"Erbe","Moheb"
"Sales",452044,"Marchesini","Vincent"
"Sales",436950,"Laurillard","Rafols"
"Sales",427999,"Serdy","Steve"
"Sales",428004,"Prenel","Weiye"
"Sales",428020,"Tiemann","Toshimitsu"
"Sales",235511,"Bisiani","Marco"
"Sales",428466,"Olano","Jianhua"
"Sales",428502,"Miara","Shaunak"
"Sales",428544,"Fabrizio","Gao"
"Sales",428569,"Pollacia","Aimee"
"Sales",428584,"Gluchowski","Maria"
"Sales",428617,"Stassinopoulos","Haldon"
"Sales",26116,"Beausoleil","Mohammad"
"Sales",26089,"Heemskerk","Theron"
"Sales",26086,"Beutelspacher","Turgut"
"Sales",429156,"Sundgren","Ioana"
"Sales",26067,"Katzenelson","Premal"
"Sales",429178,"Servi","Fabrizio"
"Sales",429208,"Servi","Sanjit"
"Sales",235586,"Rissanen","Takahiro"
"Sales",26053,"Szmurlo","Heekeun"
"Sales",429266,"Gischer","Lene"
"Sales",429281,"Erdmenger","Gen"
"Sales",26049,"Chvatal","Shuji"
"Sales",452010,"Nyanchama","Padma"
"Sales",429355,"Valette","Wilmer"
"Sales",283775,"Usery","Moni"
"Sales",429380,"Kowalchuk","Foong"
"Sales",235647,"Parhami","Adin"
"Sales",25978,"Matzel","Poorav"
"Sales",429414,"Mahmud","Zongyan"
"Sales",429509,"Vickson","Moss"
"Sales",25929,"Matheson","Danae"
"Sales",429518,"Poujol","Tomokazu"
"Sales",429525,"Oehlmann","Mrinalini"
"Sales",235661,"Menhardt","Along"
"Sales",25717,"Speek","Froduald"
"Sales",429584,"Schaad","Bouchung"
"Sales",25699,"Gecsel","Chanjung"
"Sales",25695,"Erdi","Radhika"
"Sales",431050,"Puoti","Abdulah"
"Sales",431067,"Masamoto","Billie"
"Sales",25655,"Theuretzbacher","Dung"
"Sales",431132,"Sudbeck","Ranga"
"Sales",431135,"Zuberek","Marsja"
"Sales",431833,"Bahk","Flemming"
"Sales",431839,"Heemskerk","Shawna"
"Sales",451936,"Krohm","Hugo"
"Sales",431848,"Preusig","Nahum"
"Sales",431863,"Bierbaum","Kiyotoshi"
"Sales",25643,"Peak","Adin"
"Sales",235740,"Baer","Arco"
"Sales",25641,"Michaeli","Sven"
"Sales",432159,"Michaeli","Manibrata"
"Sales",432164,"Capobianchi","Leif"
"Sales",235753,"DeMori","Oguz"
"Sales",432248,"Kakkad","Shuho"
"Sales",235764,"Back","Janche"
"Sales",432273,"Larfeldt","Subhrajyoti"
"Sales",235775,"Driscoll","Chriss"
"Sales",432499,"Boissier","Rafols"
"Sales",432618,"Rahier","Luigi"
"Sales",439568,"Etalle","Yinlin"
"Sales",25565,"Levergood","Guangming"
"Sales",25564,"Sgarro","Flemming"
"Sales",432942,"Bahr","Boutros"
"Sales",25388,"Genther","Constantino"
"Sales",432989,"Worfolk","Toshimo"
"Sales",433019,"Borovoy","Aron"
"Sales",235854,"Pietrzykowski","Eirik"
"Sales",433052,"Schaap","Renny"
"Sales",25371,"Ishibashi","Goh"
"Sales",433072,"Herber","Shuzo"
"Sales",433109,"Malabarba","Arie"
"Sales",433132,"Delgrange","Ronnie"
"Sales",433138,"Seuren","Garnik"
"Sales",434045,"Bennet","Marsha"
"Sales",434071,"Dymetman","Aruna"
"Sales",434076,"Benaini","Toshimo"
"Sales",25298,"Gronowski","Junsik"
"Sales",235889,"Manderick","Bangqing"
"Sales",235890,"Merkl","Billur"
"Sales",434356,"Billawala","Odysseas"
"Sales",434402,"Bazelow","Huiqun"
"Sales",434409,"Adachi","Feipei"
"Sales",434426,"Furedi","Ayonca"
"Sales",434431,"Hiroyama","Berto"
"Sales",434672,"Sherertz","Radhika"
"Sales",434706,"Bridgland","Haldon"
"Sales",434747,"Anido","Jacqueline"
"Sales",434748,"Karlin","Moty"
"Sales",434756,"Gecseg","Kazuhiko"
"Sales",434781,"Rosay","Guozhong"
"Sales",434786,"Broder","Tremaine"
"Sales",25235,"Schaaf","Deborah"
"Sales",434810,"Jeansoulin","Masaru"
"Sales",435674,"Mandell","Sanjay"
"Sales",235979,"Huhdanpaa","Hatem"
"Sales",435782,"Bolotov","Shugo"
"Sales",435785,"Validov","Yongmin"
"Sales",435795,"Hennebert","Oscal"
"Sales",283847,"Barriga","Fai"
"Sales",236039,"Spell","Yaghout"
"Sales",236056,"Sudbeck","Mart"
"Sales",25057,"Standera","TRUE"
"Sales",236063,"Bisiani","Gio"
"Sales",436160,"Swiss","Vitali"
"Sales",436254,"Bellone","Tsutomu"
"Sales",436271,"Neimat","Suvo"
"Sales",436274,"Mahmud","Danae"
"Sales",436280,"Bridgland","Magdalena"
"Sales",436288,"Detkin","Xiaocheng"
"Sales",436290,"Brender","Lalit"
"Sales",236254,"Velasco","Sakthirel"
"Sales",436537,"Mitchem","Saeko"
"Sales",436542,"Delgrossi","Branimir"
"Sales",436695,"Frolund","Aral"
"Sales",436744,"Luders","Remzi"
"Sales",25003,"Benzmuller","Dietrich"
"Sales",236279,"Nitsch","Souichi"
"Sales",436814,"Rando","Renny"
"Sales",236281,"Conti","Gurbir"
"Sales",437024,"Jullig","Ioana"
"Sales",437028,"Hutton","Zejun"
"Sales",24967,"Birta","Kwok"
"Sales",437111,"Wissmann","Changho"
"Sales",437137,"Lunn","Xiaoqiu"
"Sales",437161,"Alpay","Niclas"
"Sales",437167,"Perfilyeva","Valery"
"Sales",437172,"Srimani","Salvador"
"Sales",437189,"Markovitch","Rafols"
"Sales",437236,"Asrin","Remmert"
"Sales",437245,"Baezner","Gro"
"Sales",437317,"Terekhov","Tonny"
"Sales",437580,"Schlumberger","Siddarth"
"Sales",437585,"Peral","Yucai"
"Sales",437598,"Ratnaker","Younwoo"
"Sales",437857,"Ventosa","Christoper"
"Sales",437889,"Rosay","Dannz"
"Sales",24810,"Serot","Kristen"
"Sales",437902,"Ranai","Mechthild"
"Sales",451740,"Krone","Heping"
"Sales",437985,"Munke","Reuven"
"Sales",24807,"Garnham","Valeri"
"Sales",438216,"Szmurlo","Frazer"
"Sales",438507,"Terwilliger","Val"
"Sales",438516,"Kranzdorf","Shir"
"Sales",438522,"Majewski","Sailaja"
"Sales",24768,"Atrawala","Remco"
"Sales",438526,"Dulin","Sverrir"
"Sales",24759,"Sommen","Chaosheng"
"Sales",438619,"Sichman","Chiranjit"
"Sales",438622,"Binding","Vatsa"
"Sales",438643,"Naudin","Patricio"
"Sales",438676,"Mikschl","Conal"
"Sales",438688,"Perly","Aiman"
"Sales",438715,"Garnick","Idoia"
"Sales",438722,"Tibblin","Steve"
"Sales",451656,"Armand","Shem"
"Sales",438750,"Yurov","Yurij"
"Sales",438754,"Nittel","Jinxi"
"Sales",438768,"Comte","Toney"
"Sales",438771,"Barreiro","Basim"
"Sales",24539,"Theuretzbacher","Shounak"
"Sales",24530,"Bhattacharjee","Shen"
"Sales",439397,"Bennet","Serif"
"Sales",236671,"Spieker","Zhenhua"
"Sales",24502,"Ratnakar","Takahiro"
"Sales",439430,"Farrel","Leucio"
"Sales",439433,"Godskesen","Subhrajyoti"
"Sales",236711,"Gornas","Fabrizio"
"Sales",439717,"Mundy","Fei"
"Sales",439718,"Gelosh","Zijian"
"Sales",439724,"Eiter","Kersti"
"Sales",439825,"Felder","Percy"
"Sales",439836,"Hasenauer","Jiong"
"Sales",440022,"Denna","Xinan"
"Sales",440068,"Perfilyeva","Zongyan"
"Sales",440104,"Setia","Martial"
"Sales",24452,"Basart","Ayakannu"
"Sales",439516,"Sichman","Marke"
"Sales",440218,"Simmen","Shigeo"
"Sales",440251,"Yurek","Josyula"
"Sales",440255,"Schlenzig","Margareta"
"Sales",24449,"Servi","Marsja"
"Sales",440302,"Christ","Subhrajyoti"
"Sales",440353,"Monarch","Sigeru"
"Sales",440354,"Rossi","Tomoyuki"
"Sales",440356,"Zeidenstein","Kiyotoshi"
"Sales",236748,"Goodrum","Masadi"
"Sales",440370,"Gunderson","Fumiya"
"Sales",236754,"Pena","Aris"
"Sales",24443,"Usdin","Rasiah"
"Sales",440415,"Pettis","Chrisa"
"Sales",24429,"Anger","Murthy"
"Sales",284161,"Hiroyama","Kazuhide"
"Sales",440517,"Bashian","Armond"
"Sales",440572,"Gomatam","Shaowen"
"Sales",451623,"Waymire","Xinan"
"Sales",24406,"Bernatsky","Mang"
"Sales",440665,"Basagni","Tokuyasu"
"Sales",440724,"Chleq","Hilari"
"Sales",440725,"Angel","Fayez"
"Sales",440728,"Lieblein","Hitomi"
"Sales",236829,"Tagansky","Itzchak"
"Sales",236841,"Neiman","Kazuhiro"
"Sales",440792,"Chinin","Rutger"
"Sales",440837,"Garnier","Mostafa"
"Sales",441032,"Vanwelkenhuysen","Shay"
"Sales",451592,"Przulj","Tze"
"Sales",441186,"Vesna","Lubomir"
"Sales",441189,"Nations","Frazer"
"Sales",441195,"Egerstedt","Sajjan"
"Sales",236919,"Bernick","Duri"
"Sales",236927,"Pillow","Ayonca"
"Sales",24343,"Baca","Uri"
"Sales",441256,"Ventosa","Xuejia"
"Sales",24324,"Hettesheimer","Geoffry"
"Sales",290442,"Kragelund","Djenana"
"Sales",24290,"Bernini","Chikako"
"Sales",441315,"Smeets","Shem"
"Sales",24252,"Koshino","Jenwei"
"Sales",441346,"Birge","Arvin"
"Sales",441352,"Menyhert","Christoper"
"Sales",24233,"Rosiles","Gen"
"Sales",451578,"Maksimenko","Ranga"
"Sales",441497,"Reutenauer","Parto"
"Sales",441503,"Kaiserswerth","Chuanti"
"Sales",441504,"Gulak","Abdulah"
"Sales",284206,"Olivero","Akemi"
"Sales",237047,"Peres","Akeel"
"Sales",441612,"Vural","Hugo"
"Sales",441699,"Lorcy","Paris"
"Sales",441748,"Perz","Tomofumi"
"Sales",441756,"McAffer","Magdalena"
"Sales",441762,"Delaune","Mircea"
"Sales",237121,"Facello","Constantijn"
"Sales",237131,"Orsini","Shem"
"Sales",24074,"Jayawardene","Guozhong"
"Sales",441888,"Rosca","Jaewoo"
"Sales",24069,"Cmelik","Khoa"
"Sales",441952,"Murrill","Manton"
"Sales",441955,"Sommer","Sudhanshu"
"Sales",442046,"Massonet","Shir"
"Sales",442049,"Rando","Chuanti"
"Sales",442079,"Pardalos","Masato"
"Sales",237226,"Chinen","Satosi"
"Sales",23976,"Lindqvist","Sivanarayana"
"Sales",442138,"Lienhardt","Yunming"
"Sales",442190,"Sewelson","Weiyi"
"Sales",23919,"Seiwald","Kwok"
"Sales",442247,"Papastamatiou","Achilleas"
"Sales",442256,"Baca","Khalil"
"Sales",442274,"Limongiello","Anestis"
"Sales",237256,"Kieras","Brigham"
"Sales",442339,"Rouquie","Matt"
"Sales",442348,"Jording","Limsoon"
"Sales",237280,"Peris","Vatsa"
"Sales",451505,"Levergood","Kerryn"
"Sales",23891,"Terlouw","Sajjan"
"Sales",23874,"Fujisaki","Tadahiko"
"Sales",23870,"Veeraraghavan","Sangeeta"
"Sales",237338,"Akaboshi","Rildo"
"Sales",442649,"Vendrig","Utz"
"Sales",237359,"Brickell","Brewster"
"Sales",23814,"Garnham","Jovan"
"Sales",442812,"Rodiger","Hugo"
"Sales",442817,"Matzat","Tianruo"
"Sales",451457,"Fritzsche","Sanjay"
"Sales",443394,"Senzako","Frederique"
"Sales",443481,"Benaini","Theirry"
"Sales",290448,"Hofstetter","Tomokazu"
"Sales",284265,"Lubachevsky","Christoph"
"Sales",451441,"Rijckaert","Sahrah"
"Sales",284273,"Meriste","Ohad"
"Sales",443564,"Brandsma","Jouko"
"Sales",443585,"Fiutem","Ugo"
"Sales",443646,"Mitchem","LiMin"
"Sales",23763,"Gopalakrishnan","Jacqueline"
"Sales",237425,"Murillo","Divine"
"Sales",443745,"Birke","Valdiodio"
"Sales",443799,"Kavraki","Zhonghui"
"Sales",237439,"Shiratori","Reinhold"
"Sales",443840,"Fairtlough","Oguz"
"Sales",443851,"Berztiss","Tadanori"
"Sales",443879,"Krupka","Danil"
"Sales",443893,"Strehl","Richard"
"Sales",443903,"Peltason","Amstein"
"Sales",443940,"Soloway","Tayeb"
"Sales",284275,"Ramaiah","Adhemar"
"Sales",443974,"Miyakawa","Bernd"
"Sales",444008,"Stemann","Munehiko"
"Sales",439326,"Ruther","Chandrasekaran"
"Sales",444058,"Stemann","Xudong"
"Sales",444061,"Merks","Gal"
"Sales",444099,"Worfolk","Kousuke"
"Sales",444161,"Lenart","Elgin"
"Sales",237509,"Haraldson","Sandeepan"
"Sales",444897,"Luke","Cathie"
"Sales",237533,"Luca","Kirk"
"Sales",237563,"Asser","Suebskul"
"Sales",444986,"Eldridge","Masaki"
"Sales",23628,"Kalorkoti","Radhakrishnan"
"Sales",444995,"Usdin","Suzette"
"Sales",444999,"Rosca","Arvin"
"Sales",445002,"Remmers","Candida"
"Sales",237565,"Merel","Margareta"
"Sales",445220,"Luft","Florina"
"Sales",445236,"Kemmerer","Bernd"
"Sales",445249,"Gargeya","Nobuyoshi"
"Sales",237588,"Passino","Bartek"
"Sales",445278,"Joslin","Khue"
"Sales",445279,"Bultermann","Zeydy"
"Sales",284328,"Pluym","Roddy"
"Sales",445351,"Granlund","Susanna"
"Sales",445447,"Szmurlo","Joydip"
"Sales",284335,"Zaiane","Xuedong"
"Sales",237694,"Riefers","Munenori"
"Sales",237702,"Clemencon","Moheb"
"Sales",237716,"Ghazalie","Uriel"
"Sales",23605,"Clouatre","Arif"
"Sales",445627,"Melichar","Peer"
"Sales",23603,"Kohling","Sandeepan"
"Sales",446893,"Koblick","Mooi"
"Sales",446951,"Hofman","Udaiprakash"
"Sales",23594,"Anido","Mooi"
"Sales",447030,"Isaak","Hairong"
"Sales",447562,"Dichev","Fen"
"Sales",447602,"Cardazo","Abdelghani"
"Sales",447635,"Ranft","Kitty"
"Sales",447664,"Bage","Vidar"
"Sales",447886,"Conta","Marsal"
"Sales",284385,"Marletta","Xiaocheng"
"Sales",237812,"Gischer","Xiadong"
"Sales",447980,"Nishimukai","Kristinn"
"Sales",447993,"Coombs","Hugh"
"Sales",448032,"Merey","Masoud"
"Sales",448035,"Deyuan","Hitofumi"
"Sales",448231,"Bauknecht","Goncalo"
"Sales",448273,"Mungall","Kirk"
"Sales",448300,"Menhardt","Tse"
"Sales",290667,"Vandervoorde","Mingsen"
"Sales",237885,"Oppitz","Willard"
"Sales",23416,"Kaiser","Werner"
"Sales",448491,"Matzel","Danil"
"Sales",448527,"Birdsall","Basant"
"Sales",237944,"Pellegrinelli","Sivanarayana"
"Sales",448538,"Anger","Gunilla"
"Sales",451268,"Poulakidas","Fei"
"Sales",23405,"Sewelson","Tse"
"Sales",237957,"Bahk","Manton"
"Sales",448763,"Jiang","Jeanna"
"Sales",448800,"Irland","Lene"
"Sales",448827,"Geffroy","Vivian"
"Sales",449070,"Hebert","Gennadi"
"Sales",449087,"Eppinger","Khalid"
"Sales",449113,"Riefers","Fumino"
"Sales",449125,"Buescher","Elrique"
"Sales",284431,"Fujisawa","Pintsang"
"Sales",449143,"Lemarechal","Feipei"
"Sales",23375,"Kugler","Pascal"
"Sales",449901,"Pezzoli","Rayond"
"Sales",238036,"Badache","Toshimo"
"Sales",449931,"Buescher","Byong"
"Sales",450025,"Marrevee","Dharmaraja"
"Sales",238063,"Barriga","Reuven"
"Sales",450040,"Falby","Iara"
"Sales",23283,"Kavanagh","Jingling"
"Sales",23279,"Benner","Sergi"
"Sales",450718,"Janocha","Stevo"
"Sales",452078,"Tramer","Hugh"
"Sales",452092,"Kolinko","Rosine"
"Sales",452148,"Choobineh","Dipankar"
"Sales",23219,"Baez","Radhakrishnan"
"Sales",452190,"Pokrovskii","Nahid"
"Sales",452283,"Decleir","Hidekazu"
"Sales",23201,"Katalagarianos","Oldrich"
"Sales",452310,"Rahimi","Fumiko"
"Sales",238128,"Wegerle","Djenana"
"Sales",23189,"Willoner","Marjo"
"Sales",284480,"Christ","Yaghout"
"Sales",23176,"Janetzko","Kwangyoen"
"Sales",452409,"Szmurlo","Jaihie"
"Sales",452454,"Ginneken","Gill"
"Sales",238138,"Crooks","Yaghout"
"Sales",452621,"Dolinsky","Werner"
"Sales",452633,"Danecki","Sreenivas"
"Sales",23114,"Taubenfeld","Suzette"
"Sales",452703,"Smeets","Badri"
"Sales",238146,"Champarnaud","Dmitri"
"Sales",452771,"Liesche","Sudhanshu"
"Sales",452789,"Vandervoorde","DAIDA"
"Sales",452792,"Bade","Dmitry"
"Sales",452801,"Daescu","Marlo"
"Sales",238152,"Pleszkun","Kersti"
"Sales",238154,"Bazzichi","Rafail"
"Sales",452847,"Basart","Jenwei"
"Sales",452908,"Genther","Sreenivas"
"Sales",452928,"Bondorf","Etsuo"
"Sales",452971,"Ratzlaff","Kshitij"
"Sales",453000,"Bodoff","Martina"
"Sales",453028,"Fioravanti","Chiranjit"
"Sales",453047,"Wossner","Fox"
"Sales",22150,"Zweizig","Kristina"
"Sales",22127,"Magliocco","Honglan"
"Sales",453096,"Tramer","Cullen"
"Sales",453210,"Staelin","Akeno"
"Sales",451144,"Jumpertz","Felicidad"
"Sales",238797,"Akaboshi","Filipp"
"Sales",453230,"Feldmann","Duro"
"Sales",453341,"Griswold","Hugo"
"Sales",453347,"Sinitsyn","Henk"
"Sales",453362,"Parascandalo","Yucel"
"Sales",238823,"Nitsche","Nadjib"
"Sales",453389,"Picaronny","Ewing"
"Sales",453393,"Boguraev","Bodh"
"Sales",453444,"Kaminger","Rosella"
"Sales",22076,"Ertl","Mingzeng"
"Sales",22059,"Rosis","Spyrose"
"Sales",453475,"Gladwell","Aamod"
"Sales",453520,"Gustavson","Chenyi"
"Sales",453526,"Furedi","Bernardo"
"Sales",453542,"Serdy","Shuichi"
"Sales",453553,"Hanratty","Mario"
"Sales",453560,"Pashtan","Shay"
"Sales",453632,"Ushiama","Mohit"
"Sales",21815,"Henseler","Marsha"
"Sales",453660,"Lueh","Supot"
"Sales",238852,"Staudhammer","Gou"
"Sales",453815,"Hoogerwoord","Odoardo"
"Sales",453833,"Narlikar","Richara"
"Sales",238867,"Sigstam","Visit"
"Sales",453902,"Klyachko","Saeko"
"Sales",454028,"Gide","Szabolcs"
"Sales",454036,"Leijenhorst","Leif"
"Sales",454056,"Francisci","Fai"
"Sales",454076,"Baranowski","Pantung"
"Sales",454147,"Kornatzky","Gererd"
"Sales",238963,"Cronin","Gennadi"
"Sales",454182,"Cooke","Mack"
"Sales",454210,"Rosis","Uli"
"Sales",284616,"Tchuente","Claude"
"Sales",454232,"Chimia","Herbert"
"Sales",454258,"Bouloucos","Randy"
"Sales",454281,"Preusig","Turgut"
"Sales",238980,"Perri","Arch"
"Sales",454359,"Ranon","Honesty"
"Sales",21598,"Vernadat","Yunming"
"Sales",454376,"Rosaz","Fabrizio"
"Sales",21594,"Anick","Zhilian"
"Sales",21591,"Rebaine","Hein"
"Sales",454400,"Vecchi","Gen"
"Sales",238991,"Decleir","Brewster"
"Sales",21588,"Masamoto","Licheng"
"Sales",454490,"Chandrasekhar","Chaosheng"
"Sales",454508,"Morrey","Lidong"
"Sales",454532,"Marletta","Kamran"
"Sales",454561,"Montresor","Lihong"
"Sales",454588,"Mitchem","Eran"
"Sales",239021,"Foong","Christ"
"Sales",439285,"Ranai","Kensyu"
"Sales",454612,"Pell","Gor"
"Sales",21317,"Skafidas","Gudjon"
"Sales",21314,"Murtafg","Ramzi"
"Sales",454683,"Sommen","Krister"
"Sales",454706,"Rijckaert","Dannz"
"Sales",454789,"DuBourdieux","Ramachenga"
"Sales",454799,"Kushner","Stein"
"Sales",21274,"Saoudi","Uwe"
"Sales",454923,"Dusink","Oldrich"
"Sales",451110,"Schapire","Kamakshi"
"Sales",239081,"Marchesini","Gen"
"Sales",21260,"Snedden","Zissis"
"Sales",451102,"Kaltofen","Barton"
"Sales",290687,"Delgrande","Oddvar"
"Sales",239286,"Spinelli","Nikolaus"
"Sales",451076,"Trystram","Tremaine"
"Sales",455362,"Bernini","Sven"
"Sales",451064,"Ginneken","Yannis"
"Sales",21020,"Simmel","Adel"
"Sales",455402,"Luce","Nidapan"
"Sales",455431,"Noriega","Kristine"
"Sales",239311,"Giaccio","Dines"
"Sales",455466,"Alvarado","Jianhua"
"Sales",20974,"Yavatkar","Hisao"
"Sales",455541,"McFarlan","Jungsoon"
"Sales",455574,"Luan","Gaetan"
"Sales",455606,"Decleir","Jacopo"
"Sales",455636,"Heuter","Kotesh"
"Sales",20932,"Eterovic","Geoff"
"Sales",455931,"Ranka","Kitty"
"Sales",455938,"Muniz","Fay"
"Sales",239350,"Peltason","Marlo"
"Sales",456007,"Aloia","Souichi"
"Sales",19874,"Kuzuoka","Xuejia"
"Sales",456111,"Legleitner","Vincent"
"Sales",456161,"Lindenbaum","Pranas"
"Sales",19846,"Feldmann","Dinkar"
"Sales",456195,"Anick","Hilary"
"Sales",456221,"Feldhoffer","Dhritiman"
"Sales",456269,"Fontan","Sastry"
"Sales",239377,"McFarlan","Geraldo"
"Sales",456286,"Taubenfeld","Maria"
"Sales",456298,"Farris","Aiman"
"Sales",456311,"Pesch","Jouko"
"Sales",284682,"Rabejac","Gad"
"Sales",19844,"Pillow","Gennady"
"Sales",284684,"Foong","Adamantios"
"Sales",239391,"Merli","Mandell"
"Sales",456638,"Ozery","Stein"
"Sales",456662,"Stroustrup","Jacqueline"
"Sales",456684,"Geffroy","Tianruo"
"Sales",456696,"Petersohn","Susumu"
"Sales",456740,"Serra","Hilary"
"Sales",19752,"Swiler","Sampalli"
"Sales",239436,"Janetzko","Luigi"
"Sales",456836,"Perez","Paloma"
"Sales",457108,"Rullman","Reinhold"
"Sales",457159,"Katiyar","Ayonca"
"Sales",457208,"Marletta","Larisa"
"Sales",457246,"Ruther","Xuejia"
"Sales",457422,"Fasbender","Dung"
"Sales",239495,"Stemann","Saeed"
"Sales",19474,"Tasistro","Rasikan"
"Sales",457553,"Marsiglia","Aemilian"
"Sales",457605,"Kakkar","Miomir"
"Sales",457633,"Zongker","Brigham"
"Sales",239581,"Marquardt","Guangming"
"Sales",457650,"Vural","Piyawadee"
"Sales",457670,"Journel","Gen"
"Sales",457676,"Hasenauer","Nalini"
"Sales",457728,"Ohori","Genki"
"Sales",457735,"Junet","Ung"
"Sales",457749,"Kolinko","Shaleah"
"Sales",457758,"Buescher","Jacopo"
"Sales",19437,"Conry","Horward"
"Sales",457821,"Codenie","Otmar"
"Sales",457900,"Dahlbom","Pranas"
"Sales",457920,"Shiratori","Remzi"
"Sales",457942,"Marletta","Divine"
"Sales",19205,"Sinitsyn","Moto"
"Sales",458028,"Rabejac","Divier"
"Sales",19201,"Sommen","Arto"
"Sales",458070,"Edelhoff","Inderjeet"
"Sales",458084,"Stamatiou","DAIDA"
"Sales",458229,"Bauknecht","Kagan"
"Sales",458316,"Gustavson","Mototsugu"
"Sales",19134,"Bakhtari","Seongbin"
"Sales",19133,"Makinen","Debaprosad"
"Sales",19131,"Eickenmeyer","Remco"
"Sales",458388,"Perna","Kenton"
"Sales",458427,"Hashii","Shaowen"
"Sales",19113,"Bahr","Persi"
"Sales",458464,"Gimarc","Tuval"
"Sales",19106,"Erbe","Hidde"
"Sales",458600,"Rullman","Nectarios"
"Sales",19063,"Suermann","Shaz"
"Sales",458650,"Fandrianto","Uno"
"Sales",458734,"Gajiwala","Boriana"
"Sales",458745,"Oberman","Janche"
"Sales",18858,"Sankaranarayanan","Surveyors"
"Sales",458771,"Slaats","Martijn"
"Sales",458776,"Litecky","Anoosh"
"Sales",458787,"Brandsma","Katsuyuki"
"Sales",458800,"Baak","Ulf"
"Sales",458844,"Lunn","Zine"
"Sales",450913,"Alpin","Carrsten"
"Sales",459259,"Perri","Chikara"
"Sales",18776,"Desikan","Alper"
"Sales",240028,"Bodoff","Manu"
"Sales",240048,"Boissier","Xiaobin"
"Sales",240050,"Bahr","Kristina"
"Sales",459443,"Chiodo","Bilhanan"
"Sales",18751,"Bellone","Kien"
"Sales",450910,"Bodoff","Niranjan"
"Sales",18735,"Swiss","Guiseppe"
"Sales",459473,"Uhrik","Tokuyasu"
"Sales",240269,"Conte","Breannda"
"Sales",18711,"Munoz","Yongmin"
"Sales",459609,"Peris","Lenore"
"Sales",459622,"Benzaken","Kwok"
"Sales",459634,"Tzvieli","Berna"
"Sales",18539,"Solares","Dayanand"
"Sales",459635,"Gaughan","Valeri"
"Sales",459680,"Percebois","Maia"
"Sales",18484,"Bala","Ger"
"Sales",459737,"Breugel","Moon"
"Sales",459738,"Kulisch","Franziska"
"Sales",459792,"Muhling","Percy"
"Sales",459800,"Terekhov","Dmitri"
"Sales",459802,"Rosay","Martial"
"Sales",459826,"Jakobus","Ramzi"
"Sales",459829,"Talmor","Matt"
"Sales",459845,"Picht","Khedija"
"Sales",18454,"Anido","Eric"
"Sales",460949,"Lodder","Taizo"
"Sales",284830,"Luff","Stafford"
"Sales",460994,"Kabayashi","Syozo"
"Sales",460999,"Viele","Etsuo"
"Sales",18314,"Erol","Arunas"
"Sales",461092,"Middleton","Souichi"
"Sales",450896,"Seghrouchni","Yucel"
"Sales",450889,"Zirintsis","Weijing"
"Sales",240447,"Merlo","Faiza"
"Sales",461497,"Baranowski","Dharmaraja"
"Sales",461540,"Baezner","Ipke"
"Sales",461551,"Jording","Zito"
"Sales",18283,"Steinauer","Felicidad"
"Sales",18277,"McAlpine","Krister"
"Sales",240469,"Oxenboll","Harngdar"
"Sales",18270,"Siepmann","Guther"
"Sales",240484,"Kulisch","Fai"
"Sales",461694,"Dratva","Arup"
"Sales",18231,"Falby","Rafols"
"Sales",18019,"Setiz","Mads"
"Sales",17977,"Kalafatis","Ziyad"
"Sales",461855,"Marzano","Huai"
"Sales",462145,"Thimonier","Gurbir"
"Sales",240489,"Sullins","Pradeep"
"Sales",462202,"Menhardt","Theron"
"Sales",462204,"Garigliano","Abdelaziz"
"Sales",462208,"Hopewell","Stafford"
"Sales",17675,"Keirsey","Sajjan"
"Sales",462258,"Azulay","Frazer"
"Sales",17670,"Spinelli","Elrique"
"Sales",17662,"Valtorta","Berry"
"Sales",240520,"Riexinger","Raimond"
"Sales",463301,"Schaap","Amstein"
"Sales",240522,"Litecky","Somnath"
"Sales",17606,"Prampolini","Indrajit"
"Sales",17594,"Munawer","Nimmagadda"
"Sales",17538,"Renear","Elrique"
"Sales",17536,"Pollacia","Padma"
"Sales",16838,"Cronin","Martien"
"Sales",240559,"Bhattacharjee","Yinlin"
"Sales",290707,"Jeong","Tiina"
"Sales",463848,"Fritzsche","Kamakshi"
"Sales",450811,"Marsiglia","Valery"
"Sales",16322,"Mukaidono","Honglan"
"Sales",439233,"Tyugu","Yannis"
"Sales",464050,"Bratten","Shan"
"Sales",16297,"Brendel","Aiman"
"Sales",240676,"Thorelli","Sashi"
"Sales",240680,"Rabehasaina","Shalesh"
"Sales",464231,"Eastman","Constantino"
"Sales",16233,"Baba","Sushant"
"Sales",464288,"Pardalos","Feipei"
"Sales",240688,"Templeman","Christfried"
"Sales",464331,"Kriebel","Armond"
"Sales",464340,"Peek","Gil"
"Sales",464388,"Besancenot","Atilio"
"Sales",464395,"Takanami","Dinah"
"Sales",464456,"Anandan","Hyuncheol"
"Sales",464485,"Hebert","Mark"
"Sales",16215,"Eiron","Duri"
"Sales",464563,"Thimonier","Terresa"
"Sales",464588,"Pargas","Xiaoshan"
"Sales",464619,"Pileggi","Mingdong"
"Sales",240744,"Ratnakar","Yakkov"
"Sales",464659,"Birta","Masako"
"Sales",450760,"Pews","Kiyokazu"
"Sales",464753,"Sinicrope","Dietrich"
"Sales",15839,"Quaggetto","Thodoros"
"Sales",15838,"Montresor","Zissis"
"Sales",450740,"Brlek","Mario"
"Sales",464860,"Leuchs","Tse"
"Sales",464864,"Schmittgen","Shen"
"Sales",464929,"Cannane","Jaques"
"Sales",464938,"Lamparter","Valdiodio"
"Sales",15760,"Bondorf","Gaetan"
"Sales",465101,"Cronan","Aemilian"
"Sales",15716,"Pargas","Flemming"
"Sales",465174,"Argence","Yucai"
"Sales",465217,"Lammel","Chinya"
"Sales",240896,"Thebaut","Duke"
"Sales",240908,"Talmor","Renny"
"Sales",465263,"Esteva","Abdelaziz"
"Sales",465266,"Eppinger","Ioana"
"Sales",465457,"Brlek","Kwangjo"
"Sales",465466,"Lubachevsky","Bedrich"
"Sales",241118,"Osgood","Goa"
"Sales",465536,"Dratva","Petter"
"Sales",450554,"Kalafatis","Tonny"
"Sales",15313,"Baig","Martijn"
"Sales",465633,"Schusler","Uta"
"Sales",15307,"Schrift","Rafael"
"Sales",465717,"Picaronny","Arup"
"Sales",450553,"Dehkordi","Greger"
"Sales",15277,"Chartres","Subir"
"Sales",465759,"Azumi","Parto"
"Sales",465776,"Ramaiah","Toshiko"
"Sales",465784,"Wolniewicz","Georgy"
"Sales",15264,"Remmers","Christfried"
"Sales",465805,"Redmiles","Izaskun"
"Sales",465859,"Erva","Sariel"
"Sales",439194,"Beidas","Mara"
"Sales",290724,"Kilgour","Florian"
"Sales",465930,"Maraist","Stevo"
"Sales",439185,"Yurek","Rosalyn"
"Sales",466030,"Koblick","Susanna"
"Sales",466094,"Majewski","Erzsebet"
"Sales",466161,"Katiyar","Sachem"
"Sales",466198,"Werthner","Franziska"
"Sales",436925,"Reinhard","Kiyomitsu"
"Sales",439157,"Perfilyeva","Geoffrey"
"Sales",466259,"Cooke","Arvin"
"Sales",466262,"Khasidashvili","Vitali"
"Sales",466291,"Krohm","Jaewon"
"Sales",466307,"Chartres","Takahito"
"Sales",466310,"Denti","Cathie"
"Sales",14807,"Zweizig","Miquel"
"Sales",14787,"Poujol","Irene"
"Sales",466397,"Luan","Isamu"
"Sales",466432,"Bazelow","Thanasis"
"Sales",466433,"Denna","Saeko"
"Sales",14783,"Fasbender","Gennadi"
"Sales",466488,"Gustavson","Pramod"
"Sales",466495,"Langford","Christfried"
"Sales",14761,"Rettelbach","Yunming"
"Sales",466552,"Nollmann","Valeri"
"Sales",466566,"Uhrig","Junichi"
"Sales",466567,"Janetzko","Kazuyasu"
"Sales",14721,"Vanwelkenhuysen","Jordanka"
"Sales",466656,"Ramras","Chriss"
"Sales",466660,"Lamma","Toshimo"
"Sales",14707,"Barreiro","Dung"
"Sales",241965,"Kornatzky","Aimee"
"Sales",466712,"Angot","Maik"
"Sales",466720,"Bolotov","Shakhar"
"Sales",466736,"Rajcani","Jeane"
"Sales",466801,"Kusalik","Anwar"
"Sales",466811,"Nitsch","Eishiro"
"Sales",285059,"Comyn","Odysseas"
"Sales",285063,"Kavvadias","Frederique"
"Sales",14310,"Leuchs","Marlo"
"Sales",467007,"Lally","Siamak"
"Sales",242039,"Douceur","Zine"
"Sales",285087,"Badache","Masako"
"Sales",242282,"Gurbaxani","Billie"
"Sales",467233,"Crelier","Arno"
"Sales",467245,"Beausoleil","Etsuo"
"Sales",467256,"Coorg","Houman"
"Sales",242287,"Bridgland","Marin"
"Sales",467466,"Chinen","Rafail"
"Sales",242306,"Radivojevic","Khaled"
"Sales",467587,"Gargeya","Giri"
"Sales",467594,"Akiyama","Reinhard"
"Sales",467603,"Karunanithi","Marla"
"Sales",467636,"Thibadeau","Honesty"
"Sales",467673,"Masand","Teiji"
"Sales",467676,"Pillow","Susanta"
"Sales",467680,"Luon","Ravishankar"
"Sales",242334,"Kadhim","Renny"
"Sales",467765,"Cunliffe","Xiaobin"
"Sales",467780,"Georg","Duro"
"Sales",467890,"Jansen","Paris"
"Sales",242367,"Papastamatiou","Larisa"
"Sales",467909,"Birge","Marlo"
"Sales",439133,"Servieres","Nikolaos"
"Sales",467952,"Malinowski","Khaled"
"Sales",468015,"Lorie","Tadanori"
"Sales",468033,"Hellwagner","Limsoon"
"Sales",13975,"Peternell","Jamaludin"
"Sales",468060,"Reinhart","Mihalis"
"Sales",468079,"Luca","Kendra"
"Sales",468100,"Lambe","Guoxiang"
"Sales",468115,"Perl","Magdalena"
"Sales",468148,"Kuszyk","Fumiyo"
"Sales",468178,"Liedekerke","Duangkaew"
"Sales",468183,"Gulak","Lech"
"Sales",242443,"Fioravanti","Denis"
"Sales",468196,"Rusterholz","Mayumi"
"Sales",468202,"Zaiane","Udaiprakash"
"Sales",468283,"Kilgore","Monique"
"Sales",468295,"Czaja","Basim"
"Sales",13947,"Nishimukai","Gal"
"Sales",242476,"Conta","Shem"
"Sales",242477,"Trumbly","Eirik"
"Sales",468371,"Viele","Stamatina"
"Sales",468405,"Panangaden","Kristen"
"Sales",13891,"Parascandalo","Mokhtar"
"Sales",468408,"Skrikant","Herb"
"Sales",468427,"Crouzet","Maria"
"Sales",450447,"Massonet","Demos"
"Sales",468433,"Siprelle","Krassimir"
"Sales",242539,"Fontet","Garnet"
"Sales",13515,"Kisuki","Sachin"
"Sales",242547,"Zhang","Toshimitsu"
"Sales",242582,"Vieri","LiMin"
"Sales",285231,"Jayawardene","Tommaso"
"Sales",468563,"Pargas","Menkae"
"Sales",468572,"Ratnakar","Mingzeng"
"Sales",242593,"Gips","Nimmagadda"
"Sales",242608,"Demizu","Luise"
"Sales",468620,"Majewski","Paraskevi"
"Sales",294311,"Erdi","Rasiah"
"Sales",13496,"Lortz","Dipankar"
"Sales",242714,"Stille","Fumiya"
"Sales",468872,"Syang","Aamer"
"Sales",242731,"Erdmenger","Arun"
"Sales",13414,"Hofstetter","Nevio"
"Sales",468902,"Aumann","Zhonghua"
"Sales",468928,"Comellas","Xiaoshan"
"Sales",13404,"Halevi","Luerbio"
"Sales",469060,"Farrow","Gianluca"
"Sales",242778,"Peron","Jenwei"
"Sales",13403,"Diderrich","Toney"
"Sales",469094,"Calkin","Pranav"
"Sales",242792,"Uludag","Hailing"
"Sales",469105,"Reinhard","Dinah"
"Sales",469135,"Garnier","Bartek"
"Sales",13372,"Staudhammer","Valeri"
"Sales",469327,"Nittel","Evgueni"
"Sales",13248,"Guting","Keiichiro"
"Sales",242814,"Erde","Xinyu"
"Sales",242821,"Baby","Vojin"
"Sales",242839,"Stentiford","Sakthirel"
"Sales",13236,"Axelband","Flemming"
"Sales",469589,"Jervis","Parto"
"Sales",469597,"Kornatzky","Arra"
"Sales",469626,"Bala","Slavian"
"Sales",242849,"Macedo","Mircea"
"Sales",12996,"Madeira","Khalil"
"Sales",469829,"Denny","Claudi"
"Sales",469840,"Szmurlo","Claudi"
"Sales",242903,"Genther","Dung"
"Sales",469885,"Suomi","Insup"
"Sales",469897,"Raoux","Alexius"
"Sales",12976,"Szmurlo","Alejandro"
"Sales",242924,"Gerlach","Indrajit"
"Sales",12943,"Zucker","Kazuhide"
"Sales",450325,"Bottner","Kiyomitsu"
"Sales",470175,"Ishibashi","Jacqueline"
"Sales",470178,"Terkki","Fay"
"Sales",245142,"Barriga","Barun"
"Sales",245144,"Peternell","Manohar"
"Sales",12915,"Ligten","Arco"
"Sales",470322,"Albarhamtoshy","Kokou"
"Sales",470393,"Botman","Khatoun"
"Sales",245181,"Holburn","Kokou"
"Sales",470436,"Tchuente","Maia"
"Sales",12902,"Perng","Rimli"
"Sales",12880,"Setia","Fumiya"
"Sales",470519,"Kavanagh","Oldrich"
"Sales",470522,"Schapire","Shigeo"
"Sales",470547,"Eldridge","Danel"
"Sales",470558,"Pramanik","Chanjung"
"Sales",470565,"Stellhorn","Janalee"
"Sales",285291,"McAlpine","Rafael"
"Sales",12862,"Mullainathan","Hidde"
"Sales",470636,"Bahi","Mari"
"Sales",470646,"Bale","Siamak"
"Sales",285298,"Biron","Tomoyuki"
"Sales",470736,"Asser","Turgut"
"Sales",470782,"Henders","Fen"
"Sales",12640,"Lindqvist","Shigeo"
"Sales",12625,"Basart","Goo"
"Sales",12598,"Farrow","Hatem"
"Sales",470853,"Marshall","Uma"
"Sales",12595,"Morrey","Yaghout"
"Sales",470874,"Zweizig","Oksana"
"Sales",470905,"Goodrum","Tesuro"
"Sales",470910,"Wolniewicz","Mircea"
"Sales",470911,"Jakobus","Arra"
"Sales",12593,"Melter","Lubomir"
"Sales",470912,"Warwick","Berna"
"Sales",470914,"Baik","Hideo"
"Sales",12560,"Makinen","Leszek"
"Sales",470934,"Michaeli","Piyawadee"
"Sales",12552,"Zongker","Mechthild"
"Sales",471193,"Erni","Khoa"
"Sales",245627,"Biron","Zhaofang"
"Sales",471235,"Andreotta","Maha"
"Sales",471268,"Bellmore","Kenton"
"Sales",471475,"Swab","Subhash"
"Sales",471531,"Hennebert","Seongbae"
"Sales",12513,"Vesna","Niteen"
"Sales",471581,"Rohrbach","Zijian"
"Sales",471631,"Ibel","Mingsen"
"Sales",471829,"Jarecki","Saniya"
"Sales",471847,"Maccarone","Katsuo"
"Sales",245644,"Rosca","Irene"
"Sales",471875,"Choobineh","Otmar"
"Sales",12273,"Uehara","Jaideep"
"Sales",471900,"Itschner","Goa"
"Sales",471910,"Massonet","Jeong"
"Sales",285308,"Miake","Domenico"
"Sales",12237,"Ballarin","Chikara"
"Sales",471995,"Anick","Nathalie"
"Sales",12235,"Haumacher","Honesty"
"Sales",472010,"Bage","Uriel"
"Sales",285346,"Maquelin","Ioana"
"Sales",472126,"Setiz","Kolar"
"Sales",245664,"Kilgore","Manohar"
"Sales",450303,"Gewali","Dung"
"Sales",472414,"Anick","Aamod"
"Sales",472418,"Muhlberg","Poornachandra"
"Sales",12184,"Zhang","Chenxi"
"Sales",473443,"Cheshire","Heng"
"Sales",285366,"Vural","Mooi"
"Sales",12128,"Barreiro","Yannik"
"Sales",473648,"Wilfing","Mokhtar"
"Sales",473682,"Frolund","Mikhail"
"Sales",473703,"Baar","Steve"
"Sales",473728,"Cardazo","Gladys"
"Sales",450277,"Vesna","Berni"
"Sales",245714,"Montresor","Vatsa"
"Sales",473780,"Kragelund","Udaiprakash"
"Sales",12026,"Pleszkun","Moon"
"Sales",473790,"Swan","Jaroslava"
"Sales",473794,"Burnard","Georgi"
"Sales",12012,"Zolotykh","Syozo"
"Sales",285381,"Callaway","Jinya"
"Sales",474345,"Pleszkun","Mohd"
"Sales",474352,"Rosaz","Thodoros"
"Sales",474387,"Dayang","Pascal"
"Sales",474415,"Benner","Goncalo"
"Sales",11946,"Maraist","Charlene"
"Sales",474453,"Poujol","Zhenbing"
"Sales",285388,"Kaelbling","Sanjai"
"Sales",474468,"Harbusch","Yoshinari"
"Sales",474469,"Ushiama","Sreekrishna"
"Sales",245962,"Schaad","Isamu"
"Sales",474474,"Lammel","Kazuhira"
"Sales",474687,"Cronan","Anestis"
"Sales",245983,"Straney","Arch"
"Sales",245997,"Rusterholz","Zhongwei"
"Sales",474781,"Chandrasekhar","Uma"
"Sales",474792,"Marshall","Khedija"
"Sales",450250,"Pokrovskii","Abdelkader"
"Sales",475027,"Herbst","Frederique"
"Sales",450221,"Meriste","Marko"
"Sales",11908,"Iisaku","Candida"
"Sales",475044,"Sommen","Wonhee"
"Sales",285415,"Setlzner","Chikako"
"Sales",475077,"Ouhyoung","Claude"
"Sales",11892,"Lorys","Tesuro"
"Sales",246094,"Fioravanti","Mihalis"
"Sales",475363,"Jiang","Elgin"
"Sales",11881,"Staelin","Arra"
"Sales",11857,"Farrag","Divier"
"Sales",475388,"Skafidas","Jaroslava"
"Sales",475422,"Diderrich","Shahab"
"Sales",475448,"Lorys","Ingemar"
"Sales",475659,"Pokrovskii","Lijia"
"Sales",475686,"Reeken","Elrique"
"Sales",11615,"Isaak","Shem"
"Sales",475778,"Pietracaprina","Isaac"
"Sales",11594,"Butner","Pradeep"
"Sales",475803,"Zweizig","Tzvetan"
"Sales",475860,"Broomell","Brigham"
"Sales",475885,"Moehrke","Ashish"
"Sales",11586,"Orsini","Shridhar"
"Sales",475894,"Swiler","Hilary"
"Sales",11567,"Mitzlaff","Teiji"
"Sales",246327,"Rattan","Shahar"
"Sales",11537,"Pehl","DAIDA"
"Sales",476167,"Dulli","Genta"
"Sales",246348,"Wolniewicz","Subhrajyoti"
"Sales",11155,"Yetto","Moon"
"Sales",476241,"Lamma","Shir"
"Sales",11124,"Porenta","Gladys"
"Sales",476589,"Anily","Tetsushi"
"Sales",476594,"VanScheik","Ewing"
"Sales",11092,"Stamatiou","Narain"
"Sales",476630,"Nittel","Kensyu"
"Sales",450104,"Waleschkowski","Marit"
"Sales",11029,"Itzfeldt","Georgi"
"Sales",476903,"Quaggetto","Jagoda"
"Sales",10832,"Bergere","Hidde"
"Sales",246796,"DiGiano","Zongyan"
"Sales",450079,"Anick","Woody"
"Sales",477290,"Lanphier","Karlis"
"Sales",477311,"Ecklund","Sergi"
"Sales",477529,"Nitto","Selwyn"
"Sales",477531,"Erde","Tadanori"
"Sales",477566,"Gelosh","Anwar"
"Sales",477569,"Munke","Rosella"
"Sales",477625,"Lundstrom","Claude"
"Sales",477843,"Bierman","Sanjai"
"Sales",10640,"Meszaros","Anneke"
"Sales",477897,"Mersereau","Yakichi"
"Sales",478030,"Malabarba","Ymte"
"Sales",246885,"Ginesta","Matt"
"Sales",246889,"Decaestecker","Randy"
"Sales",246906,"Savasere","Gad"
"Sales",478332,"Danecki","Nechama"
"Sales",478422,"Assaf","Chinhyun"
"Sales",246942,"Yoshimura","Qunsheng"
"Sales",478675,"Schade","Basem"
"Sales",478698,"Plesums","Rimon"
"Sales",10472,"Lodder","Salvador"
"Sales",478830,"Negoita","Guoxiang"
"Sales",285454,"Kakkar","Youjian"
"Sales",10458,"Engelmann","Gina"
"Sales",479044,"Matheson","Conrado"
"Sales",479157,"Larfeldt","Jacopo"
"Sales",479365,"Schaap","Przemyslawa"
"Sales",247022,"Danlos","Moti"
"Sales",10417,"Bakhtari","Bingning"
"Sales",247031,"Murillo","Tristan"
"Sales",479431,"Carrere","Demos"
"Sales",10403,"Mungall","Atreyi"
"Sales",247056,"Figueira","Syozo"
"Sales",247073,"Conti","Nectarios"
"Sales",247088,"Beeson","Mahmut"
"Sales",479753,"Talmor","Jaques"
"Sales",10400,"Nitto","Ortrud"
"Sales",479758,"Oaver","Shaowei"
"Sales",247092,"Muntz","Mingsen"
"Sales",479771,"Ranst","Bernardo"
"Sales",10380,"Kamble","Alejandro"
"Sales",480005,"Erol","Jaroslava"
"Sales",247104,"Schnelling","Jinya"
"Sales",480076,"Ramras","Mototsugu"
"Sales",10375,"Kalafatis","Dante"
"Sales",480117,"Herbst","Florina"
"Sales",480227,"Janocha","Sungwon"
"Sales",480310,"Spieker","Aloke"
"Sales",439055,"Fiutem","Indrajit"
"Sales",480542,"Clemencon","Marko"
"Sales",247324,"Zaccaria","Kristen"
"Sales",10093,"Desikan","Sailaja"
"Sales",439051,"Kropatsch","Jagoda"
"Sales",480563,"Farrar","Shichao"
"Sales",10089,"Flasterstein","Sudharsan"
"Sales",480579,"Ghalwash","Kwan"
"Sales",480612,"Comyn","Minghong"
"Sales",480858,"Zlotek","Yoshinari"
"Sales",480922,"Burnard","Fumitake"
"Sales",481182,"Penttonen","Domenick"
"Sales",481219,"Glinert","Fayez"
"Sales",481295,"Oehlmann","Nathan"
"Sales",499986,"Ranta","Nathan"
"Sales",481342,"Rodham","Eldridge"
"Sales",481574,"Dymetman","Gal"
"Sales",481663,"Nollmann","Ingemar"
"Sales",247443,"Suomi","Ramya"
"Sales",481921,"Taubman","Lena"
"Sales",285507,"Orlowski","Moheb"
"Sales",481984,"Ambroszkiewicz","Jayesh"
"Sales",499919,"Angiulli","Masako"
"Sales",482037,"Junet","Reinhold"
"Sales",449713,"Zeidenstein","Cristinel"
"Sales",482092,"Hanabata","Eric"
"Sales",482123,"Mungall","Nobuyoshi"
"Sales",482209,"Vanwelkenhuysen","Suvo"
"Sales",482231,"Pocchiola","Zhenhua"
"Sales",482249,"Verspoor","Jiang"
"Sales",482250,"Sidhu","Arto"
"Sales",482272,"Trystram","Nalini"
"Sales",247707,"Niizuma","Xinglin"
"Sales",247715,"Scharstein","Harjit"
"Sales",482413,"Melski","Zhigen"
"Sales",482468,"Koyama","JoAnna"
"Sales",482509,"Luby","Kinh"
"Sales",482687,"Wendorf","Charlene"
"Sales",247740,"Gelosh","Tsz"
"Sales",482707,"Hofting","Supot"
"Sales",247744,"Honiden","Sajjad"
"Sales",482760,"Iwayama","Shrikanth"
"Sales",247760,"Emden","Kristin"
"Sales",499837,"Matteis","Susanne"
"Sales",482786,"Leuchs","Ottavia"
"Sales",482884,"Zumaque","Goncalo"
"Sales",290788,"Lundstrom","Weijing"
"Sales",482895,"Asmuth","Piyawadee"
"Sales",482923,"Gyorkos","Visit"
"Sales",482949,"Plumb","Lijia"
"Sales",247986,"Falck","Weiye"
"Sales",499820,"Baez","Akeel"
"Sales",290791,"Lorie","Apostol"
"Sales",248004,"Luef","Yongdong"
"Sales",248013,"Rabejac","Jouni"
"Sales",483026,"Ginesta","Tse"
"Sales",499807,"Godskesen","Foong"
"Sales",483130,"Sommen","Udo"
"Sales",483144,"Morton","Janalee"
"Sales",483354,"Speel","Ekawit"
"Sales",248048,"Pena","Herb"
"Sales",248054,"Rosis","Sorina"
"Sales",483405,"Krohn","Badri"
"Sales",483455,"Cmelik","Hideyuki"
"Sales",499662,"Driscoll","Vatsa"
"Sales",499611,"Shiratori","Subir"
"Sales",439012,"Besselaar","Herb"
"Sales",499589,"Bodoff","Basim"
"Sales",248312,"Bierman","Sanjit"
"Sales",499584,"Macedo","Christ"
"Sales",483770,"Szemeredi","Zeydy"
"Sales",499572,"Kemmerer","Sadok"
"Sales",248321,"Braunschweig","Weiye"
"Sales",285594,"Irland","Golgen"
"Sales",483833,"Ladret","Licheng"
"Sales",248366,"Bahr","Ewing"
"Sales",483978,"Tanemo","Dung"
"Sales",483985,"Piazza","Aleksandar"
"Sales",484013,"Ellozy","Conor"
"Sales",499501,"Narlikar","Reinhard"
"Sales",484218,"Streng","Collette"
"Sales",499480,"Silva","Kankanahalli"
"Sales",484268,"Thiran","Takahito"
"Sales",484531,"Narahara","Siamak"
"Sales",484573,"Passafiume","Stafford"
"Sales",248838,"Thummel","Debaprosad"
"Sales",499409,"Marwedel","Waiman"
"Sales",449649,"Hennings","Lokesh"
"Sales",484642,"Chinen","Lijia"
"Sales",484650,"Syang","Jordanka"
"Sales",499385,"Nishimukai","Eishiro"
"Sales",484655,"Templeman","Heejo"
"Sales",499349,"Cromarty","Zeljko"
"Sales",248885,"Kieras","Xiong"
"Sales",484707,"Smeets","Mahendra"
"Sales",484736,"Stamatiou","Radhakrishnan"
"Sales",484812,"Broder","Barry"
"Sales",499320,"Barinka","Angus"
"Sales",484821,"Ramsey","Supot"
"Sales",485205,"Taneja","Yefim"
"Sales",485239,"Zizka","Gopalakrishnan"
"Sales",485249,"Staelin","Saddek"
"Sales",485260,"Szilard","Haldun"
"Sales",485302,"Vuskovic","Geoffry"
"Sales",485322,"Picaronny","Lorien"
"Sales",485330,"Stavenow","Guttorm"
"Sales",449567,"Panienski","Danny"
"Sales",485337,"Bodoff","Lakshmi"
"Sales",485355,"Homond","Muneo"
"Sales",499292,"Schiettecatte","Sarita"
"Sales",485894,"Vecchi","Kersti"
"Sales",294150,"Denos","Christoper"
"Sales",485941,"Schreiter","Macha"
"Sales",485962,"Kilgour","Lansing"
"Sales",485987,"Feinberg","Sushant"
"Sales",249179,"Christianini","Heping"
"Sales",499275,"Zlotek","Shridhar"
"Sales",249221,"Munck","Tomofumi"
"Sales",285616,"Farrow","Przemyslawa"
"Sales",486116,"Hennebert","Goh"
"Sales",486124,"Vecchi","Licheng"
"Sales",499271,"Albarhamtoshy","Ghassan"
"Sales",486153,"Gien","Zorica"
"Sales",499265,"Lubachevsky","Maria"
"Sales",486207,"Valtorta","Fumino"
"Sales",449514,"Cannata","Naftaly"
"Sales",486217,"Veccia","Youssef"
"Sales",486218,"Mansanne","Shaw"
"Sales",438988,"Heering","Gunilla"
"Sales",486236,"Fontan","Vasilis"
"Sales",249291,"Baer","Zvonko"
"Sales",249463,"Montresor","Jongsuk"
"Sales",486347,"Antonakopoulos","Adas"
"Sales",486870,"Rajcani","Kazuhisa"
"Sales",499181,"Basart","Vitali"
"Sales",486962,"Lanzelotte","Gao"
"Sales",487008,"Raney","Zhigen"
"Sales",499147,"Giveon","Anneke"
"Sales",487203,"Atchley","Hairong"
"Sales",487308,"Hertweck","Jianhao"
"Sales",487913,"Terkki","Lokesh"
"Sales",487914,"Matheson","Jasminko"
"Sales",249501,"Garnham","Sadok"
"Sales",487945,"Mamelak","Arne"
"Sales",487964,"Leppanen","Dannz"
"Sales",487996,"Junot","Yongmao"
"Sales",488019,"Chappelet","Kazuhito"
"Sales",488216,"Bamford","Gurbir"
"Sales",488228,"Stifter","Remko"
"Sales",488328,"Huhdanpaa","Ung"
"Sales",488367,"Pusterhofer","Leif"
"Sales",488715,"Pesch","Bedir"
"Sales",488750,"Vanwelkenhuysen","Paddy"
"Sales",488768,"Cromarty","Maia"
"Sales",488787,"Ranze","Jungsoon"
"Sales",488789,"Salinas","Edwin"
"Sales",249606,"Jonsson","Miquel"
"Sales",488813,"Gelosh","Elliott"
"Sales",488821,"Stanger","Stepehn"
"Sales",488823,"Riefers","Ziya"
"Sales",488849,"Vidya","JoAnna"
"Sales",489044,"Plessier","Christophe"
"Sales",499028,"Wroclawski","Manohar"
"Sales",489068,"Parhami","Nectarios"
"Sales",498996,"Litvinov","Evgueni"
"Sales",249655,"Escriba","Moheb"
"Sales",489199,"Benner","Adil"
"Sales",489383,"Rodiger","Kazunori"
"Sales",249677,"Lundstrom","Jouko"
"Sales",249679,"Streng","Khue"
"Sales",498963,"Usdin","Michaela"
"Sales",489506,"Penn","Jungsoon"
"Sales",498729,"Servieres","Eberhardt"
"Sales",489513,"Ghelli","Gadiel"
"Sales",489737,"Lindenbaum","Froduald"
"Sales",489791,"Breugel","Marlo"
"Sales",285660,"Alameldin","Toshimori"
"Sales",490382,"Khalil","Becky"
"Sales",490383,"Wroclawski","Sachin"
"Sales",498717,"Kavvadias","Anneke"
"Sales",490406,"Rubsam","Zhongwei"
"Sales",249752,"Perl","Ibibia"
"Sales",490508,"Schnelling","Lijie"
"Sales",490522,"Rossi","Masasuke"
"Sales",490537,"Engberts","Mohan"
"Sales",490544,"Kranzdorf","Paloma"
"Sales",490738,"Vakili","Duri"
"Sales",498658,"Percebois","Feipei"
"Sales",490808,"Trelles","Uzi"
"Sales",490822,"Peir","Piyawadee"
"Sales",490823,"Birdsall","Valery"
"Sales",490853,"Chepyzhov","Rance"
"Sales",491074,"Baar","Kien"
"Sales",491120,"Zykh","Kwee"
"Sales",491125,"Vigier","Feixiong"
"Sales",498613,"Hofmeyr","Adas"
"Sales",491147,"Baig","Tonia"
"Sales",491166,"England","Arfst"
"Sales",491323,"Tetzlaff","Mario"
"Sales",250062,"Schapire","Herbert"
"Sales",494576,"Fujisawa","Tsuneo"
"Sales",494678,"Silva","Jiong"
"Sales",494910,"Rothenberg","Valery"
"Sales",498391,"Lagarias","Kristina"
"Sales",250107,"Doering","Zine"
"Sales",495040,"Cangellaris","George"
"Sales",495062,"Peron","Ortrud"
"Sales",498333,"Rosenbaum","Suvo"
"Sales",495246,"Litzler","Dung"
"Sales",495292,"Dalphin","Kellyn"
"Sales",498327,"Yeung","Tomoyuki"
"Sales",498057,"Chachaty","Rildo"
"Sales",250141,"Chenney","Brewster"
"Sales",497284,"Silva","Zito"
"Sales",498027,"Magliocco","Manton"
"Sales",449443,"Vecchio","Arunas"
"Sales",497351,"Peron","Sadun"
"Sales",497632,"Murillo","Kristine"
"Sales",449416,"Ghalwash","Jungsoon"
"Sales",250234,"Rubsam","Kerryn"
"Sales",250237,"Przulj","Poorav"
"Sales",497735,"Percebois","Serenella"
"Sales",285698,"Butner","Somnath"
"Sales",497845,"Ramaiah","Nirmal"
"Sales",497847,"Remmers","Claude"
"Sales",498098,"Zaccaria","Gaurav"
"Sales",498005,"Keirsey","Genevieve"
"Sales",250273,"Cesareni","Rosalie"
"Sales",497985,"Pillow","King"
"Sales",498455,"Covnot","Christfried"
"Sales",250279,"Poupard","Shem"
"Sales",498505,"Mondadori","Oscar"
"Sales",498506,"Dalton","Barun"
"Sales",449414,"Guenter","Jingling"
"Sales",498579,"Shinomoto","Yongmao"
"Sales",250301,"Guenter","Radhakrishnan"
"Sales",497939,"Millington","Eberhardt"
"Sales",498862,"Ranum","Zissis"
"Sales",498874,"Kuszyk","Premsyl"
"Sales",498916,"Danner","Xiahua"
"Sales",497925,"Gonthier","Basim"
"Sales",10199,"Ranta","Kazuhisa"
"Sales",10330,"Bellmore","Kasturi"
"Sales",10897,"Kumaresan","Arno"
"Sales",449378,"Flowers","Arne"
"Sales",497442,"Bage","Sedat"
"Sales",497237,"McFarlin","Gregory"
"Sales",10996,"Rahimi","Matk"
"Sales",250410,"Lueh","Akeno"
"Sales",250412,"Hartvigsen","Kien"
"Sales",449375,"Cronan","Pranjal"
"Sales",11198,"Gini","Leif"
"Sales",11206,"Sury","Steen"
"Sales",250418,"Cools","Yannis"
"Sales",11226,"Akiyama","Margareta"
"Sales",449332,"Garnier","Zengping"
"Sales",11272,"Molenkamp","Frederique"
"Sales",11286,"Gini","Joydip"
"Sales",11288,"Eastman","Domenico"
"Sales",11310,"Swab","Jianhua"
"Sales",11315,"Meriste","Neven"
"Sales",11329,"McConalogue","Limsoon"
"Sales",250465,"Schaft","Chanjung"
"Sales",497235,"Molenkamp","Dzung"
"Sales",11486,"Ramaiah","Itzchak"
"Sales",449316,"Decaestecker","Candida"
"Sales",11706,"Remmers","Tesuya"
"Sales",11715,"Albarhamtoshy","Arnd"
"Sales",11723,"Bauknecht","Halsur"
"Sales",497187,"Pluym","Randy"
"Sales",11729,"Engberts","Xiong"
"Sales",11730,"Delaune","Tzu"
"Sales",11747,"Kossowski","Aksel"
"Sales",11817,"Markovitch","Niranjan"
"Sales",11830,"Snedden","Maya"
"Sales",250553,"Stemann","Susanta"
"Sales",12400,"Winter","Genki"
"Sales",250557,"Mundy","Shigeo"
"Sales",12414,"Kruskal","Kish"
"Sales",250560,"Munoz","Rosli"
"Sales",12505,"Goldhammer","Barton"
"Sales",12687,"Badache","Weicheng"
"Sales",12690,"Mitchem","Valter"
"Sales",12698,"Paciorek","Arunas"
"Sales",12818,"Wendorf","Arunas"
"Sales",497063,"Larfeldt","Goh"
"Sales",13034,"Rosen","Arunas"
"Sales",497003,"Compeau","Nagui"
"Sales",250605,"Muntz","Weicheng"
"Sales",13162,"Goodrum","Shaw"
"Sales",13178,"Itschner","Kankanahalli"
"Sales",13524,"Porotnikoff","Chaoyi"
"Sales",13544,"Sullins","Beshir"
"Sales",250814,"Herbst","Heeju"
"Sales",13553,"Cusworth","Masato"
"Sales",13555,"Matteis","Lijia"
"Sales",250825,"Perfilyeva","Christophe"
"Sales",285771,"Garnick","Chaoyi"
"Sales",13604,"Stille","Tzu"
"Sales",13650,"Chepyzhov","Shaowei"
"Sales",13709,"Brendel","Mamdouh"
"Sales",285788,"Brizzi","Khoa"
"Sales",13736,"Albarhamtoshy","Pranas"
"Sales",496964,"Mandelberg","Nathan"
"Sales",13848,"Wallrath","Jianhao"
"Sales",14028,"Sury","Itzchak"
"Sales",250853,"Scharstein","Turgut"
"Sales",285829,"Henders","Jeanne"
"Sales",14105,"Orlowski","Ramachenga"
"Sales",250873,"Lortz","Khoa"
"Sales",14176,"Thiran","Seshu"
"Sales",14179,"Emiris","Sverrir"
"Sales",14181,"Gecsel","Persi"
"Sales",14397,"Hardjono","Feixiong"
"Sales",285836,"Garigliano","Brigham"
"Sales",496937,"Thibadeau","Vidar"
"Sales",14508,"Babu","Shahid"
"Sales",14871,"Kaiserswerth","Arnd"
"Sales",14907,"Luga","Nakhoon"
"Sales",496882,"Vural","Abdelghani"
"Sales",496862,"Porotnikoff","JoAnna"
"Sales",14990,"Gruenwald","Leon"
"Sales",15030,"Nourani","Rasikan"
"Sales",15039,"Huttel","Krister"
"Sales",496756,"Gargeya","Evgueni"
"Sales",15099,"Meszaros","Mack"
"Sales",496704,"Miyakawa","Turgut"
"Sales",15130,"Puppo","Mohua"
"Sales",496700,"Callaway","Rafail"
"Sales",15151,"Pouyioutas","Urs"
"Sales",15161,"Sanella","Sushant"
"Sales",15176,"Sankaranarayanan","Charlene"
"Sales",15364,"Quittner","Sakthirel"
"Sales",496694,"Luke","Khalil"
"Sales",15378,"Hiraishi","Shounak"
"Sales",15432,"Simmen","Adib"
"Sales",250979,"Heemskerk","Mari"
"Sales",15489,"Maksimenko","Ayonca"
"Sales",15495,"Rotem","Sven"
"Sales",15499,"Simkin","Tetsushi"
"Sales",15503,"Tagansky","Stamatina"
"Sales",15507,"Luff","Mikhail"
"Sales",15511,"Kowalchuk","George"
"Sales",496623,"Honglei","Peer"
"Sales",496614,"Erol","Chuanti"
"Sales",496593,"Valtorta","Arvin"
"Sales",251020,"Blokdijk","Froduald"
"Sales",292223,"Pocchiola","Itzchak"
"Sales",15896,"Trachtenberg","Baruch"
"Sales",15922,"Czap","Khue"
"Sales",496482,"Stafford","Shem"
"Sales",15980,"Kakkad","Bernardo"
"Sales",449038,"Pauthner","Shigehiro"
"Sales",16031,"Parveen","Elliott"
"Sales",16066,"Penn","Marsha"
"Sales",449010,"Kadhim","Florian"
"Sales",16373,"Aseltine","Narain"
"Sales",448984,"Schwaller","Basil"
"Sales",16461,"Schahn","Remmert"
"Sales",16484,"Redmiles","Remko"
"Sales",16487,"Yemenis","Arunas"
"Sales",16513,"Auria","Toney"
"Sales",496419,"Bolotov","Sigeru"
"Sales",496363,"Penttonen","Anwar"
"Sales",16574,"Penz","Nevio"
"Sales",16613,"Oxenboll","Dines"
"Sales",16620,"Basagni","Arco"
"Sales",285889,"Beerel","Tomoyuki"
"Sales",16641,"Driscoll","Yurii"
"Sales",496354,"Emden","Leon"
"Sales",16645,"Babb","Jordanka"
"Sales",16647,"Gadepally","Zhiwei"
"Sales",16668,"Mungall","Rosalie"
"Sales",496342,"Adachi","Uriel"
"Sales",16885,"Stentiford","Ronghao"
"Sales",16893,"Dratva","Tomoyuki"
"Sales",16972,"Baezner","Kotesh"
"Sales",16993,"Dahlbom","Hongzue"
"Sales",17007,"Fujisawa","Muzhong"
"Sales",496315,"Anger","Yuichiro"
"Sales",17026,"Hockney","Sham"
"Sales",17069,"Stentiford","Ramalingam"
"Sales",251188,"Liesche","Florian"
"Sales",17169,"Yeung","Kaijung"
"Sales",17197,"Rothe","Hidefumi"
"Sales",496257,"Hatcliff","Kokou"
"Sales",438958,"Renear","TRUE"
"Sales",251223,"Vigier","Premsyl"
"Sales",251235,"Thorensen","Sugwoo"
"Sales",17399,"Serre","Zita"
"Sales",496249,"Dehkordi","Adas"
"Sales",251261,"McAffer","Suzette"
"Sales",17429,"Ossenbruggen","Aris"
"Sales",17459,"Delgrange","Xuejun"
"Sales",17534,"Crelier","Indrajit"
"Sales",496193,"Sankaranarayanan","Jamaludin"
"Sales",17735,"Gerlach","Berni"
"Sales",251508,"Malabarba","Christ"
"Sales",17797,"Solares","Yefim"
"Sales",17801,"Alvarado","Taegyun"
"Sales",17830,"Kruskal","Tze"
"Sales",18174,"Bale","Uta"
"Sales",18602,"Jonsson","Stepehn"
"Sales",251590,"Nitsch","Shigeichiro"
"Sales",18639,"Unni","Reinhold"
"Sales",251603,"Baar","Yunming"
"Sales",496111,"Savasere","Ulises"
"Sales",18694,"Boreale","Udaiprakash"
"Sales",251609,"Griswold","Xiaoheng"
"Sales",448700,"Lenart","Weiwu"
"Sales",448698,"Hofman","Falguni"
"Sales",18988,"Reeken","Berry"
"Sales",251625,"Snyers","Fusako"
"Sales",251630,"Nergos","Munehiro"
"Sales",19017,"Ducloy","Sibyl"
"Sales",19019,"Murtafg","Fuqing"
"Sales",251634,"Heping","Carrsten"
"Sales",19215,"Oxenboll","Zhenbing"
"Sales",19219,"Chorvat","Troy"
"Sales",19220,"Beidas","Khaled"
"Sales",496068,"Haraldson","Anneke"
"Sales",19269,"Hmelo","Mara"
"Sales",496061,"Uhrik","Tran"
"Sales",19580,"Tagansky","Stein"
"Sales",251692,"Shanbhogue","Ferdinand"
"Sales",19624,"Wolniewicz","Younwoo"
"Sales",19628,"Berstel","Sanjai"
"Sales",19703,"Marchegay","Gopalakrishnan"
"Sales",19889,"Reinhard","Hongzue"
"Sales",19890,"McFarlin","Surveyors"
"Sales",19907,"Minakawa","Xiaobin"
"Sales",19916,"Oxman","Shuji"
"Sales",448676,"Pollock","Shahaf"
"Sales",19951,"Hasenauer","Oksana"
"Sales",438950,"Boissier","Sungwon"
"Sales",448670,"Etalle","Munehiko"
"Sales",20004,"Pfau","Radoslaw"
"Sales",285915,"Ranze","Seongbin"
"Sales",495957,"Weisert","Goetz"
"Sales",20053,"Zambonelli","Eldridge"
"Sales",495926,"Trachtenberg","Constantino"
"Sales",20203,"Marzano","Huai"
"Sales",20277,"Heiserman","Sasan"
"Sales",495857,"Sgarro","Hugh"
"Sales",495852,"Picci","Shakhar"
"Sales",251779,"Peyn","Tadahiko"
"Sales",495832,"Hopewell","Wojceich"
"Sales",20399,"Lagarias","Yakkov"
"Sales",495823,"Pettit","Yishay"
"Sales",448650,"Makinen","Debatosh"
"Sales",251788,"Zaccaria","Masamitsu"
"Sales",495810,"Lorch","Kolar"
"Sales",20469,"Srimani","Christophe"
"Sales",20470,"Ravishankar","JiYoung"
"Sales",20471,"Haumacher","Gino"
"Sales",20543,"Cronau","Zhonghui"
"Sales",20561,"Doering","Mabo"
"Sales",251799,"Brender","Gift"
"Sales",285955,"Coors","Paraskevi"
"Sales",448644,"Puppo","Hinrich"
"Sales",20653,"Mellouli","Shigenori"
"Sales",495751,"Solovay","Bernardo"
"Sales",20671,"Baig","Adhemar"
"Sales",20758,"Decleir","Branimir"
"Sales",20765,"Viele","Steve"
"Sales",495700,"Bach","Moti"
"Sales",20808,"Hammerschmidt","Boguslaw"
"Sales",20827,"Leslie","Wonhee"
"Sales",20829,"Straney","Shaleah"
"Sales",294164,"Hennings","Subhada"
"Sales",21154,"Waleschkowski","Aksel"
"Sales",21164,"Ramsay","Marsha"
"Sales",495653,"Sudbeck","Shunichi"
"Sales",21189,"Vitiello","Christfried"
"Sales",21191,"Rusterholz","Jacopo"
"Sales",251923,"Mungall","Arno"
"Sales",495651,"Tokunaga","Marek"
"Sales",251926,"Lorho","Paris"
"Sales",21418,"Sabnani","Sugwoo"
"Sales",21439,"Masand","Gonzalo"
"Sales",21452,"Velardi","Noritoshi"
"Sales",251932,"Krone","Dmitry"
"Sales",251948,"Gimarc","Sangeeta"
"Sales",286008,"Ozery","Shigeu"
"Sales",21496,"Norsworthy","Hironobu"
"Sales",252141,"Pillow","Djelloul"
"Sales",495639,"Vanwelkenhuysen","Marko"
"Sales",21888,"Schaap","Neelam"
"Sales",495615,"Rosis","Tetsushi"
"Sales",21987,"Fontet","Dipankar"
"Sales",286026,"Zaumen","Utpal"
"Sales",22023,"Vidya","Mart"
"Sales",252164,"Morrow","Foong"
"Sales",22264,"Lung","Adam"
"Sales",22279,"Kornyak","Aamer"
"Sales",22299,"Khalid","Yunming"
"Sales",252207,"Lung","Supot"
"Sales",22364,"Poehlman","Becky"
"Sales",22365,"Kading","Sumali"
"Sales",22369,"Ranum","Xuejun"
"Sales",252234,"Hasenauer","Haldon"
"Sales",22459,"Carrere","Munehiro"
"Sales",495534,"Greibach","Narain"
"Sales",495524,"Gyorkos","Somnath"
"Sales",22571,"Speel","Shem"
"Sales",22572,"Debuse","Clyde"
"Sales",252248,"Emmart","Qunsheng"
"Sales",252249,"Azumi","Sasan"
"Sales",252250,"Shrader","Toshiko"
"Sales",22650,"Langford","Yannis"
"Sales",495505,"Baby","Bedir"
"Sales",495503,"Baezner","Hatsukazu"
"Sales",22717,"Anger","Leif"
"Sales",495495,"Lodder","Piyawadee"
"Sales",252274,"Masada","Toshimori"
"Sales",495481,"Furedi","Shen"
"Sales",286119,"Baezner","Adly"
"Sales",252303,"Basawa","Akhilish"
"Sales",495460,"Penn","Fan"
"Sales",22825,"Birta","Khoa"
"Sales",495454,"Kropp","Ramzi"
"Sales",22852,"Birjandi","Marin"
"Sales",495439,"Akaboshi","Claude"
"Sales",22876,"Godskesen","Make"
"Sales",22892,"Monkewich","Giao"
"Sales",252581,"Luef","Rosine"
"Sales",22985,"Champarnaud","Ekawit"
"Sales",22999,"Erde","Chiranjit"
"Sales",23040,"Genin","Sukumar"
"Sales",24596,"Stranks","Ayonca"
"Sales",24651,"Zastre","Karlis"
"Sales",495213,"Ariola","Jeanna"
"Sales",252620,"Peral","Vishv"
"Sales",24711,"Melton","Gritta"
"Sales",25082,"Pearson","Malu"
"Sales",25085,"Usery","Tran"
"Sales",25089,"Flexer","Takahiro"
"Sales",495154,"Poulakidas","Abdelaziz"
"Sales",25161,"Rosca","Bokyung"
"Sales",494896,"Koyama","Ibibia"
"Sales",25206,"Zyda","Berna"
"Sales",25399,"Servieres","Niclas"
"Sales",25451,"Beausoleil","Koldo"
"Sales",25455,"Jiafu","Pantung"
"Sales",25466,"Herber","Chiranjit"
"Sales",25496,"Passafiume","Tamiya"
"Sales",25517,"Prochazka","Aimee"
"Sales",25518,"Milicic","Shiv"
"Sales",253016,"Miara","Etsuo"
"Sales",25749,"Rebaine","Mara"
"Sales",494565,"Ghazalie","Udi"
"Sales",25754,"Delgrande","Arun"
"Sales",25766,"Bain","Garnet"
"Sales",494557,"Cheshire","Adit"
"Sales",494546,"Antonakopoulos","Yolla"
"Sales",25791,"Jullig","Claude"
"Sales",25831,"Levasseur","Xiping"
"Sales",494541,"Hempstead","Aram"
"Sales",253067,"Zultner","Zorica"
"Sales",286143,"Botman","Atreye"
"Sales",26472,"Griswold","Xiaoshan"
"Sales",448568,"Servieres","Takahito"
"Sales",253088,"Hofman","Martine"
"Sales",494497,"Debuse","Kirk"
"Sales",253094,"Syrotiuk","Hugh"
"Sales",253114,"Stifter","Zongyan"
"Sales",253126,"Birta","Alejandro"
"Sales",448199,"Harllee","Flemming"
"Sales",494487,"Alpay","Luerbio"
"Sales",253505,"Peternell","Baruch"
"Sales",27133,"Bondorf","Lenore"
"Sales",27223,"Delgrossi","Noritoshi"
"Sales",27235,"Piveteau","Hein"
"Sales",27243,"Garigliano","Fumiya"
"Sales",494440,"Karlin","Chenye"
"Sales",292258,"Marquardt","Oddvar"
"Sales",494439,"Hambrick","Premal"
"Sales",27315,"Lemarechal","Tze"
"Sales",494418,"Nergos","Augustine"
"Sales",494413,"Stassinopoulos","Arve"
"Sales",253521,"Boguraev","Jaewoo"
"Sales",27451,"Hennebert","Fayez"
"Sales",494336,"Siksek","Aksel"
"Sales",27515,"Suessmith","Yakkov"
"Sales",27526,"Lubachevsky","Margareta"
"Sales",27600,"Pargas","Hiroyasu"
"Sales",27616,"Benner","Xuedong"
"Sales",27640,"Thambidurai","Brendon"
"Sales",253629,"Kriebel","Quingbo"
"Sales",253639,"Krone","Arlette"
"Sales",253662,"Diderrich","Gilbert"
"Sales",448128,"Kornatzky","Chaosheng"
"Sales",27739,"Piancastelli","Youssef"
"Sales",27778,"Lorie","Neven"
"Sales",448108,"Tomescu","Heon"
"Sales",27867,"Ulupinar","Holgard"
"Sales",438500,"Ellozy","Siamak"
"Sales",253751,"Ligten","Neelam"
"Sales",253752,"Murillo","Fumitaka"
"Sales",27887,"Skogmar","Shigeichiro"
"Sales",286196,"Gewali","Trygve"
"Sales",253764,"Zedlitz","Sham"
"Sales",253770,"Turnbull","Florina"
"Sales",253772,"Junet","Irene"
"Sales",253773,"Ranon","Martien"
"Sales",28010,"Shrader","Sugwoo"
"Sales",28021,"Mitzlaff","Lucien"
"Sales",28026,"Huttel","Chiradeep"
"Sales",28247,"Parascandalo","Morris"
"Sales",28274,"Koblick","Arfst"
"Sales",253804,"Fiutem","Martine"
"Sales",28322,"Millington","Premal"
"Sales",286197,"Suri","Xinglin"
"Sales",28347,"Bael","Jaques"
"Sales",28383,"Chimia","Gladys"
"Sales",253821,"Sinitsyn","Fumino"
"Sales",253836,"Tasistro","Dzung"
"Sales",28401,"Maquelin","Candida"
"Sales",253848,"Einsfeld","Seongbae"
"Sales",28703,"Remmele","Tremaine"
"Sales",28713,"Jenevein","Radoslaw"
"Sales",494073,"Hennebert","Shakhar"
"Sales",29086,"Smeets","Vasilis"
"Sales",438493,"Schiper","Domenick"
"Sales",29137,"Basart","Zeljko"
"Sales",29151,"Hettesheimer","Slavian"
"Sales",29196,"Chinin","Werner"
"Sales",29199,"Mondadori","Chaoyi"
"Sales",29217,"Bridgland","Aamer"
"Sales",29224,"Peck","Shugo"
"Sales",29456,"Krohm","Barun"
"Sales",29485,"Shobatake","Ortrun"
"Sales",253939,"Luders","Sanjai"
"Sales",29521,"Msuda","Tsutomu"
"Sales",447845,"Kavvadias","Gritta"
"Sales",29548,"Lunt","Petter"
"Sales",29570,"Edelhoff","Bangqing"
"Sales",253950,"Cangellaris","Duangkaew"
"Sales",29822,"Sifakis","Prodip"
"Sales",29875,"Poujol","Vesna"
"Sales",29879,"Khasidashvili","Akhilish"
"Sales",29890,"Lores","Stabislas"
"Sales",254155,"Blokdijk","Hisao"
"Sales",493977,"Chandrasekhar","Valter"
"Sales",30128,"Jansch","Selwyn"
"Sales",30132,"Ladret","Yuqun"
"Sales",447813,"Rothenberg","Fuqing"
"Sales",254203,"Milicic","Rutger"
"Sales",30445,"Compeau","Satoru"
"Sales",30467,"Itzfeldt","Christophe"
"Sales",30484,"Chvatal","Sailaja"
"Sales",447780,"Boudaillier","Luerbio"
"Sales",30801,"Peac","Mihalis"
"Sales",30803,"Potthoff","Hailing"
"Sales",30830,"Lanzelotte","Yannis"
"Sales",493813,"Tzvieli","IEEE"
"Sales",292282,"Anily","Golgen"
"Sales",254263,"Cullers","Moon"
"Sales",31135,"Hebert","Lokesh"
"Sales",31156,"Benantar","Steen"
"Sales",31218,"Vernadat","Shounak"
"Sales",31224,"Apsitis","Uta"
"Sales",31467,"Thebaut","Ramya"
"Sales",31468,"Frolund","Chiranjit"
"Sales",31491,"Selenyi","Sigeru"
"Sales",31534,"McAlpine","LiMin"
"Sales",31553,"Munck","Bikash"
"Sales",31554,"Cochrane","Mitsuyuki"
"Sales",254313,"Heuter","Weiwu"
"Sales",31565,"Nourani","Duro"
"Sales",493720,"Sridhar","Juyoung"
"Sales",31780,"Farrow","Ronnie"
"Sales",31791,"Debuse","Saddek"
"Sales",31824,"Pezzoli","Remko"
"Sales",31825,"Zyda","Xuedong"
"Sales",31826,"Miara","Arnould"
"Sales",31871,"Merks","Constantijn"
"Sales",493680,"Iivonen","Niranjan"
"Sales",31898,"Bierman","Laurentiu"
"Sales",32267,"Meriste","Jeanna"
"Sales",32337,"Ghalwash","Fumitake"
"Sales",447712,"Lores","Mariusz"
"Sales",447529,"Petereit","Aamod"
"Sales",493628,"Hempstead","Cristinel"
"Sales",493626,"Plumb","Parke"
"Sales",32613,"Asrin","Koichi"
"Sales",32638,"Bakhtari","Marjo"
"Sales",32653,"Wielonsky","Renny"
"Sales",32664,"Pashtan","Charmane"
"Sales",254844,"Vieth","Dayanand"
"Sales",32696,"Hofstetter","Luisa"
"Sales",32724,"Janocha","Alselm"
"Sales",254862,"Zhiwei","Stevo"
"Sales",32735,"Simkin","Ewing"
"Sales",32741,"Mellouli","Susuma"
"Sales",493561,"Kitai","Hyuckchul"
"Sales",493551,"Bridgland","Fox"
"Sales",32931,"DasSarma","Almudena"
"Sales",254882,"Bondorf","Arunas"
"Sales",254911,"Orlowska","Shalesh"
"Sales",493456,"Godskesen","Jianwen"
"Sales",33068,"Garnick","TRUE"
"Sales",33082,"Muntz","Moto"
"Sales",254927,"Bashian","Kazuhide"
"Sales",33353,"Fasbender","Eishiro"
"Sales",33360,"Nergos","JoAnna"
"Sales",33394,"Brender","Xinan"
"Sales",33429,"Birsak","Barton"
"Sales",493392,"Zlotek","Gilbert"
"Sales",493351,"Foote","Ekawit"
"Sales",33717,"Esposito","Uli"
"Sales",33727,"Highland","Uno"
"Sales",33735,"Cardazo","Charlene"
"Sales",254992,"Schrooten","KayLiang"
"Sales",34049,"Brookner","Tadanori"
"Sales",34077,"Sichman","Angel"
"Sales",34471,"Demeyer","Odysseas"
"Sales",493250,"Sichman","Kazuhide"
"Sales",34590,"Glowinski","Ranga"
"Sales",493237,"Heuser","Valery"
"Sales",34806,"Simmen","Marsja"
"Sales",34826,"Mamelak","Annemarie"
"Sales",34839,"Kermarrec","Henk"
"Sales",255099,"Felder","Yakichi"
"Sales",286404,"Leaver","Rafail"
"Sales",255143,"Bierman","Jessie"
"Sales",35152,"Lubachevsky","Khaled"
"Sales",292481,"Otillio","Garnet"
"Sales",35178,"Miara","Stevo"
"Sales",447498,"Langford","Kazuhira"
"Sales",35251,"Gustavson","Sudhanshu"
"Sales",493167,"Angel","Greger"
"Sales",255173,"Schaft","Mara"
"Sales",255189,"Kawashimo","Theron"
"Sales",447474,"Setiz","Shaunak"
"Sales",35497,"Bouloucos","Stamatina"
"Sales",35509,"Journel","Nikolaus"
"Sales",255198,"Cmelik","Jiann"
"Sales",286454,"Flexer","JoAnne"
"Sales",35581,"Straney","Randi"
"Sales",255221,"Vandervoorde","Lech"
"Sales",255234,"Lorys","Susuma"
"Sales",493113,"Oaver","Paloma"
"Sales",35862,"Laventhal","Srinidhi"
"Sales",35874,"Melter","Zeydy"
"Sales",255284,"Colorni","Stepehn"
"Sales",447455,"Vrecion","Yucai"
"Sales",35922,"Marsiglia","Luisa"
"Sales",36953,"Butner","Lihong"
"Sales",286464,"Rodite","Xiaocheng"
"Sales",37087,"Angel","Claudi"
"Sales",493094,"Fordan","Mack"
"Sales",493090,"Heping","Tesuya"
"Sales",493088,"Uhrik","Kokou"
"Sales",493076,"Baer","Fox"
"Sales",37348,"Ratzlaff","Zhiguo"
"Sales",37375,"Gide","Gao"
"Sales",37623,"Staylopatis","Parviz"
"Sales",37678,"Chinin","Shay"
"Sales",37709,"Schahn","Uno"
"Sales",37751,"DuBourdieux","Jacopo"
"Sales",286487,"Papastamatiou","Eldridge"
"Sales",37962,"Radivojevic","Boriana"
"Sales",37965,"Heiserman","Stafford"
"Sales",37983,"Naudin","Georgy"
"Sales",493059,"Baez","Koichi"
"Sales",38053,"Falby","Mrinalini"
"Sales",38088,"Emmart","Guiseppe"
"Sales",493041,"Emmart","Arup"
"Sales",493029,"Potthoff","Jeanna"
"Sales",38331,"Basart","Manibrata"
"Sales",38347,"Woycyznski","Tzu"
"Sales",493003,"Erev","Vitali"
"Sales",492995,"Schonegge","Magy"
"Sales",38417,"Marchegay","Franziska"
"Sales",38431,"Ferretti","Masanao"
"Sales",447410,"Vingron","Jolita"
"Sales",38817,"Pashtan","Douadi"
"Sales",38821,"Ramsak","Nectarios"
"Sales",38831,"Denny","Miyeon"
"Sales",38855,"Koyama","Florian"
"Sales",447401,"Feinberg","Perry"
"Sales",38894,"Schach","Martijn"
"Sales",492954,"Hanratty","Piyush"
"Sales",492952,"Sudbeck","Aral"
"Sales",38938,"Figueira","Przemyslawa"
"Sales",492949,"Pollock","Dinkar"
"Sales",492940,"Swift","Hugh"
"Sales",492933,"Masada","Xuejia"
"Sales",39158,"Sewelson","Leah"
"Sales",39162,"Bodoff","Tayeb"
"Sales",39253,"Gecsei","Koichi"
"Sales",39261,"Zeidenstein","Hirochika"
"Sales",39271,"Rahimi","Gianluca"
"Sales",39488,"Apsitis","George"
"Sales",39496,"Comte","Subhankar"
"Sales",256410,"Landherr","Aimee"
"Sales",39573,"Champarnaud","Chaitali"
"Sales",39583,"Bernini","Emdad"
"Sales",39610,"Nastansky","Roselyn"
"Sales",39827,"Stemann","Paris"
"Sales",39858,"Hettesheimer","Waiman"
"Sales",39871,"Stasinski","Torsten"
"Sales",39938,"Karner","Ronnie"
"Sales",39948,"Rotem","Gino"
"Sales",40189,"Cyne","Steve"
"Sales",492833,"Piancastelli","Foong"
"Sales",40218,"Muchinsky","Petter"
"Sales",492792,"Conia","Salvador"
"Sales",40510,"Grospietsch","Lubomir"
"Sales",256587,"Kolinko","Keiichiro"
"Sales",40582,"Siksek","Bedrich"
"Sales",40984,"Ruther","Snehasis"
"Sales",256589,"Chenoweth","Xiong"
"Sales",41082,"Speek","Suebskul"
"Sales",41103,"Sudkamp","Christfried"
"Sales",41113,"Tetzlaff","Margo"
"Sales",41119,"Wolniewicz","TRUE"
"Sales",41302,"Validov","Naftaly"
"Sales",41344,"Kinley","Marin"
"Sales",41367,"Kuszyk","Chandrasekaran"
"Sales",492743,"Preusig","Aram"
"Sales",41449,"Kirkerud","Kendra"
"Sales",256655,"Mundy","Guiseppe"
"Sales",41463,"McClurg","Trygve"
"Sales",41478,"Socorro","Reinhard"
"Sales",41489,"Gecseg","Oddvar"
"Sales",492703,"Tsukune","Nahid"
"Sales",41510,"Gulik","Masanao"
"Sales",447369,"Stroustrup","Shay"
"Sales",258344,"Swist","Sanjeeva"
"Sales",492702,"Chappelet","Hein"
"Sales",41600,"Vigier","Adly"
"Sales",286616,"Perin","Zine"
"Sales",41675,"Linares","Vivian"
"Sales",41710,"Haldar","Weiru"
"Sales",41775,"Karnin","Genki"
"Sales",41821,"Shanbhogue","Owen"
"Sales",492641,"Azulay","Mori"
"Sales",258385,"Vesna","Tsz"
"Sales",41959,"Middleton","Fumiyo"
"Sales",492635,"Mansanne","Steen"
"Sales",42161,"Landherr","Sanjiv"
"Sales",286621,"Limongiello","Takanari"
"Sales",42208,"Guenter","Gao"
"Sales",447337,"Ghazalie","Ghassan"
"Sales",492582,"Stranks","Sumant"
"Sales",492553,"Conia","Armond"
"Sales",447295,"Shihab","Waiman"
"Sales",447284,"Birjandi","Chinho"
"Sales",42326,"Bazzichi","Sreenivas"
"Sales",286629,"Lindqvist","Mircea"
"Sales",447276,"Beutelspacher","Shirish"
"Sales",42385,"Birch","Oddvar"
"Sales",42409,"Nitto","Hailing"
"Sales",42411,"Picaronny","Junsik"
"Sales",438123,"Marsiglia","Isamu"
"Sales",42436,"Uludag","Shay"
"Sales",258499,"Fandrianto","Jouko"
"Sales",42491,"Prochazka","Tetsushi"
"Sales",258682,"Liedekerke","Basil"
"Sales",447259,"Underwood","Tiina"
"Sales",447239,"Furudate","Ashish"
"Sales",258715,"Validov","Ebbe"
"Sales",42817,"Ulupinar","Mohd"
"Sales",42833,"Alameldin","Kousuke"
"Sales",42881,"Wendorf","Stamatina"
"Sales",42913,"Bierman","Sachem"
"Sales",258775,"Chinin","Stella"
"Sales",492478,"Cherinka","Marsha"
"Sales",43176,"Lorin","Karsten"
"Sales",43227,"Peltason","Gou"
"Sales",43246,"Oskamp","Berthier"
"Sales",43282,"Schiettecatte","Bokyung"
"Sales",492379,"Detkin","Bernd"
"Sales",43343,"Tibblin","Abdulla"
"Sales",43376,"Parhami","Bernice"
"Sales",43393,"Fraisse","Renee"
"Sales",43413,"Kawashimo","Jouni"
"Sales",258829,"Beznosov","Aimee"
"Sales",43441,"Akiyama","Kazuhiro"
"Sales",43468,"Katzenelson","Stepehn"
"Sales",43651,"Fontet","Sukumar"
"Sales",492369,"Furudate","Ebbe"
"Sales",43681,"Yoshizawa","Abdelwaheb"
"Sales",259073,"Barriga","Ortrud"
"Sales",43710,"Merey","Christfried"
"Sales",43714,"Binding","Chiradeep"
"Sales",492341,"Menhardt","Odysseas"
"Sales",43732,"Coorg","Dietrich"
"Sales",43766,"Picci","IEEE"
"Sales",259078,"Swen","Tsuneo"
"Sales",43792,"Huhdanpaa","Dmitry"
"Sales",43835,"Tasistro","Shir"
"Sales",43843,"Detkin","Qingxiang"
"Sales",438097,"Leslie","Sushant"
"Sales",43934,"Klerer","Nagui"
"Sales",259855,"Harnett","Gaetan"
"Sales",44015,"Limongiello","Yuguang"
"Sales",259861,"Meriste","Diederik"
"Sales",44075,"Isaac","Gou"
"Sales",492252,"Falco","Satosi"
"Sales",447195,"Ruemmler","Jaques"
"Sales",259874,"Chorvat","Kensyu"
"Sales",492237,"Gecsei","Shalesh"
"Sales",44111,"Streit","Sugwoo"
"Sales",44112,"Heystek","Alain"
"Sales",44134,"Azevdeo","Uri"
"Sales",259881,"Pehl","Kerhong"
"Sales",286715,"Linares","Moti"
"Sales",44326,"Verspoor","Dmitri"
"Sales",44330,"Wilharm","Adam"
"Sales",259935,"Pellegrinelli","Frazer"
"Sales",259976,"Bage","Kaijung"
"Sales",259995,"Sabnani","DAIDA"
"Sales",44459,"Panienski","Aluzio"
"Sales",492124,"Borovoy","Tomofumi"
"Sales",260003,"Pappas","Conrado"
"Sales",44549,"Cooke","Gregory"
"Sales",44576,"Neiman","Khatoun"
"Sales",44594,"Munch","Ziva"
"Sales",44596,"Heinisuo","Niclas"
"Sales",44810,"Bazelow","Zhenhua"
"Sales",44827,"Lindqvist","Akeno"
"Sales",44872,"Whittlesey","Miyeon"
"Sales",44875,"Reinhart","Goh"
"Sales",261209,"Bonifati","Odoardo"
"Sales",45219,"Polupanov","Lalit"
"Sales",45240,"Dusink","Shai"
"Sales",45271,"Dredge","Suzette"
"Sales",261238,"Polajnar","Anneke"
"Sales",45436,"Limongiello","Gila"
"Sales",45455,"Fujisawa","Leandro"
"Sales",45465,"Cronan","Yaghout"
"Sales",491998,"Masand","Maja"
"Sales",45483,"Peltason","Hercules"
"Sales",45498,"Angelopoulos","Georg"
"Sales",491970,"Hitomi","Tadahiro"
"Sales",491950,"Goldhammer","Rosine"
"Sales",45517,"Bratsberg","Xinglin"
"Sales",286785,"Munro","Van"
"Sales",45603,"Peres","Sushant"
"Sales",286803,"Azumi","Serge"
"Sales",261337,"Leslie","Deniz"
"Sales",45639,"Brendel","Yuichiro"
"Sales",491922,"Litvinov","Jouni"
"Sales",45815,"Kusalik","Falguni"
"Sales",45818,"Rabehasaina","Lenore"
"Sales",45820,"Nivat","Kish"
"Sales",45890,"Kropp","Mani"
"Sales",491899,"Ananiadou","Mary"
"Sales",491855,"Bain","Aksel"
"Sales",45928,"Thiran","Somnath"
"Sales",46201,"McConalogue","Nikolaus"
"Sales",286827,"Merey","Yunming"
"Sales",262070,"Koshiba","Atreyi"
"Sales",46275,"Reinhart","Richara"
"Sales",491798,"Ghandeharizadeh","Ipke"
"Sales",46294,"Linnainmaa","Kwun"
"Sales",491773,"Kopetz","Mayumi"
"Sales",46545,"Cummings","Remko"
"Sales",46560,"Bain","Tamiya"
"Sales",262085,"Oberman","Pohua"
"Sales",46594,"Chimia","Sadegh"
"Sales",46598,"Rodite","Paloma"
"Sales",491737,"Beznosov","Alassane"
"Sales",46625,"Baby","Ferdinand"
"Sales",491723,"Schrift","Sanjoy"
"Sales",46838,"Marzano","Yakichi"
"Sales",491719,"Collette","Steen"
"Sales",46975,"Cherinka","Basil"
"Sales",47181,"Mitzlaff","Remko"
"Sales",491674,"Glinert","Tianruo"
"Sales",262138,"Nicolson","Danny"
"Sales",47702,"Vieri","Juyoung"
"Sales",262164,"Ashish","Abdulla"
"Sales",47746,"Budinsky","Elzbieta"
"Sales",47796,"Bottner","Jungsoon"
"Sales",48002,"Buchter","Richard"
"Sales",262182,"Mungall","Cullen"
"Sales",48022,"Chaudhuri","Mohua"
"Sales",491522,"Luan","Anneli"
"Sales",286852,"Oppitz","Anwar"
"Sales",48137,"Delgrossi","Weiwu"
"Sales",447104,"Crabtree","Wanqing"
"Sales",286854,"Chandrasekhar","Sivanarayana"
"Sales",48400,"Dayana","Seongbae"
"Sales",48410,"Saoudi","Macha"
"Sales",48457,"Pearson","Gopalakrishnan"
"Sales",491478,"Varman","Gill"
"Sales",263165,"Schrooten","Valter"
"Sales",48479,"Munoz","Diederik"
"Sales",491471,"Dymetman","Mariangiola"
"Sales",48675,"Kossowski","Cheong"
"Sales",48678,"Nilsson","Ravishankar"
"Sales",48733,"Gerteisen","Quingbo"
"Sales",48748,"Kalafatis","Mooi"
"Sales",48769,"Collette","Aram"
"Sales",49012,"Bakhtari","Marla"
"Sales",49027,"Cichocki","Paloma"
"Sales",286864,"Lienhardt","Larisa"
"Sales",49044,"Wolniewicz","Ulf"
"Sales",49054,"Remmers","Baocai"
"Sales",49128,"Kuzuoka","Sarita"
"Sales",49349,"Perl","Shuichi"
"Sales",491425,"Ladret","Tayeb"
"Sales",263225,"Kusakari","Ioana"
"Sales",49474,"Docker","Lijie"
"Sales",491393,"Ossenbruggen","Hyuncheol"
"Sales",286877,"Halloran","Yinghua"
"Sales",49874,"Birke","Masali"
"Sales",263278,"Dayang","Constantino"
"Sales",49958,"Esposito","Subhankar"
"Sales",49982,"Kalefeld","Huican"
"Sales",50190,"Schusler","Remko"
"Sales",50254,"Servi","Aiman"
"Sales",50260,"Shigei","Qiwen"
"Sales",50274,"Boudaillier","Horward"
"Sales",50522,"Babu","Hongzhu"
"Sales",263354,"Caine","Emdad"
"Sales",50576,"Muchinsky","Debatosh"
"Sales",50632,"Bale","Martins"
"Sales",263370,"Ranze","Shakhar"
"Sales",50662,"McClure","Munehiro"
"Sales",50887,"Suppi","Odysseas"
"Sales",50939,"Piveteau","Aiman"
"Sales",51175,"Lorho","Mark"
"Sales",51188,"Markovitch","Sanjoy"
"Sales",51196,"Spelt","Krisda"
"Sales",286893,"Yurek","Parke"
"Sales",263422,"Moffat","Magy"
"Sales",51308,"Glowinski","Abdulah"
"Sales",51316,"Solovay","Divier"
"Sales",51690,"Norsworthy","Xiping"
"Sales",51715,"Bahi","Weicheng"
"Sales",490961,"Beidas","Zongyan"
"Sales",51716,"Takkinen","Dannz"
"Sales",51777,"Schaaf","Kristen"
"Sales",52012,"Bojadziev","Arunachalam"
"Sales",490949,"Gerteisen","Vatsa"
"Sales",52049,"Peroz","Zhigen"
"Sales",292510,"Majewski","Lorien"
"Sales",52111,"Dulli","Przemyslawa"
"Sales",52152,"Moehrke","Uma"
"Sales",52342,"Karcich","Niranjan"
"Sales",263466,"Lubachevsky","Baruch"
"Sales",52354,"Rabehasaina","Tamiya"
"Sales",52423,"Wossner","Zhanqiu"
"Sales",52424,"Wielonsky","Panayotis"
"Sales",52469,"Andreotta","Claude"
"Sales",263511,"Georgatos","Katsuyuki"
"Sales",52728,"Luke","Takahira"
"Sales",490672,"Jansch","Arun"
"Sales",52795,"Plotkin","Jiang"
"Sales",52812,"Fujisawa","Jaber"
"Sales",52827,"Deverell","Kasidit"
"Sales",52830,"Peron","Kitty"
"Sales",53028,"Rebaine","Shigeaki"
"Sales",490614,"Norsworthy","Siddarth"
"Sales",53074,"Gerlach","Kristen"
"Sales",438082,"Birta","Shigeu"
"Sales",53085,"Melter","Ziyad"
"Sales",53092,"England","Tetsushi"
"Sales",263706,"Czaja","Isaac"
"Sales",53354,"Koprowski","Leah"
"Sales",53407,"Zlotek","Alois"
"Sales",53416,"Gist","Oddvar"
"Sales",53437,"Huttel","Shahid"
"Sales",53440,"Panangaden","Saniya"
"Sales",438067,"Walstra","Chenye"
"Sales",53863,"Macedo","Ibibia"
"Sales",490364,"Chepyzhov","Pragnesh"
"Sales",53936,"Milicic","Fusako"
"Sales",263755,"Bottner","Nechama"
"Sales",53951,"Halevi","Houman"
"Sales",53958,"Olano","Marla"
"Sales",53959,"Stellhorn","Christoph"
"Sales",296011,"Luders","Sasan"
"Sales",53989,"Leijenhorst","Mohamadou"
"Sales",53998,"Ghandeharizadeh","Youjian"
"Sales",54196,"Bahl","Jiafu"
"Sales",490324,"McClurg","Hercules"
"Sales",490319,"Fujisawa","Girolamo"
"Sales",446739,"Portugali","Turgut"
"Sales",54293,"Sanella","Yongdong"
"Sales",54339,"Schurmann","Berhard"
"Sales",54522,"Birsak","Zengping"
"Sales",286933,"Baaleh","Tommaso"
"Sales",286936,"Poujol","Danny"
"Sales",446735,"Tiemann","Taizo"
"Sales",263815,"Wiegley","Maik"
"Sales",490263,"Uehara","Xiaopeng"
"Sales",54600,"Maquelin","Mahendra"
"Sales",263820,"Kampfer","Yinlin"
"Sales",54640,"Lindqvist","Jinya"
"Sales",54649,"Trystram","Sanjai"
"Sales",490199,"Menhoudj","Satyanarayana"
"Sales",55294,"Spieker","Patricia"
"Sales",490148,"Parveen","Constantijn"
"Sales",55347,"Kermarrec","Nathalie"
"Sales",490104,"Lowrie","Adhemar"
"Sales",55776,"Herber","Filipe"
"Sales",286949,"Milicic","Prodip"
"Sales",55797,"Ranft","Jaewon"
"Sales",264337,"Hutter","Sham"
"Sales",490023,"Marshall","Kazuhiko"
"Sales",489992,"Sankaranarayanan","Zhenbing"
"Sales",489990,"Zlotek","Abdulla"
"Sales",446664,"Butner","Masaru"
"Sales",264380,"Spell","Koichi"
"Sales",56089,"Ventosa","Manibrata"
"Sales",56115,"Peltason","Breannda"
"Sales",489974,"Ressouche","Shounak"
"Sales",56136,"Buchter","Ramya"
"Sales",489934,"Anick","Alois"
"Sales",56377,"Taubenfeld","Mountaz"
"Sales",56391,"Kugler","Shuichi"
"Sales",56397,"Himler","Nechama"
"Sales",489906,"Griswold","Gregory"
"Sales",56406,"Schusler","Sachem"
"Sales",264399,"Dolinsky","Charlene"
"Sales",56699,"Kilgour","Sreenivas"
"Sales",56701,"Kobuchi","KayLiang"
"Sales",56711,"Riexinger","Zvonko"
"Sales",287010,"Morrey","Mrinalini"
"Sales",56719,"Bondorf","Pranav"
"Sales",56736,"Brodie","Oscar"
"Sales",56739,"Fraisse","Leaf"
"Sales",264438,"Lorie","Kwangjo"
"Sales",489901,"Schaad","Guther"
"Sales",56799,"Sooriamurthi","Gita"
"Sales",264439,"Baig","Munehiro"
"Sales",489898,"Pollacia","Tru"
"Sales",56817,"Kalorkoti","Tru"
"Sales",287019,"Iwayama","Ronnie"
"Sales",56836,"Deverell","Henk"
"Sales",57088,"Haumacher","Mizuhito"
"Sales",287026,"Salinas","Aral"
"Sales",57134,"Koyama","Pranjal"
"Sales",264494,"Itzfeldt","Yolla"
"Sales",57147,"Rebaine","Sigeru"
"Sales",489880,"Pearson","Nevio"
"Sales",57183,"Mayerwieser","Baoqiu"
"Sales",57398,"Puppo","Premal"
"Sales",489701,"Swab","Prasadram"
"Sales",57455,"Wossner","Moni"
"Sales",57467,"Sifakis","Spyrose"
"Sales",446589,"Swan","Zhaofang"
"Sales",57526,"Denis","Hatim"
"Sales",57881,"Demeyer","Giap"
"Sales",57908,"Monarch","Holgard"
"Sales",489698,"Poulakidas","Kazuhide"
"Sales",57939,"Majewski","Yechezkel"
"Sales",446586,"Bakhtari","Weiyi"
"Sales",57967,"Heiserman","Amabile"
"Sales",57975,"Kawashima","Masaru"
"Sales",446560,"Kruskal","Sanjit"
"Sales",264821,"Atrawala","Ingemar"
"Sales",57993,"Pehl","Abdelaziz"
"Sales",58020,"Leppanen","Wilmer"
"Sales",58549,"Hardjono","Goo"
"Sales",58556,"Soicher","Marlo"
"Sales",446541,"Brandsma","Djelloul"
"Sales",58563,"Bahi","Hongzhu"
"Sales",58567,"Scallan","Eric"
"Sales",58601,"Asser","Sungwon"
"Sales",58604,"Strooper","Ingemar"
"Sales",489555,"Rosti","Nathan"
"Sales",58694,"Kragelund","Kasidit"
"Sales",446537,"Puppe","Mitsuyuki"
"Sales",489321,"Curless","Greger"
"Sales",58898,"Veeraraghavan","Howell"
"Sales",264886,"Bugaenko","Kellyn"
"Sales",489254,"Coors","Tonny"
"Sales",59212,"Jeong","Koldo"
"Sales",264920,"Samarati","Percy"
"Sales",59282,"Garnick","Teiji"
"Sales",59290,"Rehfuss","Genki"
"Sales",59295,"Ducloy","Subbu"
"Sales",489024,"Thiran","Georgi"
"Sales",59315,"Schahn","Tadanori"
"Sales",59318,"Furedi","Mitsuyuki"
"Sales",59333,"Ratnaker","Fay"
"Sales",59345,"Irland","Udi"
"Sales",488938,"Pesch","Zeydy"
"Sales",60154,"Perry","Alejandro"
"Sales",60183,"Ramsey","Gadiel"
"Sales",60203,"Birnbaum","Frazer"
"Sales",60427,"Bamford","Aiichiro"
"Sales",60474,"Preusig","Roselyn"
"Sales",60504,"Rullman","Gor"
"Sales",446482,"Merkl","Rutger"
"Sales",265209,"Rosay","Vitaly"
"Sales",62431,"Gyorkos","Mamdouh"
"Sales",62436,"Picaronny","Weijing"
"Sales",488896,"Fandrianto","Abdelghani"
"Sales",62476,"Cooke","Yahiko"
"Sales",287094,"Caine","Doowon"
"Sales",62504,"Rajcani","Roded"
"Sales",446475,"Alameldin","Lunjin"
"Sales",488877,"Baca","Magy"
"Sales",437831,"Sooriamurthi","Gaetan"
"Sales",62948,"Merey","Becky"
"Sales",265286,"Mahmud","Inderjeet"
"Sales",265296,"Gubsky","Eberhardt"
"Sales",63014,"Syang","Guoxiang"
"Sales",63239,"Lichtman","Dannz"
"Sales",488632,"Baalen","Irena"
"Sales",63306,"Rusterholz","Guttorm"
"Sales",63317,"Kilgour","Haldun"
"Sales",488610,"Maierhofer","Eberhardt"
"Sales",488607,"Godskesen","Xudong"
"Sales",63328,"Valtorta","Duke"
"Sales",63355,"Rikino","Yongmao"
"Sales",63567,"Middleton","Kristinn"
"Sales",63591,"Zultner","Martien"
"Sales",265315,"Streit","Peternela"
"Sales",488603,"Aseltine","Jaihie"
"Sales",63664,"Schwaller","Tadahiko"
"Sales",63676,"Siprelle","Eishiro"
"Sales",287116,"Kornatzky","Lakshmi"
"Sales",63725,"Oskamp","Taiji"
"Sales",63914,"Klassen","Danny"
"Sales",265347,"Linares","Arvin"
"Sales",63943,"Karcich","Shai"
"Sales",63959,"Conia","Hirochika"
"Sales",63981,"Leuchs","Oscal"
"Sales",488562,"Lukaszewicz","Shigehiro"
"Sales",488558,"Marrevee","Yuqun"
"Sales",64017,"Wrigley","Magy"
"Sales",64066,"Barreiro","Marsha"
"Sales",64114,"Koyama","Arra"
"Sales",64115,"Broomell","Jaber"
"Sales",265699,"Krychniak","Kien"
"Sales",64214,"Boissier","Shahid"
"Sales",265720,"Otillio","Yucai"
"Sales",265726,"Esposito","Zhiguo"
"Sales",64375,"Kaiserswerth","Marit"
"Sales",64388,"Gimarc","Mechthild"
"Sales",64396,"Seiwald","Ayonca"
"Sales",64403,"Angiulli","Yuichiro"
"Sales",265775,"Ranka","Hilary"
"Sales",64415,"Muhlberg","Mingdong"
"Sales",296016,"Munoz","Ayakannu"
"Sales",265809,"Suri","Tamiya"
"Sales",488401,"Velasco","Ebru"
"Sales",64526,"Uehara","Masoud"
"Sales",64527,"Gaughan","Guenter"
"Sales",488124,"Iacovou","Christoper"
"Sales",488068,"Sabnani","Abdelghani"
"Sales",488055,"Huttel","Kazuhira"
"Sales",64942,"Iisaku","Fai"
"Sales",64943,"Chartres","Angel"
"Sales",64988,"Valette","Troy"
"Sales",65006,"Zambonelli","Tzu"
"Sales",65012,"Taubman","Arch"
"Sales",487797,"Chelton","Lobel"
"Sales",65038,"Bressoud","Arto"
"Sales",265826,"Laurillard","Hiroyasu"
"Sales",65485,"Barinka","Luisa"
"Sales",65559,"Nishimukai","Feipei"
"Sales",487786,"Sigstam","Alassane"
"Sales",65560,"Bade","Rosella"
"Sales",66090,"Kakkad","Maja"
"Sales",487785,"Gien","Angel"
"Sales",66140,"Walstra","Isamu"
"Sales",66141,"Huxford","Gita"
"Sales",265880,"Eugenio","Lokesh"
"Sales",66155,"Hasenauer","Ulises"
"Sales",66164,"Cappello","Kensyu"
"Sales",66174,"Gimarc","Ortrud"
"Sales",66187,"Manderick","Anestis"
"Sales",265903,"Angelov","Abdelkader"
"Sales",487783,"Halloran","Yuping"
"Sales",487766,"Panangaden","Kwangyoen"
"Sales",66764,"Ranon","Haldun"
"Sales",66865,"Biran","Akemi"
"Sales",66871,"Schneeberger","Somnath"
"Sales",66897,"Kaiser","Radhakrishnan"
"Sales",487642,"Lindenbaum","Mizuhito"
"Sales",67254,"Kobuchi","Eric"
"Sales",67255,"Dayang","Yefim"
"Sales",487625,"Janetzko","Mahendra"
"Sales",67339,"Mullainathan","Thanasis"
"Sales",265948,"Budinsky","Weiru"
"Sales",265969,"Byoun","Hiroyasu"
"Sales",67956,"Klyachko","Irene"
"Sales",68032,"Chinin","Ulf"
"Sales",265993,"Erez","Kagan"
"Sales",68049,"Narwekar","Chenxi"
"Sales",266017,"Spelt","Gift"
"Sales",487581,"Murtafg","Berna"
"Sales",68458,"Siksek","Ortrud"
"Sales",68555,"Baba","Yuriy"
"Sales",69152,"Schach","Dmitry"
"Sales",287161,"Parveen","Gilbert"
"Sales",487546,"Perko","Youngkon"
"Sales",266129,"Litecky","Odoardo"
"Sales",69187,"Casley","Evgueni"
"Sales",69208,"Dechter","Xiaoqiu"
"Sales",487540,"Baer","Peer"
"Sales",446367,"Ananiadou","Achilleas"
"Sales",266147,"Krichel","Lalit"
"Sales",69666,"Khalil","Jongsuk"
"Sales",487517,"McClurg","Gopalakrishnan"
"Sales",69700,"Kaiser","Padma"
"Sales",69716,"Lakshmanan","Duangkaew"
"Sales",70157,"Kaiser","Candido"
"Sales",287165,"Demri","Terresa"
"Sales",70193,"Selenyi","Tsuneo"
"Sales",266232,"Facello","Horward"
"Sales",487469,"Uludag","Mong"
"Sales",70225,"Porotnikoff","JoAnne"
"Sales",70257,"Saoudi","Kiyomitsu"
"Sales",266235,"Kuhnemann","Evgueni"
"Sales",266247,"Herbst","Zijian"
"Sales",70287,"McConalogue","Nimmagadda"
"Sales",70291,"Kropatsch","Remmert"
"Sales",70294,"Masand","Huei"
"Sales",70309,"Scharstein","Gill"
"Sales",70351,"Etalle","Shen"
"Sales",70352,"Chenney","Berto"
"Sales",70365,"Akiyama","Dines"
"Sales",70775,"Staudhammer","Lorien"
"Sales",70783,"Escriba","Zeydy"
"Sales",70881,"Tsunoo","Boguslaw"
"Sales",70894,"Middleton","Randy"
"Sales",266294,"Rajala","Gaurav"
"Sales",70938,"Hiraishi","Gritta"
"Sales",70941,"Junet","Cedric"
"Sales",266318,"Madeira","Arvin"
"Sales",71037,"Mitina","Mihalis"
"Sales",266323,"Heijenga","Tomofumi"
"Sales",266340,"Mondadori","Alagu"
"Sales",487114,"Marchegay","Aamod"
"Sales",71235,"Jording","Kristof"
"Sales",487103,"Skafidas","Kauko"
"Sales",71244,"Munawer","Rutger"
"Sales",487093,"Garnick","Shigehiro"
"Sales",446345,"Muhling","Josyula"
"Sales",71486,"Perfilyeva","Guangming"
"Sales",71503,"Plumb","Chinhyun"
"Sales",71517,"Thebaut","Raimond"
"Sales",71537,"Schurmann","Mamdouh"
"Sales",487070,"Ishibashi","Kamakshi"
"Sales",71553,"Kambil","Kitty"
"Sales",71614,"Gniady","Moheb"
"Sales",71628,"Nitta","Luerbio"
"Sales",71658,"Plump","Shounak"
"Sales",487042,"McClurg","Alenka"
"Sales",71704,"Tetzlaff","Kristian"
"Sales",71734,"Loncour","Mads"
"Sales",71760,"Kavvadias","Tonia"
"Sales",71766,"Lieblein","Gennady"
"Sales",71784,"Schurmann","Gererd"
"Sales",486827,"Lubachevsky","Breannda"
"Sales",71810,"Ertl","Hideo"
"Sales",266474,"Rabejac","Przemyslawa"
"Sales",71919,"Rosen","Khedija"
"Sales",72127,"Emiris","Sastry"
"Sales",72154,"Lipner","Fai"
"Sales",72247,"Moffat","Tamiya"
"Sales",72279,"Sambasivam","Nathalie"
"Sales",72293,"Msuda","Tiina"
"Sales",72306,"Luga","Alexius"
"Sales",266556,"Bernardeschi","Katsuo"
"Sales",72330,"Ramaiah","Deborah"
"Sales",486777,"Ghalwash","Maren"
"Sales",72796,"Matzat","Susanta"
"Sales",446249,"Thisen","Ottavia"
"Sales",72825,"Bennet","Angus"
"Sales",72830,"Kavraki","Tetsurou"
"Sales",72832,"Strandh","Maha"
"Sales",72847,"Stifter","Renny"
"Sales",72852,"Syrotiuk","Kshitij"
"Sales",72877,"Pappas","Ranga"
"Sales",72894,"Aingworth","Mingzeng"
"Sales",72921,"Schiper","Berry"
"Sales",73286,"Coombs","Tesuya"
"Sales",266637,"Gien","Youpyo"
"Sales",73314,"Weiland","Oguz"
"Sales",73316,"Riefers","Genta"
"Sales",73322,"Tomescu","Atreye"
"Sales",266646,"Cesareni","Remmert"
"Sales",73402,"Hambrick","Toshimi"
"Sales",73410,"Barvinok","Koichi"
"Sales",73415,"Pillow","Renny"
"Sales",73427,"Maquelin","Katsuo"
"Sales",73612,"Lienhardt","Toney"
"Sales",73646,"Cromarty","Adamantios"
"Sales",73674,"Jahnichen","Yifei"
"Sales",73682,"Douceur","Heng"
"Sales",73687,"Bakhtari","Zito"
"Sales",73709,"Vural","Gad"
"Sales",266670,"Improta","Lalit"
"Sales",486641,"Badr","Miyeon"
"Sales",73823,"Michaels","Shaibal"
"Sales",73838,"Chinal","Steve"
"Sales",287249,"Gopalakrishnan","Richara"
"Sales",486559,"Swen","Lein"
"Sales",74131,"Schreiter","Krassimir"
"Sales",266733,"Iivonen","Jinpo"
"Sales",74251,"Jayawardene","Akemi"
"Sales",74253,"Pesch","Otilia"
"Sales",74259,"Hmelo","Ohad"
"Sales",446244,"Baez","Denis"
"Sales",74271,"Coombs","Guther"
"Sales",74279,"Ranst","Rafail"
"Sales",74305,"Clemencon","Feipei"
"Sales",74316,"Desikan","Eran"
"Sales",74333,"Thorelli","Atreyi"
"Sales",74376,"Miyakawa","Lunjin"
"Sales",266775,"Peternell","Filipe"
"Sales",74457,"Lorho","Shigeo"
"Sales",74499,"Reeker","Kenton"
"Sales",74552,"Parascandalo","Pranjal"
"Sales",74575,"Piveteau","Shuzo"
"Sales",74586,"Narahara","Tzu"
"Sales",74969,"Alencar","Florian"
"Sales",74990,"Badr","Filipp"
"Sales",446166,"Pero","Bedrich"
"Sales",75304,"Cangellaris","Jaques"
"Sales",75368,"Murthy","Marko"
"Sales",486390,"Lieblein","Soenke"
"Sales",75665,"Merey","George"
"Sales",75677,"Bonifati","Zhanqiu"
"Sales",75679,"Speel","Tru"
"Sales",75696,"Carrere","Pranav"
"Sales",75734,"Kavanagh","Alois"
"Sales",75757,"DeMori","Kwangsub"
"Sales",75777,"Marzano","Gina"
"Sales",485822,"Koyama","Alenka"
"Sales",76002,"Munck","Neven"
"Sales",76005,"Mukaidono","Moss"
"Sales",266987,"Pauthner","Kyoichi"
"Sales",76463,"Guenter","Lubomir"
"Sales",76470,"Esteva","Pranav"
"Sales",76474,"Argence","Zito"
"Sales",485785,"Gornas","Kerhong"
"Sales",76525,"Picel","Ewing"
"Sales",76558,"Krzyzanowski","Frederique"
"Sales",485773,"Denny","Shalesh"
"Sales",76562,"Basart","Renee"
"Sales",292640,"Arlazarov","Mori"
"Sales",76566,"Pettit","Tsvetan"
"Sales",267121,"Buescher","Almudena"
"Sales",76779,"Reeker","Branimir"
"Sales",76801,"Vitiello","Bernice"
"Sales",267128,"Angiulli","Kaijung"
"Sales",292643,"Eiter","Chriss"
"Sales",76850,"Rotem","Shan"
"Sales",485684,"Gomatam","Zijian"
"Sales",76967,"Matheson","Moriyoshi"
"Sales",77017,"Denny","Aloke"
"Sales",485665,"Penn","Jinpo"
"Sales",485634,"Gecsel","JiYoung"
"Sales",485633,"Ramsay","Nathalie"
"Sales",77139,"Wolniewicz","Sanjiv"
"Sales",485600,"Hiraishi","Tsutomu"
"Sales",77201,"Butner","Kiyotoshi"
"Sales",77215,"Alencar","Mingsen"
"Sales",77263,"Keustermans","Arto"
"Sales",77294,"Miculan","Mart"
"Sales",77297,"Zumaque","Wanqing"
"Sales",77307,"Leaver","Sarita"
"Sales",77313,"Suwa","Honglan"
"Sales",77346,"Walston","Shir"
"Sales",77375,"Markovitch","Nalini"
"Sales",485541,"Wursthorn","Mantis"
"Sales",485535,"Maksimenko","Huican"
"Sales",77487,"Bach","Kamakshi"
"Sales",446074,"Sudkamp","Sumant"
"Sales",267257,"Sidhu","Somnath"
"Sales",77551,"Ossenbruggen","Lansing"
"Sales",267262,"Nyrup","Premsyl"
"Sales",77622,"Vitiello","Ferdinand"
"Sales",267266,"Ashish","Hiroyasu"
"Sales",77639,"Levergood","Uli"
"Sales",77643,"Skogmar","Remzi"
"Sales",77720,"Saoudi","Pramod"
"Sales",77724,"McFarlin","Arra"
"Sales",267295,"Fujisaki","Guiseppe"
"Sales",77783,"Lagarias","Shigeichiro"
"Sales",267304,"Axelband","Jordanka"
"Sales",77805,"Heydon","Tristan"
"Sales",77843,"Zedlitz","Mitchel"
"Sales",77872,"Eiter","Hideo"
"Sales",267344,"Ghemri","Otmar"
"Sales",485444,"Chleq","Venkatesan"
"Sales",77971,"Zuberek","Ohad"
"Sales",437795,"Manders","Aloke"
"Sales",78041,"Zyda","Tadanori"
"Sales",485391,"Flanders","Heekeun"
"Sales",78137,"Raoux","Tokuyasu"
"Sales",485368,"Rijckaert","Sanjit"
"Sales",267417,"Rissanen","Kannan"
"Sales",485182,"Rajala","Toong"
"Sales",267422,"Liesche","Jeane"
"Sales",78340,"Marsiglia","Arlette"
"Sales",267435,"Iwayama","Xiaoqiang"
"Sales",78366,"Gomatam","Guenter"
"Sales",446018,"Suomi","Oscar"
"Sales",78491,"Marciano","Chanjung"
"Sales",485112,"Stentiford","Martijn"
"Sales",78563,"Tanemo","Maya"
"Sales",78568,"Rosis","Masako"
"Sales",485102,"Dusink","Kauko"
"Sales",78649,"Lorys","Gino"
"Sales",267506,"Hutton","Tianruo"
"Sales",78658,"Barriga","Takanari"
"Sales",78668,"Azadmanesh","Mandell"
"Sales",267525,"Litvinov","Kazuhiko"
"Sales",267532,"Krohn","Yuuichi"
"Sales",267538,"Preusig","Haldon"
"Sales",78767,"Rosar","Sangeeta"
"Sales",78804,"Gyorkos","Guiseppe"
"Sales",78820,"Schrift","Shih"
"Sales",78822,"Broomell","Erzsebet"
"Sales",78841,"Flasterstein","Aloys"
"Sales",78863,"Chinen","Arie"
"Sales",267546,"Zumaque","Rimon"
"Sales",78893,"Conte","Minghong"
"Sales",78896,"Einsfeld","Xumin"
"Sales",485064,"Wixon","Masoud"
"Sales",78938,"Krybus","Kerhong"
"Sales",78976,"Peternell","Weidon"
"Sales",293001,"Haraldson","Youngkon"
"Sales",267579,"Miara","Maia"
"Sales",485003,"Khasidashvili","Ioana"
"Sales",78985,"Wynblatt","Demin"
"Sales",267592,"Qiwen","Marie"
"Sales",79025,"Stasinski","Ebbe"
"Sales",445947,"Kampfer","Shalesh"
"Sales",484991,"Cromarty","Kasturi"
"Sales",79133,"Fadgyas","Oscar"
"Sales",79170,"Pauthner","Sandeepan"
"Sales",79185,"Heping","Steve"
"Sales",267619,"Lienhardt","Zengping"
"Sales",445946,"Capobianchi","Eben"
"Sales",79299,"Koblick","Torsten"
"Sales",267653,"Rossi","Kazuhide"
"Sales",79452,"Rassart","Boaz"
"Sales",267668,"Antonisse","Bilhanan"
"Sales",79485,"Heystek","Christoph"
"Sales",484874,"Flowers","Alain"
"Sales",484867,"Akiyama","Oldrich"
"Sales",484862,"Ullian","Kazuhiro"
"Sales",79540,"Fetvedt","Guozhong"
"Sales",484473,"Anick","Boriana"
"Sales",445936,"Vingron","Sachem"
"Sales",79597,"Caine","Bogdan"
"Sales",79632,"Marwedel","Chirstian"
"Sales",79769,"Emmerich","George"
"Sales",484383,"Wegerle","Przemyslawa"
"Sales",79821,"Setia","Shuzo"
"Sales",79845,"Azadmanesh","Junsik"
"Sales",267722,"Cangellaris","Baruch"
"Sales",79998,"Brodal","Kristof"
"Sales",80004,"Viele","Theirry"
"Sales",445904,"Mellouli","Kiyotoshi"
"Sales",80042,"Farrar","Debatosh"
"Sales",484163,"Perko","Nahum"
"Sales",484154,"Schiper","Claude"
"Sales",80178,"Christ","Sanjit"
"Sales",484110,"Limongiello","Abdelghani"
"Sales",80192,"Kalsbeek","Branimir"
"Sales",80203,"Baik","Shakhar"
"Sales",80220,"Karner","Fai"
"Sales",80244,"Chiola","Yucai"
"Sales",484088,"Michaels","Minghong"
"Sales",80326,"Rosca","Caolyn"
"Sales",267797,"Anick","Bernt"
"Sales",80332,"Masand","Behnaam"
"Sales",267817,"Hegner","Duke"
"Sales",80366,"Munke","Gita"
"Sales",484054,"Dayang","Pohua"
"Sales",80376,"Hofman","Maha"
"Sales",484045,"Zallocco","Martins"
"Sales",80590,"Lunt","Aleksander"
"Sales",80628,"Benaini","Felicidad"
"Sales",80631,"Oaver","Shimshon"
"Sales",80645,"Gihr","Percy"
"Sales",484034,"Ozery","Toney"
"Sales",80665,"Angot","Angel"
"Sales",80673,"Gustavson","Duke"
"Sales",445886,"Constantine","Kristin"
"Sales",484033,"Aloia","Sanjeeva"
"Sales",80727,"Remmers","Margo"
"Sales",80772,"Crooks","Shooichi"
"Sales",80777,"Belinskaya","Xinglin"
"Sales",80779,"Andreotta","Aamod"
"Sales",80801,"Ambroszkiewicz","Bluma"
"Sales",80822,"Byoun","Marsal"
"Sales",80862,"Improta","Serenella"
"Sales",80864,"Birnbaum","Radhia"
"Sales",267958,"Francisci","Tremaine"
"Sales",483299,"Marshall","Yongdong"
"Sales",267963,"Mahmud","Nahla"
"Sales",80988,"Benveniste","Jamaludin"
"Sales",80991,"Schreiter","Marco"
"Sales",483289,"Perez","Shimshon"
"Sales",81007,"Rande","Mototsugu"
"Sales",81056,"Kruskal","Junsik"
"Sales",267974,"Swiss","Lenore"
"Sales",81131,"Bojadziev","Cordelia"
"Sales",268021,"Waymire","Valeri"
"Sales",81169,"Farris","Berni"
"Sales",81182,"Koblitz","Ramalingam"
"Sales",81203,"Bahi","Ingemar"
"Sales",81214,"Redmiles","Baziley"
"Sales",483242,"Weedman","Guenter"
"Sales",81222,"Homond","Vivian"
"Sales",287486,"Aloisi","Xiaopeng"
"Sales",483197,"Vanwelkenhuysen","Kazuhide"
"Sales",81287,"Weiland","Mohan"
"Sales",268046,"Vakili","Sakthirel"
"Sales",81302,"Fabrizio","Jiakeng"
"Sales",483190,"Molenaar","Masaru"
"Sales",81351,"Nishimukai","Constantino"
"Sales",268049,"Ferriere","Sivanarayana"
"Sales",268070,"Jumpertz","Khoa"
"Sales",483188,"Awdeh","Yuqun"
"Sales",81444,"Denos","Byong"
"Sales",81471,"Kroft","Navin"
"Sales",482683,"Thombley","George"
"Sales",81510,"Penttonen","Mamdouh"
"Sales",81588,"Stavenow","Gennadi"
"Sales",81668,"Gronowski","Goa"
"Sales",287546,"Motley","Randi"
"Sales",268148,"Bain","Kristof"
"Sales",81760,"Krichel","Jeanna"
"Sales",482670,"Gelosh","Filipp"
"Sales",445863,"Vasanthakumar","Huiqun"
"Sales",81825,"Androutsos","Xiaoheng"
"Sales",482593,"Taneja","Kristen"
"Sales",482572,"Stamatiou","Peternela"
"Sales",268211,"Jansch","Sverrir"
"Sales",81941,"Angiulli","Yishai"
"Sales",82005,"Yoshizawa","Weidon"
"Sales",82026,"Ritzmann","Hongzue"
"Sales",268250,"Callaway","Mandell"
"Sales",445786,"Vasanthakumar","Woody"
"Sales",482547,"Prenel","Doohun"
"Sales",82119,"Dayana","Christ"
"Sales",482541,"Masaki","Teruyuki"
"Sales",82180,"Luby","Marsha"
"Sales",82214,"Eldridge","Ramalingam"
"Sales",268380,"Masada","Youssef"
"Sales",481820,"Bade","Theron"
"Sales",82348,"Lortz","Takahiro"
"Sales",481752,"Copas","Adhemar"
"Sales",82459,"Pettit","Manohar"
"Sales",82466,"Brookner","Serge"
"Sales",481724,"Trelles","Hausi"
"Sales",82744,"Hemaspaandra","Naftaly"
"Sales",82799,"Argence","Bezalel"
"Sales",481372,"Lupu","Alair"
"Sales",268410,"Straney","Mori"
"Sales",83057,"Passafiume","Niteen"
"Sales",481361,"Argence","Nectarios"
"Sales",83103,"Perez","Zhaofang"
"Sales",83132,"Vitiello","Guangming"
"Sales",445771,"Krupka","Pragnesh"
"Sales",83345,"Orlowski","Persi"
"Sales",481133,"DiGiano","Piyush"
"Sales",83426,"Flowers","Yuichiro"
"Sales",83428,"Azumi","Leif"
"Sales",268454,"Stranks","Martine"
"Sales",481090,"Schaap","Sigeru"
"Sales",481086,"Radivojevic","Marek"
"Sales",481071,"Hoogerwoord","Janalee"
"Sales",83959,"Gunderson","Val"
"Sales",481031,"Biran","Kerhong"
"Sales",84197,"Baer","Dekang"
"Sales",84238,"Quaggetto","Jianhao"
"Sales",481022,"Kaelbling","Jianwen"
"Sales",445752,"Coombs","Mokhtar"
"Sales",480776,"Standera","Fan"
"Sales",84548,"Argence","Ranga"
"Sales",480732,"Domenig","Rildo"
"Sales",445726,"Tetzlaff","Hausi"
"Sales",480713,"Tsukuda","Saeko"
"Sales",84621,"Ducloy","Weiye"
"Sales",445702,"Jeong","Xiaoqiang"
"Sales",84861,"Pepe","Conor"
"Sales",480705,"Facello","Marke"
"Sales",84906,"Danecki","Greger"
"Sales",480431,"Eastman","Gita"
"Sales",84978,"Rajaraman","Yuguang"
"Sales",268533,"Pietracaprina","Tetsurou"
"Sales",85334,"Atchley","Tetsushi"
"Sales",85359,"Spinelli","Rasiah"
"Sales",480413,"Munke","Mokhtar"
"Sales",85371,"Lanphier","Suebskul"
"Sales",85392,"Terkki","Jeong"
"Sales",480410,"Naumovich","Fabrizio"
"Sales",85412,"Heuter","Bernd"
"Sales",480391,"Viele","Stevo"
"Sales",85482,"Cronau","Kamakshi"
"Sales",85714,"Cmelik","Oldrich"
"Sales",85719,"Rosti","Satosi"
"Sales",85723,"Peir","Deniz"
"Sales",85758,"Grandbois","Jahangir"
"Sales",85770,"Gronowski","Lena"
"Sales",268584,"Rahimi","Emran"
"Sales",85810,"Hoppenstand","Ziyad"
"Sales",85997,"Terekhov","Nimmagadda"
"Sales",268586,"Radhakrishnan","Ung"
"Sales",86025,"Middleton","Shuky"
"Sales",287613,"Magalhaes","Navid"
"Sales",86084,"Pepe","Laurentiu"
"Sales",86108,"Ressouche","Miyeon"
"Sales",86128,"Schreiter","Masanao"
"Sales",86505,"Griswold","Frederique"
"Sales",86537,"Decaestecker","Herbert"
"Sales",86555,"Petersohn","Utz"
"Sales",479894,"Gonthier","Ipke"
"Sales",268608,"Ouhyoung","Nechama"
"Sales",86577,"Wegerle","Shaz"
"Sales",86594,"Zongker","Magdalena"
"Sales",479857,"Dulin","Reinhold"
"Sales",268658,"Nanard","Feiyu"
"Sales",86846,"Borstler","Limsoon"
"Sales",86850,"Erdmenger","Thodoros"
"Sales",479851,"Kopetz","Aleksandar"
"Sales",86907,"Anguita","Weijing"
"Sales",445182,"Kitai","Subhankar"
"Sales",86968,"Halloran","Dekang"
"Sales",87167,"Reeker","Olivera"
"Sales",479652,"Brandsma","Monique"
"Sales",87247,"Heping","Marie"
"Sales",87274,"Gide","Hilari"
"Sales",445150,"Dehkordi","Shaibal"
"Sales",87759,"Ibel","Geoff"
"Sales",88013,"Vasanthakumar","Frederique"
"Sales",268744,"Selenyi","Etsuo"
"Sales",88103,"Bresenham","Goo"
"Sales",88121,"Schapiro","Theron"
"Sales",88131,"Siksek","Sumant"
"Sales",88159,"Miculan","Aruna"
"Sales",479325,"Czap","Marit"
"Sales",268775,"Paciorek","Jenwei"
"Sales",88917,"Varley","Shaleah"
"Sales",479235,"Werthner","Idoia"
"Sales",88985,"Lieblein","Inderjeet"
"Sales",268812,"Srimani","Torsten"
"Sales",89381,"Anily","Paraskevi"
"Sales",268814,"Schmiedel","Vitaly"
"Sales",89393,"Coorg","Yishai"
"Sales",89405,"Perry","Kagan"
"Sales",479171,"Anguita","Taisook"
"Sales",90148,"Ginneken","Nagui"
"Sales",90383,"Basawa","Udi"
"Sales",269065,"Brandsma","Baocai"
"Sales",478868,"Gecsei","Lijie"
"Sales",90492,"Hartvigsen","Hitomi"
"Sales",269111,"Speel","Ung"
"Sales",90529,"Hmelo","Gianluca"
"Sales",90558,"Anick","Kiam"
"Sales",90577,"Oppitz","Frazer"
"Sales",478864,"Huhdanpaa","Shugo"
"Sales",90679,"Atchley","Souichi"
"Sales",90688,"Waeselynck","Dannz"
"Sales",478841,"Bharadwaj","Salvador"
"Sales",90733,"Improta","Niclas"
"Sales",269127,"Ishibashi","Poorav"
"Sales",90751,"Gecseg","Marsal"
"Sales",294256,"Yetim","Adam"
"Sales",90764,"Akiyama","Mingzeng"
"Sales",478658,"Streng","Hsiangchu"
"Sales",91695,"Shobatake","Frederique"
"Sales",92075,"Portugali","Luerbio"
"Sales",478566,"Luby","Zhongwei"
"Sales",92114,"Bierbaum","Theron"
"Sales",478535,"Miculan","Heeju"
"Sales",92124,"Szilard","Leah"
"Sales",478518,"Stroustrup","Wilmer"
"Sales",92175,"Guerreiro","Akeel"
"Sales",92221,"Bednarek","Moie"
"Sales",269405,"Vanwelkenhuysen","Lucian"
"Sales",92274,"Smeets","Weiru"
"Sales",92291,"Schnelling","Gor"
"Sales",269415,"Gniady","Moni"
"Sales",92307,"Vesel","Yongmao"
"Sales",92558,"Diderrich","Radhakrishnan"
"Sales",92630,"Erie","Arunachalam"
"Sales",92679,"Dayang","Sajjan"
"Sales",269449,"Peron","Muzhong"
"Sales",92878,"Birjandi","Phule"
"Sales",445038,"Ozeki","Mountaz"
"Sales",92942,"Fadgyas","Elliott"
"Sales",92967,"Benaini","Georg"
"Sales",478227,"Plesums","Morrie"
"Sales",478222,"Gips","Mariangiola"
"Sales",93254,"Cichocki","Shigeo"
"Sales",477801,"Baaz","Willard"
"Sales",287834,"Zlotek","Aluzio"
"Sales",477754,"Taubman","Parviz"
"Sales",269577,"Kriebel","Hideo"
"Sales",444848,"Salverda","Udo"
"Sales",269589,"Melski","Udaiprakash"
"Sales",93843,"Jording","Tua"
"Sales",93848,"Tokunaga","Poorav"
"Sales",269622,"Choobineh","Tran"
"Sales",94048,"Bage","Henk"
"Sales",94063,"Codenie","Abdelwaheb"
"Sales",94073,"Szmurlo","Insup"
"Sales",94133,"Usery","Hironobu"
"Sales",477666,"Pollock","Pramod"
"Sales",269645,"Conta","Lijia"
"Sales",94375,"Schauser","Sibyl"
"Sales",444829,"Redmiles","Shuji"
"Sales",94455,"Isaak","Takanari"
"Sales",94477,"Kaelbling","Guozhong"
"Sales",94492,"Beausoleil","Flemming"
"Sales",477480,"Bahl","Lein"
"Sales",477479,"Hettesheimer","Leif"
"Sales",477463,"Lindqvist","Elvia"
"Sales",269714,"Zucker","Xiahua"
"Sales",94726,"Babu","Boalin"
"Sales",477398,"Feldmann","Yefim"
"Sales",94818,"Perly","Yuuichi"
"Sales",287859,"Aloisi","Yuriy"
"Sales",94853,"Mukaidono","Bartek"
"Sales",269916,"Miyakawa","Fen"
"Sales",269928,"Champarnaud","Kokou"
"Sales",269936,"Bratsberg","Cathie"
"Sales",477151,"Akazan","Jaewoo"
"Sales",269940,"Picaronny","Jaroslava"
"Sales",95148,"Vernadat","Marc"
"Sales",95150,"Parascandalo","Bluma"
"Sales",477081,"Cannata","Aria"
"Sales",444808,"Maquelin","Sudhanshu"
"Sales",477039,"Hebden","Kristinn"
"Sales",269999,"Usery","Odysseas"
"Sales",95412,"Kropf","Teiji"
"Sales",95439,"Cannata","Shuji"
"Sales",270039,"Ecklund","Minghong"
"Sales",270045,"Randt","Tetsushi"
"Sales",95776,"Cappelli","Leaf"
"Sales",95808,"Kobara","Zengping"
"Sales",95851,"Garnick","Manu"
"Sales",96051,"Leslie","Aiman"
"Sales",96073,"Zuberek","Claudi"
"Sales",96114,"Wrigley","Jeanna"
"Sales",96118,"Dechter","Lijie"
"Sales",96128,"Frijda","Horward"
"Sales",476723,"Sewelson","Nathalie"
"Sales",96200,"Sudkamp","Udaiprakash"
"Sales",96377,"Azumi","Georgy"
"Sales",270117,"Zhang","Siddarth"
"Sales",96441,"Zambonelli","Masami"
"Sales",270152,"Birta","Itzchak"
"Sales",96719,"Detkin","Maren"
"Sales",96761,"Markovitch","Murthy"
"Sales",270195,"Straney","Sorina"
"Sales",270198,"Lubachevsky","Fabrizio"
"Sales",97056,"Bratten","Kshitij"
"Sales",270200,"Kading","Suvo"
"Sales",97127,"Perez","Tonia"
"Sales",97146,"Thorelli","Jagoda"
"Sales",270221,"Brobst","Gennady"
"Sales",270234,"Munck","Demos"
"Sales",97207,"Goodrum","Cathie"
"Sales",97559,"Mawatari","Zhaofang"
"Sales",270244,"Yavatkar","Heather"
"Sales",476397,"Ducloy","Aiichiro"
"Sales",97665,"Undy","Yakichi"
"Sales",97695,"Fendler","Sreekrishna"
"Sales",97938,"Plavsic","Aiichiro"
"Sales",287915,"Murrill","Paloma"
"Sales",98021,"Hinsberger","Shih"
"Sales",98037,"Swiler","Janche"
"Sales",98224,"Stentiford","Leandro"
"Sales",444680,"Koshino","Arnould"
"Sales",98267,"Zwicker","Lihong"
"Sales",98271,"Spell","Garnik"
"Sales",270323,"Naumovich","Baruch"
"Sales",476366,"Kobara","Sigeru"
"Sales",98345,"Muchinsky","Emdad"
"Sales",98350,"Butterworth","Qiwen"
"Sales",444648,"Eugenio","Constantino"
"Sales",98917,"Navazio","Kagan"
"Sales",98924,"Kaelbling","Noritoshi"
"Sales",98943,"Negoita","Cordelia"
"Sales",476335,"Luff","Noritoshi"
"Sales",287936,"Comte","Valeska"
"Sales",98983,"Lung","Yonghong"
"Sales",99010,"Smailagic","Luise"
"Sales",99040,"Kalorkoti","Danil"
"Sales",99047,"Landherr","Jenwei"
"Sales",476119,"Miculan","LiMin"
"Sales",476103,"Boreale","Yuriy"
"Sales",99113,"Speel","Ramalingam"
"Sales",99139,"Mandelberg","Udo"
"Sales",99172,"Goldhammer","Chikako"
"Sales",99178,"Skafidas","Monique"
"Sales",476075,"McClure","Anwar"
"Sales",99433,"Krupka","Limsoon"
"Sales",476023,"Shihab","Perry"
"Sales",99460,"Kuzuoka","Sakthirel"
"Sales",475999,"Isaac","Toney"
"Sales",99482,"Langford","Yurij"
"Sales",99484,"Knightly","Goncalo"
"Sales",99495,"Alblas","Tayeb"
"Sales",475635,"Schlumberger","Ennio"
"Sales",270596,"Gien","Uriel"
"Sales",270598,"Cummings","Peternela"
"Sales",99546,"Lorys","Kazuhiro"
"Sales",100086,"Godskesen","Adib"
"Sales",100141,"Hennebert","Uzi"
"Sales",100155,"Christianini","Alain"
"Sales",100195,"Rusmann","Pasqua"
"Sales",475627,"Facello","Zhonghua"
"Sales",475609,"Birjandi","Goncalo"
"Sales",100455,"Baak","Anyuan"
"Sales",270696,"Henders","Sachin"
"Sales",475591,"Zlotek","Goetz"
"Sales",100534,"Luga","Aamer"
"Sales",100536,"Wiegley","Masoud"
"Sales",100557,"Larfeldt","Miomir"
"Sales",475587,"Kusakabe","Shan"
"Sales",100574,"Bennet","Lucien"
"Sales",475586,"Servi","Nakhoon"
"Sales",100595,"Simmel","Moon"
"Sales",444621,"Hardjono","Persi"
"Sales",100627,"Meszaros","Ottavia"
"Sales",100711,"Rosca","Kwangyoen"
"Sales",270720,"Jansen","Vitali"
"Sales",475517,"Taubenfeld","Guttorm"
"Sales",270738,"Serdy","Shen"
"Sales",444617,"Couchot","Jaewoo"
"Sales",287973,"Rohrbach","Hinrich"
"Sales",101082,"Ellozy","Geoffrey"
"Sales",101099,"Bonifati","Domenick"
"Sales",475261,"Puppo","Sachio"
"Sales",101123,"Wossner","Henk"
"Sales",475247,"Lorcy","Ennio"
"Sales",101202,"Kieras","Bedir"
"Sales",101397,"Genther","Zongyan"
"Sales",101398,"Schlenzig","Miomir"
"Sales",101413,"Malinowski","Margareta"
"Sales",475207,"Tetzlaff","Radhia"
"Sales",101473,"Weisert","Peternela"
"Sales",101538,"Eugenio","Yongmao"
"Sales",270831,"Homond","Troy"
"Sales",475196,"McAffer","Tetsushi"
"Sales",270848,"Businaro","Nevin"
"Sales",101736,"Kading","Tayeb"
"Sales",101739,"Koyama","Hisao"
"Sales",101741,"Krzyzanowski","Hideyuki"
"Sales",101749,"McAlpine","Xiahua"
"Sales",101753,"Biron","Mary"
"Sales",101777,"Verspoor","Nidapan"
"Sales",101791,"Marwedel","Zhensheng"
"Sales",474967,"Choobineh","Shigeo"
"Sales",101821,"Poulakidas","Ortrud"
"Sales",474943,"Pileggi","Kazuhiko"
"Sales",101856,"Rothenberg","Geoffrey"
"Sales",101938,"Orsini","Lucian"
"Sales",444562,"Manders","Barun"
"Sales",102031,"Sevcikova","Hatim"
"Sales",102037,"Borovoy","Yongqiao"
"Sales",102046,"Castellani","Jaroslava"
"Sales",444528,"Kandlur","Xumin"
"Sales",102253,"Koblitz","Pradeep"
"Sales",102282,"Bellmore","Leon"
"Sales",444456,"Delgrande","Ekawit"
"Sales",102318,"Pfau","Howell"
"Sales",474815,"Alpin","Jaroslava"
"Sales",102428,"Rando","Danny"
"Sales",272297,"Rouquie","Emdad"
"Sales",102479,"Facello","Serap"
"Sales",474620,"Ferretti","Qiwen"
"Sales",102750,"Ushiama","Weiru"
"Sales",474592,"Merkl","Uma"
"Sales",272337,"Peek","Zhenhua"
"Sales",102806,"Gyimothy","Radhika"
"Sales",102819,"Jonsson","Indrajit"
"Sales",102820,"Polupanov","Pintsang"
"Sales",474569,"Nyanchama","Paraskevi"
"Sales",102882,"Masand","Elgin"
"Sales",272362,"Bierman","Fumiya"
"Sales",102908,"Eiter","Genta"
"Sales",102910,"Calkin","Subhankar"
"Sales",102916,"Bauknecht","Atilio"
"Sales",102950,"Schauser","Atreye"
"Sales",474506,"Rouquie","Willard"
"Sales",474495,"Braccini","Lokesh"
"Sales",102969,"Lindenbaum","Mang"
"Sales",272574,"Litzler","Subhada"
"Sales",103368,"Lieberherr","Larisa"
"Sales",272583,"Debuse","Arif"
"Sales",103400,"Zockler","Rafael"
"Sales",474297,"Furedi","Sailaja"
"Sales",103438,"Eastman","Heekeun"
"Sales",103450,"Sethi","Shalesh"
"Sales",444431,"Simkin","Kamakshi"
"Sales",474249,"Yamaashi","Aloke"
"Sales",474216,"Uchoa","Kristof"
"Sales",444405,"Buescher","Shmuel"
"Sales",272619,"Peot","Masaki"
"Sales",103760,"Krzyzanowski","Jayson"
"Sales",474213,"Kawashimo","Alair"
"Sales",474157,"Valette","Salvador"
"Sales",103894,"Tischendorf","Sham"
"Sales",103916,"Stranks","Sashi"
"Sales",437698,"Murillo","Make"
"Sales",104027,"Ramaiah","Tsvetan"
"Sales",474067,"Birjandi","Yannis"
"Sales",104258,"Claffy","Uma"
"Sales",273099,"Lovengreen","Aamod"
"Sales",104363,"Xiaoshan","Mansur"
"Sales",474043,"Vanwelkenhuysen","Ymte"
"Sales",273110,"Ashish","Xianlong"
"Sales",104474,"Kruskal","Bernt"
"Sales",104509,"Lagarias","Kwangyoen"
"Sales",104511,"Isard","Rance"
"Sales",104538,"Klyachko","Marko"
"Sales",273119,"Motley","Masasuke"
"Sales",288046,"Feldhoffer","Tokuyasu"
"Sales",273153,"Businaro","Girolamo"
"Sales",288063,"Ushiama","Miomir"
"Sales",105227,"Majewski","Weijing"
"Sales",105237,"Wolniewicz","Sven"
"Sales",473881,"Bahl","Shahaf"
"Sales",473561,"Copas","Shim"
"Sales",105956,"Rodier","Sudharsan"
"Sales",105979,"Servieres","Hilari"
"Sales",106002,"Melichar","Khoa"
"Sales",273207,"Trachtenberg","Genki"
"Sales",273215,"Azuma","Satyanarayana"
"Sales",106077,"Giveon","Hailing"
"Sales",106435,"Christ","Collette"
"Sales",473512,"Schwabacher","Ayakannu"
"Sales",106484,"Hiroyama","Yuriy"
"Sales",106490,"Restivo","Douadi"
"Sales",106513,"Haldar","Slavian"
"Sales",473508,"Baba","Arun"
"Sales",288110,"Qiwen","Claude"
"Sales",288112,"Bodoff","Branimir"
"Sales",106596,"Zizka","Noritoshi"
"Sales",106651,"Bardell","Youpyo"
"Sales",106652,"Harllee","Willard"
"Sales",273520,"Garrabrants","Gao"
"Sales",106678,"Oppitz","Vishwani"
"Sales",273544,"Camurati","Sreenivas"
"Sales",106733,"Ghalwash","Suebskul"
"Sales",473304,"Luce","Vishv"
"Sales",106751,"Salvesen","Sushant"
"Sales",273568,"Kilgore","Mizuhito"
"Sales",275244,"Staelin","Brewster"
"Sales",288113,"Poujol","JoAnne"
"Sales",444289,"Laurillard","Masaru"
"Sales",107540,"Soloway","Jaques"
"Sales",444274,"Uludag","Bokyung"
"Sales",275295,"Peot","Shridhar"
"Sales",107830,"Ladret","Sungwon"
"Sales",107872,"Koshino","Jackson"
"Sales",275329,"Shokrollahi","Brewster"
"Sales",108195,"Verspoor","Leucio"
"Sales",108225,"Kaminger","Baocai"
"Sales",275340,"Breugel","Jiann"
"Sales",437684,"Ventosa","Michaela"
"Sales",108250,"Anandan","Augustine"
"Sales",275381,"Bruckman","Mats"
"Sales",275392,"Wroclawski","Zhiwei"
"Sales",275745,"Condotta","Kiyokazu"
"Sales",275755,"Comyn","Yagil"
"Sales",288148,"McConalogue","Chuanti"
"Sales",473269,"Marchegay","Janche"
"Sales",473247,"Potthoff","Krassimir"
"Sales",108699,"Kroon","Alagu"
"Sales",275763,"Mapelli","Arch"
"Sales",275767,"Varker","Uinam"
"Sales",68171,"Busillo","Weiwu"
"Sales",68166,"Selenyi","JoAnne"
"Sales",68194,"Kavvadias","Kiyomitsu"
"Sales",68165,"Bernatsky","Youssef"
"Sales",68296,"Benzmuller","Koichi"
"Sales",68300,"Pargaonkar","Kerryn"
"Sales",68315,"Steinauer","Domenico"
"Sales",68584,"Anick","Jeanne"
"Sales",68628,"Heemskerk","Muzhong"
"Sales",68660,"Kumaresan","Barry"
"Sales",68142,"Nishimukai","Aran"
"Sales",68755,"Suri","Pramod"
"Sales",68141,"Callaway","Luigi"
"Sales",68139,"Straney","Tonny"
"Sales",68781,"Pargas","Shigeaki"
"Sales",68123,"Rissland","Shakhar"
"Sales",68836,"Brodal","Toong"
"Sales",68940,"Garrabrants","Froduald"
"Sales",68968,"Mukaidono","Seshu"
"Sales",68095,"Gyimothy","Sampalli"
"Sales",69041,"Merle","Doowon"
"Sales",473213,"Reinhard","Franziska"
"Sales",473199,"Rosch","Kersti"
"Sales",69395,"Peha","Kyoichi"
"Sales",69445,"Puppo","Gift"
"Sales",67872,"Toyoshima","Adel"
"Sales",109300,"Maginnis","Heather"
"Sales",109305,"Fairtlough","Dmitri"
"Sales",69513,"Serre","Yoshinari"
"Sales",69531,"Panienski","Karoline"
"Sales",109316,"Luck","Yinlin"
"Sales",69566,"Iisaka","Deborah"
"Sales",67846,"Escriba","Diederik"
"Sales",69764,"Poupard","Gladys"
"Sales",67835,"Luft","Behnaam"
"Sales",69808,"Silva","Gully"
"Sales",69834,"Hettesheimer","Xiping"
"Sales",69941,"Hoppenstand","Pohua"
"Sales",69999,"Ravishankar","Kensyu"
"Sales",70006,"Herath","Masaru"
"Sales",288161,"Luck","Kellyn"
"Sales",67779,"Welham","Niclas"
"Sales",70026,"Montemayor","Sven"
"Sales",109415,"Ouhyoung","Heping"
"Sales",70430,"Fordan","Adly"
"Sales",70449,"Gruenwald","Weidon"
"Sales",70459,"Lores","Hitofumi"
"Sales",109617,"Benzmuller","Murthy"
"Sales",70503,"Hempstead","Shaibal"
"Sales",70520,"Hardjono","Breannda"
"Sales",67705,"Khalil","Genevieve"
"Sales",70608,"Perry","Marla"
"Sales",70651,"Mitchem","Yahiko"
"Sales",70659,"Domenig","Kauko"
"Sales",70670,"Dredge","Nectarios"
"Sales",109685,"Georgakopoulos","Shigehiro"
"Sales",67690,"Braunschweig","Zhiwei"
"Sales",70759,"Nannarelli","Mana"
"Sales",71274,"Verhaegen","Mohamadou"
"Sales",444258,"Stassinopoulos","Doowon"
"Sales",109706,"Kitsuregawa","Taizo"
"Sales",275851,"Glowinski","Panayotis"
"Sales",71421,"Hebert","Anneke"
"Sales",473097,"Linnainmaa","Shooichi"
"Sales",71954,"Detkin","Gian"
"Sales",71955,"Lanphier","Greger"
"Sales",67689,"Perin","Aran"
"Sales",109953,"Chorvat","Godehard"
"Sales",72064,"Ramsay","Alper"
"Sales",67631,"Tomescu","Genevieve"
"Sales",109973,"Kemmerer","Shigenori"
"Sales",67630,"Azulay","Udaiprakash"
"Sales",109989,"Murthy","Moti"
"Sales",72496,"Luon","Mario"
"Sales",72538,"Zlotek","Eishiro"
"Sales",72546,"Guardalben","Kousuke"
"Sales",109996,"Gelosh","Dines"
"Sales",67607,"Serov","Sibyl"
"Sales",473092,"Prenel","Ishfaq"
"Sales",288183,"Kavvadias","Lorien"
"Sales",67596,"Zuberek","Ugo"
"Sales",67593,"Vingron","Shahid"
"Sales",111133,"Zhang","Hauke"
"Sales",72962,"Bade","Yishai"
"Sales",67560,"Suri","Lihong"
"Sales",67553,"Hutter","Freyja"
"Sales",73003,"Boguraev","Adin"
"Sales",73065,"Francisci","Padma"
"Sales",73079,"Prenel","Erzsebet"
"Sales",73092,"Luders","Reinhard"
"Sales",73189,"Erdmenger","Garnik"
"Sales",275871,"Munch","Sumant"
"Sales",73199,"Gecsei","Vitaly"
"Sales",67464,"Danlos","Shahid"
"Sales",67458,"Kavraki","Adas"
"Sales",73506,"Grabner","Sakthirel"
"Sales",73523,"Parascandalo","Fei"
"Sales",73524,"Krohn","Moie"
"Sales",67457,"Ghemri","Bartek"
"Sales",200091,"Marchegay","Heon"
"Sales",73949,"Birch","Gian"
"Sales",200141,"Stiles","Fay"
"Sales",74068,"Luks","Duangkaew"
"Sales",74106,"Uchoa","Sailaja"
"Sales",67142,"Yavatkar","Hsiangchu"
"Sales",67055,"Quaggetto","Kazuhito"
"Sales",74731,"Kleiser","Hironobu"
"Sales",67054,"Maierhofer","Subhankar"
"Sales",472998,"Braunmuhl","Kensei"
"Sales",67013,"Rajaraman","Odinaldo"
"Sales",67012,"Zschoche","Demin"
"Sales",200233,"Zultner","Atreyi"
"Sales",75484,"Spell","Shuho"
"Sales",75517,"Sherertz","Irene"
"Sales",66961,"Albarhamtoshy","Lech"
"Sales",75574,"Melton","Utpal"
"Sales",75793,"Koshino","Vincent"
"Sales",66945,"Kusakabe","Perry"
"Sales",75816,"Litzkow","Ziva"
"Sales",75820,"Macedo","Arie"
"Sales",75840,"Baar","Unal"
"Sales",76179,"Thisen","Georgy"
"Sales",76194,"Naudin","Manton"
"Sales",76195,"Honglei","Theirry"
"Sales",200322,"Terlouw","Kazuhito"
"Sales",66685,"Pavlopoulou","Haldun"
"Sales",76276,"Miculan","Jackson"
"Sales",276092,"Michaels","Marsha"
"Sales",76359,"Hartvigsen","Dannz"
"Sales",66636,"Litecky","Kish"
"Sales",76407,"Aloia","Elliott"
"Sales",82548,"Vecchio","Siddarth"
"Sales",82560,"Reistad","Taizo"
"Sales",66514,"Levergood","Kannan"
"Sales",200589,"Restivo","Shuho"
"Sales",200590,"Keustermans","Chikara"
"Sales",82826,"Oxman","Nalini"
"Sales",82845,"Pouyioutas","Mayuri"
"Sales",472938,"Mandell","Zvonko"
"Sales",82875,"Terekhov","Domenick"
"Sales",82885,"Foote","Francesca"
"Sales",82936,"Uludag","Pintsang"
"Sales",66426,"Guting","Magdalena"
"Sales",83213,"Bakhtari","Charlene"
"Sales",66398,"Broomell","Dietrich"
"Sales",83262,"Mikschl","Magdalena"
"Sales",83282,"Picci","Rosalie"
"Sales",66348,"Schrift","Doohun"
"Sales",83533,"Peak","Eishiro"
"Sales",200610,"Rosin","Tonny"
"Sales",200611,"Bednarek","Ingemar"
"Sales",83568,"Docker","Aran"
"Sales",83596,"Gils","Sajjan"
"Sales",83609,"Kolvik","Faiza"
"Sales",200621,"Wursthorn","Boutros"
"Sales",83635,"Arlazarov","Takushi"
"Sales",83636,"Whitcomb","Alejandro"
"Sales",83653,"Shackel","Martina"
"Sales",83674,"Kalloufi","Genta"
"Sales",66062,"Ranta","Zita"
"Sales",83678,"Denny","Mana"
"Sales",83808,"Setiz","Danel"
"Sales",200660,"Vecchio","Kenton"
"Sales",84073,"Schmittgen","Marco"
"Sales",84088,"Sichman","Sarita"
"Sales",200676,"Mandell","Emran"
"Sales",84347,"Jervis","Kensei"
"Sales",84348,"Weedman","Gregory"
"Sales",84384,"Kermarrec","Aron"
"Sales",66017,"Rouquie","Ohad"
"Sales",200696,"Kamble","Sachio"
"Sales",65998,"Alameldin","Mandell"
"Sales",84420,"Biron","Sanjoy"
"Sales",65978,"Chaudhuri","Fay"
"Sales",276176,"Kading","Cordelia"
"Sales",65973,"Muhlberg","Lijia"
"Sales",65949,"Minakawa","Aamod"
"Sales",84728,"Whitcomb","Paloma"
"Sales",84747,"Felcyn","Yoshinari"
"Sales",84762,"Asrin","Visit"
"Sales",65925,"Klerer","Morrie"
"Sales",201085,"Clemencon","Yurij"
"Sales",201090,"Babu","Susumu"
"Sales",84993,"Leslie","Duke"
"Sales",84998,"Rande","Lillian"
"Sales",65883,"Pepe","Patricia"
"Sales",65797,"Armand","Kazuhiko"
"Sales",201109,"Hertweck","Gita"
"Sales",85070,"Czap","Tsvetan"
"Sales",85087,"Krohn","Nalini"
"Sales",472902,"Conde","Yunming"
"Sales",85171,"Landherr","Froduald"
"Sales",85188,"Schade","Jagoda"
"Sales",85215,"Detkin","Along"
"Sales",65736,"Hiltgen","Jeane"
"Sales",85235,"Marchesini","Claudi"
"Sales",85238,"Peris","Tsz"
"Sales",201138,"Pulkowski","Larisa"
"Sales",85262,"Mayerwieser","Breannda"
"Sales",85498,"Barriga","Val"
"Sales",85535,"Picaronny","Shuho"
"Sales",85579,"Litzler","Thanasis"
"Sales",85599,"Angelov","Charmane"
"Sales",85825,"Zedlitz","Hongzhu"
"Sales",65654,"Thisen","Kazunori"
"Sales",85929,"Ashish","Jaihie"
"Sales",201222,"Shiratori","Shaowen"
"Sales",86199,"Cochrane","Rasiah"
"Sales",65590,"Swick","Sushant"
"Sales",65571,"Swan","Yahiko"
"Sales",86278,"Matzel","Lobel"
"Sales",86294,"Jumpertz","Heather"
"Sales",86302,"Menhoudj","Navin"
"Sales",86306,"Krzyzanowski","Persi"
"Sales",86326,"Neiman","Satyanarayana"
"Sales",65397,"Marletta","Richara"
"Sales",86413,"Shinomoto","Miquel"
"Sales",65340,"Kemmerer","Jinya"
"Sales",86673,"Kampfer","Petter"
"Sales",65321,"Pulkowski","Almudena"
"Sales",86718,"Pollacia","Stabislas"
"Sales",86731,"Melski","Herb"
"Sales",86795,"Sevcikova","Baoqiu"
"Sales",86808,"Bratsberg","Mircea"
"Sales",87011,"Bashian","Danco"
"Sales",87067,"Spieker","Barton"
"Sales",87088,"Pappas","Sasan"
"Sales",87104,"Falster","Rasiah"
"Sales",87119,"Leuchs","Sachin"
"Sales",87145,"Szilard","Alair"
"Sales",87398,"Selvestrel","Arve"
"Sales",87402,"Fraisse","Manton"
"Sales",87405,"Khasidashvili","Jianhua"
"Sales",65147,"Vidya","Mahmut"
"Sales",87432,"Kabayashi","Hidde"
"Sales",87471,"Furudate","Hairong"
"Sales",65099,"Decleir","Ronghao"
"Sales",87534,"Apsitis","Golgen"
"Sales",65095,"Falster","Munenori"
"Sales",87594,"Hegner","Gennadi"
"Sales",443355,"Famili","Yakkov"
"Sales",87616,"Cappelletti","Sahrah"
"Sales",87835,"Vigier","Subir"
"Sales",87848,"Atrawala","Christophe"
"Sales",87877,"Undy","Sampalli"
"Sales",64839,"Bierman","Huiqun"
"Sales",472799,"Gruenwald","Shay"
"Sales",64779,"Desikan","Oddvar"
"Sales",87995,"Lamma","Saeed"
"Sales",88170,"Peyn","Iara"
"Sales",88172,"Yurov","Christophe"
"Sales",88242,"Schapiro","Mohit"
"Sales",64753,"Swan","Shahid"
"Sales",201454,"Dredge","Eberhardt"
"Sales",64740,"Pauthner","Martien"
"Sales",64717,"Steenbeek","Jaideep"
"Sales",64707,"Chachaty","Brigham"
"Sales",88336,"Holburn","Xiadong"
"Sales",88351,"Monarch","Taiji"
"Sales",472769,"DuCasse","Aloys"
"Sales",88461,"Couchot","Utz"
"Sales",88479,"Monkewich","Harjit"
"Sales",64675,"Axelband","Nectarios"
"Sales",88544,"Gilg","Yannik"
"Sales",64671,"Garnier","Takahiro"
"Sales",88553,"Matheson","Aamer"
"Sales",88567,"Marshall","Utpal"
"Sales",88571,"Dahlbom","Thanasis"
"Sales",201533,"Kuzuoka","Saeko"
"Sales",472690,"Glinert","Tran"
"Sales",64624,"Schnelling","Kersti"
"Sales",88641,"Guardalben","Jayesh"
"Sales",88658,"Eterovic","Apostol"
"Sales",88676,"Mukaidono","Almudena"
"Sales",201590,"Mandell","Aamod"
"Sales",88738,"Heiserman","Abdulla"
"Sales",201626,"Aloia","Guiseppe"
"Sales",201655,"Magliocco","Bangqing"
"Sales",89064,"Buescher","Dinah"
"Sales",89165,"Vickson","Kiam"
"Sales",89177,"Driscoll","Masasuke"
"Sales",89183,"Kawashima","Zhilian"
"Sales",201722,"Denos","Collette"
"Sales",89226,"Jayawardene","Cullen"
"Sales",63879,"Fortenbacher","Diederik"
"Sales",89302,"Ponthieu","Tokuyasu"
"Sales",201736,"Falster","Randi"
"Sales",89567,"Masand","Kankanahalli"
"Sales",63833,"Angot","Naftali"
"Sales",63832,"Benzmuller","Vishv"
"Sales",89633,"Rosis","Nimmagadda"
"Sales",89689,"Meriste","Marc"
"Sales",89723,"Luby","Karlis"
"Sales",89788,"McDermid","Filipe"
"Sales",202011,"Lamparter","Fei"
"Sales",472526,"Nooteboom","Chenyi"
"Sales",89878,"Krider","Djenana"
"Sales",63808,"Bojadziev","Marlo"
"Sales",202043,"Honiden","Goncalo"
"Sales",472513,"Birta","Sanjoy"
"Sales",63785,"Stassinopoulos","Larisa"
"Sales",202080,"Levergood","Zito"
"Sales",90340,"Salinas","Morris"
"Sales",472502,"Billingsley","Vitaly"
"Sales",90911,"Shinomoto","Aemilian"
"Sales",202263,"Melter","Anneke"
"Sales",90931,"Rousseau","Sadun"
"Sales",202271,"Benner","Josyula"
"Sales",63536,"Anido","Persi"
"Sales",90954,"Serra","Spyrose"
"Sales",202284,"Katzenelson","Gererd"
"Sales",63523,"Ferretti","Yefim"
"Sales",91032,"Tetzlaff","Karsten"
"Sales",63493,"Wroclawski","Serif"
"Sales",91070,"Fairtlough","Uwe"
"Sales",472487,"Vendrig","Moriyoshi"
"Sales",91093,"Luders","Josyula"
"Sales",202315,"Mersereau","Kirk"
"Sales",202318,"Luiz","Atreyi"
"Sales",91132,"Nitto","Siamak"
"Sales",63466,"Ratnaker","Geraldo"
"Sales",63456,"Cromarty","Youngkon"
"Sales",202339,"Schaaf","Zine"
"Sales",91185,"Mahmud","Anneli"
"Sales",91186,"Reeker","Masako"
"Sales",202340,"Kumaresan","Nectarios"
"Sales",277019,"Cherinka","Toshimi"
"Sales",91225,"Mamelak","Pranjal"
"Sales",91251,"Budinsky","Takahiro"
"Sales",91277,"Andreotta","Hauke"
"Sales",91280,"Conte","Surveyors"
"Sales",91397,"Perz","Fan"
"Sales",63408,"Champarnaud","Conal"
"Sales",91420,"Suppi","Jacqueline"
"Sales",202405,"Binkley","Sudharsan"
"Sales",91470,"Condotta","Radhia"
"Sales",91475,"Raczkowsky","Pranay"
"Sales",202418,"Vuskovic","Xumin"
"Sales",202421,"Highland","Ennio"
"Sales",63405,"Schieder","Yongmin"
"Sales",91584,"Bernick","Woody"
"Sales",472272,"Luke","Masoud"
"Sales",472268,"Lemarechal","Satoru"
"Sales",91647,"Flowers","Luise"
"Sales",91650,"Laurillard","Subhrajyoti"
"Sales",91658,"Vernadat","Toshimi"
"Sales",91681,"Ananiadou","Gennadi"
"Sales",202500,"Speel","Ult"
"Sales",202553,"Krichel","Limsoon"
"Sales",91944,"Gurbaxani","Kaijung"
"Sales",91960,"Decleir","Peternela"
"Sales",202557,"Sudkamp","Kwangjo"
"Sales",91989,"Reghbati","Radhakrishnan"
"Sales",91998,"Unni","Zvonko"
"Sales",63168,"Peral","Huei"
"Sales",63132,"Miyakawa","Nahla"
"Sales",92487,"Kugler","Munehiko"
"Sales",202793,"Birke","Venkatesan"
"Sales",92727,"Tchuente","Arnd"
"Sales",202807,"Rousseau","Georgy"
"Sales",92789,"Rissanen","Luigi"
"Sales",92804,"Roison","Tonny"
"Sales",92826,"Weedon","Miquel"
"Sales",92837,"Sooriamurthi","Yonghong"
"Sales",93091,"Pintelas","Goo"
"Sales",93092,"Sudkamp","Radhika"
"Sales",63062,"Barriga","Pintsang"
"Sales",202871,"Iisaka","Kellie"
"Sales",93173,"Liesche","Toshimo"
"Sales",202917,"Warwick","Hironoby"
"Sales",93482,"Bael","Panayotis"
"Sales",203110,"Crooks","Mostafa"
"Sales",93515,"Jenevein","Insup"
"Sales",93588,"Ramaiah","Yuichiro"
"Sales",471796,"Shanbhogue","Khun"
"Sales",93615,"Schwabacher","Steve"
"Sales",93634,"Chelton","Dietrich"
"Sales",93639,"Swan","Nahid"
"Sales",93879,"Paciorek","Marsha"
"Sales",93880,"Kaelbling","Limsoon"
"Sales",203252,"Bondorf","Zongyan"
"Sales",93956,"Blokdijk","Danco"
"Sales",93981,"Czap","Kensei"
"Sales",93989,"Strooper","Troy"
"Sales",93991,"Pardalos","Sivanarayana"
"Sales",94257,"Wrigley","Marlo"
"Sales",204785,"Nyrup","Nathan"
"Sales",471731,"Blokdijk","Pragnesh"
"Sales",94332,"Sudbeck","Teiji"
"Sales",62840,"Luff","Manu"
"Sales",94658,"Kaelbling","Basil"
"Sales",471722,"Rathonyi","Urs"
"Sales",471697,"Muniz","Teruyuki"
"Sales",62801,"Kadhim","Kerhong"
"Sales",280297,"Schoegge","Palash"
"Sales",204910,"Middleton","Uwe"
"Sales",280309,"Bolsens","Chuanyi"
"Sales",62800,"Reeker","Jungsoon"
"Sales",204921,"Brodal","Rayond"
"Sales",62782,"Ernst","Ibibia"
"Sales",62774,"Schlenzig","Jeanna"
"Sales",95575,"Esteva","Mohamadou"
"Sales",95909,"Plessier","Jaques"
"Sales",205279,"Streit","Nahum"
"Sales",62716,"Huttel","Divier"
"Sales",62712,"Rissland","Manohar"
"Sales",96011,"Demir","Toshimo"
"Sales",96018,"Colorni","Doowon"
"Sales",96205,"Kirkerud","Bowen"
"Sales",96213,"Wossner","Shahid"
"Sales",62706,"Hiyoshi","Matk"
"Sales",96230,"Slutz","Holgard"
"Sales",96257,"Thibadeau","Goncalo"
"Sales",437446,"Ratnaker","Huai"
"Sales",96575,"Meszaros","Sajjad"
"Sales",96585,"Cannard","Shuichi"
"Sales",96600,"Benzmuller","Yinghua"
"Sales",96618,"Gajiwala","Syozo"
"Sales",205338,"Boguraev","Chenye"
"Sales",62666,"Portugali","Atreyi"
"Sales",205386,"Peltason","Theirry"
"Sales",205387,"Pezzoli","Jinpo"
"Sales",96877,"Rissanen","Mohit"
"Sales",96888,"Hettesheimer","Rosita"
"Sales",96902,"Ozeki","Khalil"
"Sales",62629,"Ratnaker","Shigeaki"
"Sales",96963,"Matzel","Aksel"
"Sales",97026,"Poulakidas","Aimee"
"Sales",62577,"Bardell","Bilhanan"
"Sales",97233,"Rahimi","Toshimitsu"
"Sales",62568,"Asser","Sandeepan"
"Sales",97276,"Kroll","Larisa"
"Sales",97449,"Mitsuhashi","Wayne"
"Sales",97468,"Barvinok","Ramalingam"
"Sales",62372,"Luit","Jingling"
"Sales",97501,"Conte","Bouchung"
"Sales",97511,"Teitelbaum","Nishit"
"Sales",280385,"Kossowski","Kerhong"
"Sales",471657,"Zobel","Shigeaki"
"Sales",97720,"Waleschkowski","Hatim"
"Sales",280406,"Perng","Georgi"
"Sales",97770,"Keustermans","Horward"
"Sales",62344,"Ventosa","Billie"
"Sales",62338,"Thiran","Amstein"
"Sales",62330,"Clemencon","Mokhtar"
"Sales",288284,"Bain","Hitomi"
"Sales",97826,"Motley","Guangming"
"Sales",205689,"Rissanen","Unal"
"Sales",97849,"Litzkow","Toshimitsu"
"Sales",62323,"Bardell","Sajjad"
"Sales",62298,"Yetto","Quingbo"
"Sales",98129,"Gadepally","Mayuko"
"Sales",280461,"Chenoweth","Miyeon"
"Sales",62269,"McClurg","Mori"
"Sales",205769,"Lenart","Jinpo"
"Sales",98489,"Ranum","Cordelia"
"Sales",205937,"Marquardt","Mohammed"
"Sales",98595,"Kaminger","Syozo"
"Sales",471444,"Welham","Xinan"
"Sales",98691,"Emmart","Iara"
"Sales",205984,"Cooke","Jingling"
"Sales",62204,"Hashii","Fox"
"Sales",98789,"Kaminger","Bader"
"Sales",206002,"Beidas","Shooichi"
"Sales",98834,"Syrzycki","Radhika"
"Sales",62190,"Riexinger","Mana"
"Sales",98877,"Varker","Rasiah"
"Sales",206025,"Nourani","Mart"
"Sales",99272,"Birge","Yuriy"
"Sales",99279,"Herbst","Jouni"
"Sales",99300,"Bolotov","Claudi"
"Sales",99307,"Thibadeau","Moto"
"Sales",206030,"Zaccaria","Hilari"
"Sales",288288,"Ligten","Mohd"
"Sales",99358,"Jiang","Lubomir"
"Sales",99379,"Wossner","Alexius"
"Sales",99559,"Desikan","Emran"
"Sales",99590,"Anily","Dhritiman"
"Sales",99592,"Rubsam","Jayson"
"Sales",99594,"Zschoche","Nikolaus"
"Sales",99708,"Maraist","Niranjan"
"Sales",99716,"Casperson","Luerbio"
"Sales",471428,"Baca","Kinh"
"Sales",99756,"Khasidashvili","Keung"
"Sales",99769,"Winter","Xinyu"
"Sales",62051,"Baaleh","Marin"
"Sales",99821,"Crouzet","Mahmut"
"Sales",62029,"Tiemann","Samphel"
"Sales",99917,"Peternell","Aleksandar"
"Sales",62018,"Toyoshima","Juyoung"
"Sales",99950,"Schaap","Along"
"Sales",100045,"Plavsic","Satoru"
"Sales",100234,"Kulisch","Elliott"
"Sales",100248,"Vidya","Gina"
"Sales",100279,"Gustavson","Mingdong"
"Sales",61980,"Yavatkar","Berna"
"Sales",100344,"Penz","Amstein"
"Sales",100353,"Taneja","Kannan"
"Sales",61939,"Schneeberger","Goa"
"Sales",61937,"Baranowski","Fox"
"Sales",100771,"Schmittgen","Fusako"
"Sales",100773,"Barreiro","Caolyn"
"Sales",100800,"Zhiwei","Denny"
"Sales",206321,"Speckmann","Leon"
"Sales",100879,"Bojadziev","Yucai"
"Sales",101231,"Ecklund","Rimli"
"Sales",101247,"Gelosh","Mansur"
"Sales",101250,"Bail","Shaleah"
"Sales",101284,"Douceur","Itzchak"
"Sales",61865,"Alblas","Jouni"
"Sales",101299,"Horswill","Vivian"
"Sales",61838,"Kadhim","Yuchang"
"Sales",471416,"Guerreiro","Lidong"
"Sales",101324,"Peha","Mayuri"
"Sales",61835,"Zweizig","Nevio"
"Sales",288314,"Xiaoshan","Moriyoshi"
"Sales",101587,"Puppo","Hironobu"
"Sales",101612,"Herber","Elvia"
"Sales",101656,"Kornyak","Yaghout"
"Sales",101690,"Lally","Dante"
"Sales",101709,"Leslie","Zine"
"Sales",101714,"Tyugu","Teruyuki"
"Sales",61797,"Kopetz","Gonzalo"
"Sales",102114,"Bisiani","Yurij"
"Sales",102116,"Brickell","Katsuo"
"Sales",280594,"Schusler","Yinghua"
"Sales",102125,"Verhoeff","Dmitri"
"Sales",280608,"Jiang","Atreyi"
"Sales",280616,"Pepe","Sreekrishna"
"Sales",102601,"Bugrara","Arvin"
"Sales",61690,"Fairtlough","Vasiliy"
"Sales",102651,"Auyong","Kristen"
"Sales",280620,"Domenig","Mansur"
"Sales",206718,"Ramaiah","Koldo"
"Sales",61686,"Plump","Mohamadou"
"Sales",102692,"Lindenbaum","Saniya"
"Sales",206743,"Zaiane","Marsha"
"Sales",61677,"Lanteri","Chuanti"
"Sales",103147,"Selenyi","Neelam"
"Sales",103158,"Georgatos","Shen"
"Sales",61672,"McDermid","Xiaoshan"
"Sales",103185,"Cardazo","Kwangjo"
"Sales",103189,"Grospietsch","Shrikanth"
"Sales",206959,"Sullins","Mandell"
"Sales",103213,"Thorensen","Harjit"
"Sales",103601,"Pulkowski","Fusako"
"Sales",103645,"Raczkowsky","Falguni"
"Sales",104082,"Schwartzburd","Mihalis"
"Sales",104103,"Eugenio","Menkae"
"Sales",104105,"Suomi","Phule"
"Sales",104146,"Zyda","Tonny"
"Sales",471357,"Setia","Lunjin"
"Sales",104207,"Coombs","Shmuel"
"Sales",207054,"Miake","Arto"
"Sales",61435,"Claffy","Cathie"
"Sales",437423,"Ecklund","Steen"
"Sales",61421,"Kamber","Shahab"
"Sales",61410,"Sinitsyn","Matt"
"Sales",61408,"Ranta","Houman"
"Sales",104712,"Impagliazzo","Abdulla"
"Sales",61395,"Varker","Stamatina"
"Sales",471354,"Pettey","Idoia"
"Sales",288353,"Decleir","Khalid"
"Sales",105002,"Millington","Jingling"
"Sales",105020,"Aamodt","Mostafa"
"Sales",207105,"Fargier","Sibyl"
"Sales",105300,"Reinhard","Giap"
"Sales",105305,"Olano","Lijie"
"Sales",61359,"Blokdijk","Juichirou"
"Sales",105378,"Schneeberger","Ute"
"Sales",105396,"Strehl","Sajjan"
"Sales",288361,"Khasidashvili","Roselyn"
"Sales",61277,"Kakkar","Koichi"
"Sales",471345,"Bonifati","Renny"
"Sales",105489,"Sadowski","Jasminko"
"Sales",105521,"Hofman","Toshiko"
"Sales",105553,"Openshaw","Moon"
"Sales",61261,"Pocchiola","Ziya"
"Sales",61179,"Kaltofen","Berni"
"Sales",105789,"Fordan","Qingxiang"
"Sales",61157,"McConalogue","Shim"
"Sales",105852,"Beetstra","Filipe"
"Sales",105900,"Chinin","Chenxi"
"Sales",106089,"Dulay","Remmert"
"Sales",106093,"Kobuchi","Fay"
"Sales",207344,"Crabtree","Tsz"
"Sales",106116,"Grandbois","Mantis"
"Sales",106117,"Mayerwieser","Bezalel"
"Sales",106123,"Sinitsyn","Conor"
"Sales",106150,"Shumilov","Terresa"
"Sales",207354,"Parascandalo","Susanne"
"Sales",61101,"Staylopatis","Remko"
"Sales",288377,"Kusakari","Xiaoqiang"
"Sales",207435,"Lindenbaum","Satosi"
"Sales",106247,"Vecchio","Abdelghani"
"Sales",106298,"Baez","Marlo"
"Sales",106304,"Cronau","Mats"
"Sales",106372,"Merks","Aimee"
"Sales",106393,"Matzel","Katsuo"
"Sales",207462,"DiGiano","Margo"
"Sales",106766,"Molenaar","Zorica"
"Sales",280670,"Hitomi","Premsyl"
"Sales",106777,"Speer","Gad"
"Sales",106856,"Cronin","Bernardo"
"Sales",61068,"Ambroszkiewicz","Dinkar"
"Sales",106890,"Demian","Mingdong"
"Sales",106918,"Stasinski","Demin"
"Sales",106946,"Luiz","Oksana"
"Sales",207512,"Basagni","Valeska"
"Sales",60943,"Luck","Valdiodio"
"Sales",106975,"Nastansky","Masadi"
"Sales",106998,"Hofman","Aiman"
"Sales",207556,"Reeker","Rafols"
"Sales",60919,"Veccia","Sudharsan"
"Sales",107039,"Meriste","Pramod"
"Sales",60915,"Perko","George"
"Sales",107082,"Wolniewicz","Karlis"
"Sales",107085,"Delgrande","Mabo"
"Sales",107098,"Verhoeff","Florina"
"Sales",60909,"Bail","Mani"
"Sales",107130,"Anandan","Nechama"
"Sales",107154,"Erev","Arlette"
"Sales",107247,"Herath","Manu"
"Sales",207599,"Sundgren","Arnd"
"Sales",288382,"Menhoudj","Utz"
"Sales",107309,"Erde","Siddarth"
"Sales",107325,"Sherertz","Demin"
"Sales",107383,"Pargas","Heon"
"Sales",107406,"Bernick","Chanjung"
"Sales",471098,"Soloway","Masasuke"
"Sales",60888,"Kaelbling","Erez"
"Sales",207826,"Wynblatt","Shaowei"
"Sales",443260,"Peroz","Khue"
"Sales",207869,"Waschkowski","Toshiko"
"Sales",107671,"Gischer","Otmar"
"Sales",107680,"Perna","Nectarios"
"Sales",107684,"Chandrasekhar","Uma"
"Sales",107694,"Delgrossi","Takanari"
"Sales",107719,"Arlazarov","Jaewoo"
"Sales",107930,"Teitelbaum","Gennady"
"Sales",60867,"Kornyak","Tomoyuki"
"Sales",60846,"Chelton","Phule"
"Sales",108042,"Chinal","Jayson"
"Sales",108085,"Molenkamp","Khun"
"Sales",108257,"Rissanen","Roselyn"
"Sales",280728,"McClurg","Krisda"
"Sales",207926,"Bade","Kaijung"
"Sales",108313,"Ramamoorthy","Khun"
"Sales",108320,"Maquelin","Seongbin"
"Sales",108329,"Hutton","Basant"
"Sales",108380,"Schmezko","Shounak"
"Sales",108390,"Delaune","Udi"
"Sales",108760,"Demir","Saeko"
"Sales",108764,"Mawatari","Kagan"
"Sales",207931,"Hettesheimer","Kazuhiro"
"Sales",108797,"Brickell","Arto"
"Sales",60810,"Streng","Geoffrey"
"Sales",109102,"Schapiro","Subir"
"Sales",288397,"Sommer","Paraskevi"
"Sales",109110,"Bael","Isaac"
"Sales",471043,"Bazelow","Amstein"
"Sales",109138,"Fujisawa","Theron"
"Sales",60717,"Sadowsky","Carrsten"
"Sales",60681,"Ebeling","Lillian"
"Sales",109434,"Msuda","Beshir"
"Sales",60655,"Conde","Geoffrey"
"Sales",208222,"Pelc","Shigenori"
"Sales",109500,"Luef","Dzung"
"Sales",60649,"Potthoff","Van"
"Sales",60625,"Weedman","Ronghao"
"Sales",109544,"Demizu","Menkae"
"Sales",60608,"Usery","Xiaopeng"
"Sales",109864,"Munck","Khaled"
"Sales",208483,"Simkin","Pradeep"
"Sales",200420,"Schapire","Byong"
"Sales",208528,"Polupanov","Sukumar"
"Sales",200433,"Bolotov","Gilbert"
"Sales",200462,"Bednarek","Parto"
"Sales",60369,"Halevi","Goh"
"Sales",208562,"Negoita","Atreyi"
"Sales",200535,"Isard","Vugranam"
"Sales",200543,"Ushiama","Sanjai"
"Sales",200558,"Griswold","Along"
"Sales",280736,"Theuretzbacher","Kazuyasu"
"Sales",200755,"Delgrande","Nevio"
"Sales",470968,"Bierman","Cathie"
"Sales",208616,"Simkin","Gaetan"
"Sales",200850,"Koblitz","Bernd"
"Sales",280738,"Lieblein","Mari"
"Sales",200880,"Matheson","Francesca"
"Sales",60303,"Solares","Billur"
"Sales",200958,"Rabehasaina","Khatoun"
"Sales",208639,"Lukaszewicz","Larisa"
"Sales",201043,"Munck","Anneli"
"Sales",201047,"Anandan","Karoline"
"Sales",208668,"Markovitch","Xiaoheng"
"Sales",201869,"Mansanne","Aluzio"
"Sales",201876,"Madeira","Vishwani"
"Sales",201901,"Ciolek","Toshiki"
"Sales",208711,"Marciano","Susanne"
"Sales",202103,"Savasere","Uli"
"Sales",60250,"Perfilyeva","Arunas"
"Sales",208743,"Velasco","Jasminko"
"Sales",202204,"Varman","Marl"
"Sales",208966,"Cooley","Gregory"
"Sales",59981,"Merle","Rosita"
"Sales",202636,"Azumi","Francesca"
"Sales",59942,"Baja","Ibibia"
"Sales",202754,"Hofman","Chenyi"
"Sales",202937,"Schlegelmilch","Heejo"
"Sales",208983,"Seuren","Marit"
"Sales",208986,"Sundgren","Florina"
"Sales",202976,"Malabarba","Radhia"
"Sales",202996,"Hutter","Tze"
"Sales",203035,"Zedlitz","Debaprosad"
"Sales",203342,"Wissmann","Uta"
"Sales",203405,"Giaccio","Alper"
"Sales",203520,"Senzako","Yahiko"
"Sales",203532,"Schusler","Rosalyn"
"Sales",209028,"Hiroyama","Shigehito"
"Sales",203559,"Stranks","Arlette"
"Sales",203577,"Glowinski","Niteen"
"Sales",59874,"Lovengreen","Khue"
"Sales",203660,"Olivero","Kasturi"
"Sales",209034,"Ozeri","Gopalakrishnan"
"Sales",203699,"Ghemri","Bernice"
"Sales",203726,"Barinka","Kien"
"Sales",203824,"Schahn","Rasikan"
"Sales",203826,"Bernardinello","George"
"Sales",59771,"Madeira","Shimshon"
"Sales",203867,"Baez","Vatsa"
"Sales",203881,"Berztiss","Rance"
"Sales",203906,"Peac","Ulf"
"Sales",203951,"Decaestecker","Gunilla"
"Sales",203956,"Ishibashi","Make"
"Sales",209068,"Sidje","Toshiko"
"Sales",203982,"Covnot","Aimee"
"Sales",204010,"Rindone","Shigehiro"
"Sales",280792,"Munck","Hironobu"
"Sales",204028,"Ghalwash","Dekang"
"Sales",204041,"Nollmann","Vatsa"
"Sales",204043,"Rosaz","Waiman"
"Sales",204078,"Pusterhofer","Teruyuki"
"Sales",204111,"Roisin","Heather"
"Sales",204132,"Worfolk","Kshitij"
"Sales",204136,"Tramer","Mary"
"Sales",204142,"Valette","Xiping"
"Sales",59737,"Jansen","Matk"
"Sales",204177,"Schlegelmilch","Mara"
"Sales",204219,"Halloran","Sakthirel"
"Sales",204220,"Bain","Xiaoshan"
"Sales",59722,"Cappelli","Shunichi"
"Sales",204244,"Demri","Bogdan"
"Sales",280820,"Pepe","Aiman"
"Sales",204469,"Cmelik","Ramya"
"Sales",209323,"Perng","JiYoung"
"Sales",59607,"Piazza","Billur"
"Sales",204570,"Shobatake","Yagil"
"Sales",204572,"Bojadziev","Anneke"
"Sales",204626,"Pauthner","Shigeaki"
"Sales",280851,"Schwartzbauer","Freyja"
"Sales",209405,"Colorni","LiMin"
"Sales",204715,"Malabarba","Nakhoon"
"Sales",59587,"Peak","Przemyslawa"
"Sales",209441,"Fetvedt","Shay"
"Sales",205013,"Wilfing","Sasan"
"Sales",205105,"Kalafatis","Akeno"
"Sales",209462,"Jeong","Rimli"
"Sales",205147,"Bellone","Aran"
"Sales",59531,"Schonegge","Divier"
"Sales",205182,"Fargier","Filipp"
"Sales",209512,"Hoogerwoord","Makato"
"Sales",205494,"Dolinsky","Gaurav"
"Sales",205511,"Berstel","Hsiangchu"
"Sales",205533,"Domenig","Yinghua"
"Sales",205548,"Binding","Marke"
"Sales",59477,"Raczkowsky","Kwangyoen"
"Sales",205570,"Weedman","Debaprosad"
"Sales",59470,"Ghelli","Ziyad"
"Sales",205777,"Ghandeharizadeh","Aral"
"Sales",205794,"Szilard","Vitali"
"Sales",205882,"Georg","Peternela"
"Sales",205895,"Garnick","Steve"
"Sales",209549,"Panangaden","Emdad"
"Sales",59433,"Koshiba","Barna"
"Sales",206135,"Coors","Lillian"
"Sales",59424,"Ozeki","Weiru"
"Sales",206154,"Parfitt","Ekawit"
"Sales",206163,"Maginnis","Iara"
"Sales",206178,"Pintelas","Ennio"
"Sales",463570,"Peres","Domenick"
"Sales",206184,"Naudin","KayLiang"
"Sales",206193,"Senzako","Kerryn"
"Sales",280896,"McAffer","Stella"
"Sales",209629,"Ventosa","Zijian"
"Sales",206474,"Brodie","Feixiong"
"Sales",206481,"dAstous","Goncalo"
"Sales",59413,"Albarhamtoshy","Huei"
"Sales",206576,"Chepyzhov","Chenxi"
"Sales",209639,"Braccini","Maren"
"Sales",206789,"Wrigley","Alassane"
"Sales",206795,"Undy","Debatosh"
"Sales",206808,"Stasinski","Danil"
"Sales",209662,"Gien","Valter"
"Sales",206825,"Kawashima","Morrie"
"Sales",59176,"Suessmith","Teiji"
"Sales",206876,"Litecky","Shaowen"
"Sales",206927,"Beeson","Elliott"
"Sales",463519,"Munch","Navid"
"Sales",207154,"Wendorf","Almudena"
"Sales",207167,"Genin","Mohd"
"Sales",59112,"Eastman","Bernice"
"Sales",207199,"Jakobus","Angel"
"Sales",207216,"Chelton","Saddek"
"Sales",207236,"Masaki","Otilia"
"Sales",59108,"Junet","Domenick"
"Sales",59090,"Frezza","Yuguang"
"Sales",207267,"Hooghiemstra","Danel"
"Sales",207626,"Rissanen","Manohar"
"Sales",207632,"McAlpine","Gila"
"Sales",209750,"Potthoff","Jessie"
"Sales",207721,"Yetim","Heejo"
"Sales",209798,"Ginesta","Gina"
"Sales",207729,"Gyimothy","Collette"
"Sales",59041,"Veevers","Bingning"
"Sales",207954,"Brobst","Zhigen"
"Sales",208034,"Katiyar","Vitaly"
"Sales",280923,"Silva","Uno"
"Sales",208062,"Larfeldt","Sreekrishna"
"Sales",208077,"Journel","Gita"
"Sales",208323,"Coney","Bader"
"Sales",208324,"Foong","Kristine"
"Sales",58786,"Thimonier","Zhiguo"
"Sales",208411,"McDermid","Krassimir"
"Sales",208413,"Pena","Takahira"
"Sales",208445,"Conry","Masako"
"Sales",208825,"Lubachevsky","Yongdong"
"Sales",209829,"Rosca","Froduald"
"Sales",209883,"Zeilberger","Genki"
"Sales",209143,"Picht","Matk"
"Sales",58760,"Vingron","Saniya"
"Sales",209220,"Pouyioutas","Yakkov"
"Sales",209233,"Mandell","Fai"
"Sales",209265,"Danlos","Berhard"
"Sales",209908,"Porenta","Yoshimitsu"
"Sales",209271,"Picaronny","Udaiprakash"
"Sales",209274,"Heuser","Yuchang"
"Sales",210957,"Esposito","Pintsang"
"Sales",210987,"Hebert","Aloke"
"Sales",211008,"Vecchi","Ziva"
"Sales",211023,"Plump","Kwun"
"Sales",211035,"Stroustrup","Nevio"
"Sales",58485,"Raney","Genki"
"Sales",209920,"Antonisse","Jaewoo"
"Sales",211304,"Hainaut","Bowen"
"Sales",280955,"Anido","Mona"
"Sales",211352,"Ozeki","Emdad"
"Sales",58466,"Roisin","Cullen"
"Sales",58437,"Rusterholz","Maya"
"Sales",211399,"Grabner","Tadahiko"
"Sales",211447,"Majewski","Sreekrishna"
"Sales",58421,"Vickson","Sanjay"
"Sales",211471,"Champarnaud","Arve"
"Sales",209948,"Dolinsky","Dekang"
"Sales",211521,"Luft","Randy"
"Sales",211522,"Menhoudj","Rildo"
"Sales",211530,"Zultner","Toshiko"
"Sales",211570,"Crooks","Stabislas"
"Sales",211571,"Pehl","Takahira"
"Sales",58288,"Doering","Muzhong"
"Sales",211603,"Wallrath","Harjit"
"Sales",463474,"Ponthieu","Zsolt"
"Sales",211623,"Heuser","Moss"
"Sales",58225,"Simmen","Michaela"
"Sales",211627,"Berendt","Alexius"
"Sales",211633,"Gils","Ravishankar"
"Sales",211647,"Bahi","Ute"
"Sales",211674,"Dahlbom","Sajjan"
"Sales",211684,"Gunderson","Vidya"
"Sales",211706,"Spell","Garnet"
"Sales",211730,"Suermann","Xuedong"
"Sales",210019,"Portugali","Moni"
"Sales",211777,"Hiraishi","Hongzhu"
"Sales",58135,"Terkki","Marlo"
"Sales",210024,"Michaeli","Christfried"
"Sales",211938,"Waleschkowski","Baocai"
"Sales",211940,"Baca","Miyeon"
"Sales",211950,"Conde","Suzette"
"Sales",211965,"Coors","Chirstian"
"Sales",211997,"Decleir","Sachio"
"Sales",58065,"Schreiter","Cristinel"
"Sales",212104,"Parhami","Aluzio"
"Sales",212109,"Constantine","Yuichiro"
"Sales",212124,"Foong","Tzvetan"
"Sales",57850,"Kawashima","Ayakannu"
"Sales",212178,"Lodder","Alagu"
"Sales",212185,"Christ","Gonzalo"
"Sales",463463,"Klerer","Katsuyuki"
"Sales",212310,"Rusmann","Katsuyuki"
"Sales",212360,"Khamsi","Narain"
"Sales",57810,"Kakkad","Greger"
"Sales",212372,"Winter","Manohar"
"Sales",212396,"Eastman","Miyeon"
"Sales",210124,"Malabarba","Weiwu"
"Sales",210147,"Szilard","Paris"
"Sales",210158,"Chenney","Sreekrishna"
"Sales",212469,"Bressoud","Goa"
"Sales",463265,"Gniady","Nevio"
"Sales",212486,"Otillio","Lillian"
"Sales",212503,"Impagliazzo","Yefim"
"Sales",212504,"Asmuth","Feiyu"
"Sales",57758,"Brodie","Rayond"
"Sales",212610,"Kaiserswerth","IEEE"
"Sales",210226,"Eiron","Tokuyasu"
"Sales",212669,"Bellone","Weidon"
"Sales",212680,"Bruckman","Bartek"
"Sales",212736,"Rande","Jaroslava"
"Sales",57732,"Chenoweth","Uma"
"Sales",212794,"Bahr","Munehiro"
"Sales",212804,"Plumb","Dzung"
"Sales",212805,"Kuszyk","Toshimori"
"Sales",212840,"Oxenboll","Oksana"
"Sales",57717,"Ernst","Yonghong"
"Sales",212965,"Fioravanti","Adil"
"Sales",213015,"Plessier","Gonzalo"
"Sales",213096,"Takanami","Mandell"
"Sales",57610,"Vecchi","Khaled"
"Sales",213196,"Chaudhury","Geoff"
"Sales",57602,"Crabtree","Anneke"
"Sales",213206,"Gubsky","Domenick"
"Sales",213221,"Mahmud","Mariangiola"
"Sales",213222,"Bisiani","Jovan"
"Sales",213224,"Demeyer","Godehard"
"Sales",213241,"Thorelli","Berni"
"Sales",57572,"Zongker","Frazer"
"Sales",213266,"Georgakopoulos","Yinghua"
"Sales",213271,"Acton","Djenana"
"Sales",213330,"Cairo","Angel"
"Sales",213355,"Bauknecht","Shakhar"
"Sales",210335,"Redmiles","Nigel"
"Sales",57557,"Baja","Mack"
"Sales",213449,"Vesel","Izaskun"
"Sales",463175,"Schwartzburd","Zsolt"
"Sales",213454,"Potthoff","Mona"
"Sales",57358,"Serre","Valter"
"Sales",293365,"Vidal","Shay"
"Sales",213834,"Impagliazzo","Shuji"
"Sales",213836,"Gruenwald","Kshitij"
"Sales",213962,"Rahier","Pranjal"
"Sales",213969,"Bratsberg","Tomoyuki"
"Sales",210427,"Fritzsche","Aleksander"
"Sales",214106,"Brattka","Jahangir"
"Sales",281115,"Katalagarianos","Huei"
"Sales",214176,"Stasinski","Patricio"
"Sales",214190,"Ranum","Sverrir"
"Sales",214222,"Christianini","Conrado"
"Sales",210476,"Aloia","Kwangho"
"Sales",281122,"Naumovich","Dulce"
"Sales",214268,"Pleszkun","Gaetan"
"Sales",214282,"Kragelund","Yurii"
"Sales",57293,"Manderick","Maja"
"Sales",214379,"Burnard","Kish"
"Sales",214397,"Szemeredi","Taiji"
"Sales",214399,"Bade","Aria"
"Sales",214408,"Krider","Adas"
"Sales",214418,"Streit","Honglan"
"Sales",214442,"Gulik","Bodh"
"Sales",463173,"Uludag","Matt"
"Sales",210497,"Butterworth","Sailaja"
"Sales",214489,"Showalter","Chuanti"
"Sales",57254,"Ghemri","Aleksander"
"Sales",57244,"Bernardinello","Randi"
"Sales",214607,"Hanabata","Takanari"
"Sales",281174,"Loncour","Paris"
"Sales",210585,"Foote","Mohammed"
"Sales",214644,"Halevi","Maria"
"Sales",281188,"Heyers","Sedat"
"Sales",214706,"Kitai","Marlo"
"Sales",463150,"Dichev","Berni"
"Sales",214757,"Riesenhuber","Morris"
"Sales",214764,"Worfolk","Moriyoshi"
"Sales",210656,"Terlouw","Pranay"
"Sales",463132,"Lundstrom","Jovan"
"Sales",214887,"Poujol","Peternela"
"Sales",210661,"Rosen","Boalin"
"Sales",281193,"Kropp","Yucai"
"Sales",214946,"Lorch","Shuji"
"Sales",57028,"Hellwagner","Yuchang"
"Sales",215481,"Isard","Manton"
"Sales",210681,"Mukaidono","Mandell"
"Sales",56973,"Ossenbruggen","Bernd"
"Sales",215545,"Honglei","Mayuri"
"Sales",215550,"Bresenham","Lein"
"Sales",215576,"Anger","Takushi"
"Sales",443178,"Porenta","Kersti"
"Sales",215644,"Angot","Surveyors"
"Sales",210711,"Orlowski","King"
"Sales",210714,"Ponthieu","Maja"
"Sales",215696,"Iisaka","Nigel"
"Sales",463127,"Bellone","Sanjai"
"Sales",215702,"Avouris","Thodoros"
"Sales",56905,"Genin","Insup"
"Sales",215720,"Radivojevic","Charlene"
"Sales",215738,"Goldhammer","Adas"
"Sales",210764,"Fujisaki","Eberhardt"
"Sales",215774,"Schicker","Mabo"
"Sales",215779,"Schaaf","Jaber"
"Sales",215808,"Garigliano","Alper"
"Sales",215813,"Dulay","Mikhail"
"Sales",215835,"Hinsberger","Shooichi"
"Sales",210781,"Shigei","Yongdong"
"Sales",215868,"Jumpertz","Ramya"
"Sales",215885,"Imataki","Sanjeeva"
"Sales",56586,"Uhrig","Lucien"
"Sales",215919,"Hockney","Parto"
"Sales",215942,"Lovengreen","Ziya"
"Sales",215955,"Denti","Kasidit"
"Sales",215981,"Perin","Sudhanshu"
"Sales",215995,"Brookner","Kerryn"
"Sales",216019,"Ranum","Shigeichiro"
"Sales",216025,"Sessa","Aiichiro"
"Sales",216037,"Eiter","Herb"
"Sales",216065,"Pews","Rafael"
"Sales",216125,"Linares","Shakhar"
"Sales",210848,"Emiris","Gennadi"
"Sales",463124,"Ventosa","Xinan"
"Sales",210857,"Serot","Denis"
"Sales",216190,"Hofstetter","Zhaofang"
"Sales",216203,"Karunanithi","Abdulah"
"Sales",216223,"Koshino","Zhilian"
"Sales",216239,"Reghbati","Siddarth"
"Sales",216292,"Zizka","Goh"
"Sales",210905,"Dechter","Bokyung"
"Sales",56251,"Merli","Zhenbing"
"Sales",56244,"Comte","Geoff"
"Sales",56240,"Dulay","Rance"
"Sales",216553,"Mellouli","Nigel"
"Sales",216575,"Luit","Hongzue"
"Sales",211141,"Caine","Snehasis"
"Sales",216620,"Coors","Lein"
"Sales",216627,"Varman","Huai"
"Sales",216633,"Delgrande","Horward"
"Sales",216634,"Cooley","Mani"
"Sales",216642,"Mondadori","Kazuhiko"
"Sales",216644,"Eiter","Yakichi"
"Sales",443167,"Crouzet","Mircea"
"Sales",216669,"Nilsson","Karlis"
"Sales",463080,"Covnot","Nahum"
"Sales",216698,"Thebaut","Horward"
"Sales",216702,"Nannarelli","Brigham"
"Sales",211181,"Demian","Pranjal"
"Sales",55989,"Tzvieli","Dharmaraja"
"Sales",55978,"Sanella","Sumali"
"Sales",463078,"Mateescu","Shirish"
"Sales",211198,"Jakobus","Chuanyi"
"Sales",217346,"Leivant","Aluzio"
"Sales",217381,"Pocchiola","Aamer"
"Sales",211206,"Demizu","Tonia"
"Sales",55949,"Gini","Felicidad"
"Sales",211247,"Garnham","Abdelkader"
"Sales",443161,"Masamoto","Subhrajyoti"
"Sales",217550,"Fontan","Dinah"
"Sales",217591,"Ghandeharizadeh","Barun"
"Sales",217615,"Giveon","Jamaludin"
"Sales",217643,"Oxman","Guangming"
"Sales",217691,"Gire","Aamer"
"Sales",217730,"Peek","Bezalel"
"Sales",217770,"Schmezko","Sanjeeva"
"Sales",217855,"Matzov","Takahiro"
"Sales",217910,"Famili","Sivanarayana"
"Sales",55908,"Ghalwash","Xinglin"
"Sales",217942,"Tischendorf","Jayson"
"Sales",217945,"Georg","Shmuel"
"Sales",217967,"Merli","Candido"
"Sales",217981,"Stellhorn","Radhia"
"Sales",463068,"Chepyzhov","Nevin"
"Sales",213524,"Coney","Bingning"
"Sales",220709,"Wilharm","Jinya"
"Sales",220736,"Suomi","Sudharsan"
"Sales",220806,"Gulla","Guadalupe"
"Sales",55608,"Curless","Demin"
"Sales",220844,"Leijenhorst","Yongqiao"
"Sales",220855,"Leuchs","Froduald"
"Sales",220890,"Krupka","Shigehiro"
"Sales",220913,"Goldhammer","Nahid"
"Sales",220951,"Kohling","Mang"
"Sales",213588,"Schiettecatte","Tetsushi"
"Sales",220992,"Francisci","Arie"
"Sales",221034,"Velasco","Filipe"
"Sales",55589,"Naudin","Murthy"
"Sales",221066,"Takanami","Paraskevi"
"Sales",221099,"Malinowski","Nahum"
"Sales",213597,"Benaini","Basim"
"Sales",55536,"Baba","Jungsoon"
"Sales",221128,"Keohane","Hatsukazu"
"Sales",221148,"Roccetti","Ayonca"
"Sales",221160,"Rotem","Sailaja"
"Sales",221171,"Glinert","Eldridge"
"Sales",221344,"Orlowska","Szabolcs"
"Sales",221386,"Hutton","Fumino"
"Sales",221397,"Acton","Tremaine"
"Sales",221451,"Poujol","Moto"
"Sales",221472,"Sridhar","Uzi"
"Sales",213657,"Melton","Yuqun"
"Sales",221529,"Savasere","Mansur"
"Sales",281313,"Seiwald","Yakkov"
"Sales",213677,"Haraldson","Ziya"
"Sales",463063,"Ellozy","Serge"
"Sales",281316,"Harllee","Theirry"
"Sales",213714,"Crabtree","Panayotis"
"Sales",221863,"Schlegelmilch","Radhia"
"Sales",55400,"Anger","Eckart"
"Sales",221954,"Litzler","Wayne"
"Sales",55375,"Caine","Houman"
"Sales",55152,"Lores","Temple"
"Sales",222202,"Rosin","Richara"
"Sales",55130,"Serra","Duri"
"Sales",222249,"Schnabel","Gererd"
"Sales",222516,"Rebaine","Katsuyuki"
"Sales",54800,"Cangellaris","Breannda"
"Sales",222598,"Bade","Lokesh"
"Sales",222609,"Muchinsky","Barun"
"Sales",54749,"Peek","Otmar"
"Sales",213774,"Heiserman","Ranga"
"Sales",213781,"Reistad","Reuven"
"Sales",54748,"Showalter","Taizo"
"Sales",54718,"Garnier","Mihalis"
"Sales",54492,"England","Odinaldo"
"Sales",222783,"Conte","Takahira"
"Sales",54487,"Assaf","Goetz"
"Sales",222806,"Ratnakar","Kiam"
"Sales",214984,"Yurov","Tomofumi"
"Sales",222917,"Mandell","Yuping"
"Sales",222925,"Karunanithi","Shrikanth"
"Sales",222981,"Schlumberger","Annemarie"
"Sales",222984,"Strooper","Yannis"
"Sales",223277,"Bonifati","Danel"
"Sales",54417,"Sadowsky","Danny"
"Sales",215036,"Gini","Sanjay"
"Sales",215047,"Flowers","Matt"
"Sales",223359,"Mukaidono","Sariel"
"Sales",223402,"Masand","Shigeo"
"Sales",223486,"England","Mang"
"Sales",223515,"Baer","Teruyuki"
"Sales",223703,"Bottner","Kokou"
"Sales",54162,"Granlund","Ayonca"
"Sales",223785,"Llado","Rajmohan"
"Sales",223805,"Michaels","Bader"
"Sales",54147,"Fujisawa","Kasidit"
"Sales",54120,"Farrar","Gritta"
"Sales",223846,"Luce","Arvind"
"Sales",54079,"Pezzoli","Chuanti"
"Sales",215123,"Angelopoulos","Sangeeta"
"Sales",223885,"Chorvat","Subhash"
"Sales",223933,"Kakkar","Fuqing"
"Sales",215168,"Hellwagner","Houman"
"Sales",224016,"Baig","Goo"
"Sales",224070,"Krzyzanowski","Chrisa"
"Sales",224076,"Gide","Gonzalo"
"Sales",53797,"Perfilyeva","Hatem"
"Sales",224096,"Madeira","Randi"
"Sales",53794,"Denna","Owen"
"Sales",224138,"Falck","Suvo"
"Sales",215237,"Frijda","Padma"
"Sales",53766,"DuCasse","Georgi"
"Sales",215257,"Miculan","Mariangiola"
"Sales",53686,"Bellone","Murthy"
"Sales",224394,"Sanella","Isaac"
"Sales",53664,"Pelc","Chiradeep"
"Sales",224409,"Hiraishi","Khalil"
"Sales",281336,"Guting","Torsten"
"Sales",53660,"Stellhorn","Anyuan"
"Sales",224483,"Fetvedt","Supot"
"Sales",215324,"Range","Nahid"
"Sales",224523,"Kading","Marsal"
"Sales",224568,"Bahi","Nidapan"
"Sales",215327,"Olano","Florina"
"Sales",224589,"Rosen","Noritoshi"
"Sales",224605,"Garnham","Nirmal"
"Sales",443102,"Honiden","Filipe"
"Sales",224679,"Simmel","Mats"
"Sales",53636,"Grandbois","Nirmal"
"Sales",227572,"Schaaf","Premal"
"Sales",227574,"Marciano","Jaques"
"Sales",227587,"Whitcomb","Bedir"
"Sales",53555,"Alpay","Elgin"
"Sales",227635,"Kavraki","Danil"
"Sales",227647,"Bodoff","Danai"
"Sales",227712,"Baek","Khosrow"
"Sales",215417,"Biros","Xinglin"
"Sales",443090,"Schaaf","Qingxiang"
"Sales",215424,"Hertweck","Hirochika"
"Sales",296052,"Lyonns","Charlene"
"Sales",227789,"Mateescu","Fumiko"
"Sales",227827,"Schusler","Dinah"
"Sales",227912,"Turnbull","Cathie"
"Sales",216837,"Vesna","Sadun"
"Sales",227987,"Harllee","Remzi"
"Sales",228145,"Picco","Marit"
"Sales",228186,"Birke","Navin"
"Sales",53226,"Koyama","Yurij"
"Sales",228403,"Itzigehl","Basil"
"Sales",228449,"Kushnir","Pascal"
"Sales",281452,"Sridhar","Debaprosad"
"Sales",53180,"Ghandeharizadeh","Seongbin"
"Sales",216943,"Akaboshi","Sudharsan"
"Sales",281468,"Furedi","Sachar"
"Sales",228726,"Schaaf","Yechiam"
"Sales",228734,"Ermel","Palash"
"Sales",228736,"Rahier","Xianlong"
"Sales",228768,"Madeira","Erez"
"Sales",228770,"Kornyak","Anneli"
"Sales",228812,"Birsak","Fay"
"Sales",228821,"Denna","Shigeu"
"Sales",229038,"Oberman","Sachar"
"Sales",216980,"Bernardinello","Hyuckchul"
"Sales",462938,"Porenta","Teruyuki"
"Sales",229113,"Hasenauer","Aiichiro"
"Sales",229133,"Jenevein","Geoffry"
"Sales",229149,"Bashian","Chanjung"
"Sales",52957,"Dalphin","Kazuhira"
"Sales",217004,"Gurbaxani","Aamer"
"Sales",229180,"Magliocco","Miquel"
"Sales",229219,"Hiltgen","Hideo"
"Sales",281475,"Rosch","Sachin"
"Sales",229285,"Molberg","Urs"
"Sales",229316,"Coney","Eldridge"
"Sales",281477,"Domenig","Remmert"
"Sales",281487,"Feldmann","Phuoc"
"Sales",229374,"Gurbaxani","Persi"
"Sales",229432,"Peek","Tonia"
"Sales",293396,"Norsworthy","George"
"Sales",217086,"Bach","Sibyl"
"Sales",229478,"Kampfer","Shaibal"
"Sales",229494,"Wilfing","Kazuhira"
"Sales",462928,"Bondorf","Mansur"
"Sales",217120,"Wiegley","Yannik"
"Sales",230098,"Nilsson","Fen"
"Sales",52650,"Makinen","Shooichi"
"Sales",230124,"Marzano","Radhia"
"Sales",52641,"Emiris","Ugo"
"Sales",230156,"Beeson","Bernt"
"Sales",230169,"Pramanik","Eberhardt"
"Sales",52611,"Gente","Supot"
"Sales",217141,"Miyakawa","Ibibia"
"Sales",443049,"Pesch","Aruna"
"Sales",52597,"Boreale","Nechama"
"Sales",230635,"Georgatos","Randy"
"Sales",230661,"Billingsley","Lena"
"Sales",217161,"Lorho","Pantung"
"Sales",217188,"Bach","Leszek"
"Sales",232080,"Luan","Tsuneo"
"Sales",232120,"Mungall","Katsuyuki"
"Sales",217199,"Saoudi","Miomir"
"Sales",217201,"Papadias","Serif"
"Sales",232199,"Heinisuo","Goncalo"
"Sales",281505,"Baer","Babette"
"Sales",232428,"Gonthier","Erez"
"Sales",52575,"Vernadat","Gio"
"Sales",52562,"Shigei","Toshimori"
"Sales",232476,"Asser","Toshimori"
"Sales",232509,"Denny","Weiyi"
"Sales",232530,"Luks","Boguslaw"
"Sales",232549,"Syrzycki","Zhiwei"
"Sales",232889,"Yetim","Oscal"
"Sales",52539,"Huttel","Shigeu"
"Sales",281509,"Kusakabe","Xuejun"
"Sales",233242,"Cappelletti","Randi"
"Sales",233246,"Murthy","Yuping"
"Sales",233250,"Hoogerwoord","Jayson"
"Sales",217250,"Akiyama","Hongzue"
"Sales",462874,"Mandell","Pranay"
"Sales",233298,"Encarnacion","Fumino"
"Sales",462865,"Schaad","Kensei"
"Sales",217272,"Eldridge","Yuchang"
"Sales",52286,"Lorho","Mong"
"Sales",234244,"Zwicker","Werner"
"Sales",234250,"Mandell","Berni"
"Sales",52258,"Takanami","Bernt"
"Sales",234299,"Speckmann","Felicidad"
"Sales",234328,"Hanratty","Ayakannu"
"Sales",462832,"Conte","Jenwei"
"Sales",234634,"Lores","Georgy"
"Sales",234644,"Godskesen","Branimir"
"Sales",234653,"Ladret","Feixiong"
"Sales",234657,"Jervis","Yongmin"
"Sales",234672,"Takkinen","Duangkaew"
"Sales",51982,"Baumann","Navid"
"Sales",51975,"Casperson","Suvo"
"Sales",236140,"Vidal","Serge"
"Sales",236438,"Felder","Annemarie"
"Sales",218089,"Busillo","Weiye"
"Sales",236554,"Hofmeyr","Xiaoshan"
"Sales",238269,"Kirkerud","Gill"
"Sales",238298,"Cunliffe","Prasadram"
"Sales",218154,"Leslie","Shahaf"
"Sales",51931,"Harnett","Ramachenga"
"Sales",218161,"Solovay","Chuanyi"
"Sales",238363,"Mellouli","Anneke"
"Sales",218184,"Kawashimo","Eberhardt"
"Sales",218204,"Glowinski","Guiseppe"
"Sales",238476,"Lanzelotte","Khalid"
"Sales",238479,"Pintelas","Yongmin"
"Sales",238525,"Nittel","Radhia"
"Sales",281550,"Speckmann","Hausi"
"Sales",51875,"Ferriere","Xiaoqiang"
"Sales",238546,"Ventosa","Yefim"
"Sales",238555,"Maksimenko","Berna"
"Sales",51869,"Portugali","Odoardo"
"Sales",238610,"Lores","Yannis"
"Sales",218237,"Lubachevsky","Mechthild"
"Sales",51651,"Kaiserswerth","Valdiodio"
"Sales",238706,"Vieth","Sakthirel"
"Sales",51650,"Erie","Jungsoon"
"Sales",239082,"Vickson","Martijn"
"Sales",239122,"Montresor","Otilia"
"Sales",218250,"Bazelow","Krisda"
"Sales",239185,"Giaccio","Luigi"
"Sales",462739,"Velardi","Karsten"
"Sales",51594,"Vecchio","Huai"
"Sales",218258,"Randt","Gunilla"
"Sales",239806,"Kadhim","Byong"
"Sales",239832,"Kakkar","Akhilish"
"Sales",218271,"Luft","Leandro"
"Sales",51573,"Merlo","Marl"
"Sales",239840,"Sury","Petter"
"Sales",462705,"Norsworthy","Mohit"
"Sales",218279,"Gerlach","Shridhar"
"Sales",239872,"Schwartzburd","Frazer"
"Sales",239883,"Prochazka","Caolyn"
"Sales",239892,"Waschkowski","Saeed"
"Sales",239893,"Rijsenbrij","Kiyotoshi"
"Sales",239898,"Hooghiemstra","Elrique"
"Sales",240121,"Sinitsyn","Kwok"
"Sales",240165,"Munck","Zhaofang"
"Sales",218304,"Lanteri","Rosalie"
"Sales",240198,"Menyhert","Dmitri"
"Sales",443038,"Poujol","Douadi"
"Sales",240247,"Peot","Shigehito"
"Sales",240957,"Collavizza","Byong"
"Sales",218325,"Eiter","Sanjeeva"
"Sales",218330,"Pulkowski","Alain"
"Sales",462668,"Jenevein","Bedrich"
"Sales",462661,"Ghandeharizadeh","Shem"
"Sales",241075,"Rossi","Zorica"
"Sales",241077,"Veccia","Eran"
"Sales",241278,"Gerlach","Bodo"
"Sales",51491,"Percebois","Arup"
"Sales",241317,"Koshiba","Nakhoon"
"Sales",241342,"Naumovich","Jaewoo"
"Sales",241365,"Docker","Yechezkel"
"Sales",241429,"Peron","Yurii"
"Sales",241468,"Pluym","Dietrich"
"Sales",218370,"Oskamp","Breannda"
"Sales",241553,"Gurbaxani","Nathan"
"Sales",241591,"Bain","Aran"
"Sales",241592,"Loncour","Djenana"
"Sales",288599,"Rodier","Chenye"
"Sales",241802,"Puppo","Kaijung"
"Sales",241811,"Brickell","Arunachalam"
"Sales",241818,"Lanzelotte","Dinah"
"Sales",281590,"Heydon","Tooru"
"Sales",241859,"Emden","Gretta"
"Sales",241908,"Kitai","Sanjiv"
"Sales",51434,"Huttel","Taisook"
"Sales",218446,"Lenart","Ferdinand"
"Sales",51420,"Copas","Satyanarayana"
"Sales",242162,"Bodoff","Yinghua"
"Sales",218449,"Coors","Aiman"
"Sales",242211,"Heystek","Sibyl"
"Sales",462647,"Dolinsky","Manibrata"
"Sales",242241,"Imataki","Uriel"
"Sales",218463,"Speer","Manu"
"Sales",218467,"Kamber","Kousuke"
"Sales",242971,"Itschner","Mack"
"Sales",218472,"Thisen","Moty"
"Sales",242984,"Papsdorf","Xinyu"
"Sales",281596,"Feinberg","Jixiang"
"Sales",51366,"Klyachko","Mostafa"
"Sales",243131,"Detkin","Paris"
"Sales",243189,"Rebaine","Goh"
"Sales",243213,"Kusakabe","Malu"
"Sales",243225,"Luby","Yakichi"
"Sales",243282,"Anido","Zdislav"
"Sales",443022,"Gyimothy","Alexius"
"Sales",243419,"Rosenbaum","Tommaso"
"Sales",243421,"Kitsuregawa","Shir"
"Sales",51164,"Khasidashvili","Sangeeta"
"Sales",243439,"Sinicrope","Zengping"
"Sales",51163,"Strehl","Bilhanan"
"Sales",243457,"Sury","Cordelia"
"Sales",218560,"Ramamoorthy","Charmane"
"Sales",218566,"Flexer","Wonhee"
"Sales",218591,"Hofting","Christfried"
"Sales",243532,"Hockney","Seongbae"
"Sales",51155,"Lorho","Kenroku"
"Sales",243613,"Parveen","Gudjon"
"Sales",243619,"Zielinski","Tse"
"Sales",51118,"Mundy","Fumiko"
"Sales",243624,"Iisaku","Leon"
"Sales",243691,"Pappas","Maha"
"Sales",243698,"Geffroy","Unal"
"Sales",243704,"Riefers","Cullen"
"Sales",443012,"Rissanen","Toshiki"
"Sales",243728,"Barbanera","Leah"
"Sales",281697,"Rusterholz","Nirmal"
"Sales",218678,"Yemenis","Kazuhisa"
"Sales",243853,"Covnot","Erzsebet"
"Sales",243860,"Keohane","Shaw"
"Sales",243884,"Kropp","Renee"
"Sales",51048,"Bresenham","Nectarios"
"Sales",243973,"Raczkowsky","Georgi"
"Sales",244014,"Aamodt","Rimli"
"Sales",244016,"Bennis","Irena"
"Sales",51013,"Lorch","Brigham"
"Sales",244027,"Ambroszkiewicz","Macha"
"Sales",51008,"England","Ziya"
"Sales",244142,"Hanabata","Honesty"
"Sales",244143,"Merks","Heekeun"
"Sales",244175,"Babb","Valeri"
"Sales",218725,"Hatcliff","Genevieve"
"Sales",244198,"Karner","Junichi"
"Sales",244207,"Isaac","Flemming"
"Sales",50787,"Makrucki","Shooichi"
"Sales",462623,"Schaar","Shen"
"Sales",244354,"Bauknecht","Gudjon"
"Sales",244376,"Spinelli","Nahla"
"Sales",244392,"Riefers","Owen"
"Sales",281712,"Matzov","Rosita"
"Sales",244546,"Asmuth","Badri"
"Sales",244549,"Chinen","Aemilian"
"Sales",244551,"Rande","Diederik"
"Sales",50758,"Isard","Mara"
"Sales",218785,"Gargeya","Lijia"
"Sales",50748,"Danecki","Sigeru"
"Sales",244608,"Ranka","Marco"
"Sales",50743,"Petereit","Saeko"
"Sales",244730,"Luke","Georgy"
"Sales",50694,"Middleton","Sadun"
"Sales",244803,"Narahara","Debaprosad"
"Sales",244809,"Tsunoo","Adil"
"Sales",244832,"Sridhar","Marlo"
"Sales",244909,"Marquardt","Tsz"
"Sales",244942,"Georgatos","Chikako"
"Sales",50677,"Perfilyeva","Fei"
"Sales",245007,"DuBourdieux","Venkatesan"
"Sales",245031,"Malabarba","DAIDA"
"Sales",245084,"Rahimi","Rafael"
"Sales",245297,"Pileggi","Dmitry"
"Sales",245332,"Vural","Subhrajyoti"
"Sales",50669,"Hooghiemstra","Naftali"
"Sales",218883,"Erie","Yongqiao"
"Sales",245411,"Miake","Chirstian"
"Sales",245420,"Yetto","Xiping"
"Sales",245463,"Rajcani","Chenye"
"Sales",245464,"Hennings","Rayond"
"Sales",245485,"Gill","Shir"
"Sales",245549,"Marakhovsky","Mahendra"
"Sales",245828,"Lalonde","King"
"Sales",219026,"Quittner","Nathalie"
"Sales",245929,"Zaccaria","Mikhail"
"Sales",246152,"Skrikant","Maria"
"Sales",50399,"Usdin","Kwun"
"Sales",246178,"Hiraishi","Tadanori"
"Sales",281767,"Highland","Barry"
"Sales",219059,"Cmelik","Shih"
"Sales",246278,"Pardalos","Yoshimitsu"
"Sales",246451,"Marquardt","Arvind"
"Sales",246493,"Kobara","Serge"
"Sales",246512,"Lindenbaum","Val"
"Sales",219102,"Arlazarov","Xiaoheng"
"Sales",219146,"Back","Steve"
"Sales",288639,"Rehfuss","Shooichi"
"Sales",246649,"Laventhal","Krister"
"Sales",246652,"Isard","Haldon"
"Sales",219172,"Fetvedt","DAIDA"
"Sales",246692,"Conti","Lansing"
"Sales",219212,"Suomi","Divier"
"Sales",246764,"Czaja","Shuzo"
"Sales",247157,"Rattan","Gina"
"Sales",247162,"Businaro","Sudharsan"
"Sales",247212,"Holburn","Piyush"
"Sales",247220,"Miyakawa","Aimee"
"Sales",219248,"Ozeki","Jayesh"
"Sales",247243,"Munoz","IEEE"
"Sales",247249,"Underwood","Shawna"
"Sales",219268,"Lubachevsky","Neelam"
"Sales",247461,"Jeong","Munenori"
"Sales",50095,"Nanard","Vishu"
"Sales",247503,"Setia","Jeong"
"Sales",247516,"Hopewell","Berto"
"Sales",219305,"Tokunaga","Valery"
"Sales",50078,"Badache","Kamakshi"
"Sales",247608,"Zaumen","Hsiangchu"
"Sales",50057,"Magalhaes","Kolar"
"Sales",247800,"Ranum","Yuuichi"
"Sales",247869,"Heusch","Anestis"
"Sales",49795,"Vitiello","Marsha"
"Sales",248153,"Coney","Shim"
"Sales",49680,"Isaak","Marin"
"Sales",49662,"Dulin","Augustine"
"Sales",219402,"Geffroy","Tetsushi"
"Sales",49629,"Hitomi","Maren"
"Sales",248520,"Pietrzykowski","Collette"
"Sales",248647,"Heuter","Stein"
"Sales",49615,"McAffer","Ennio"
"Sales",248764,"Lalonde","Jiann"
"Sales",248766,"Levergood","Hideo"
"Sales",248982,"Perelgut","Brigham"
"Sales",249064,"Fabrizio","Heeju"
"Sales",249066,"Lieberherr","Ewing"
"Sales",249297,"Honiden","Turgut"
"Sales",249367,"Shigei","Jolita"
"Sales",49529,"Menhardt","Hongzue"
"Sales",249425,"Papastamatiou","Parke"
"Sales",219529,"Brender","Takahira"
"Sales",249851,"Taneja","Giao"
"Sales",249859,"Kieras","Ishfaq"
"Sales",249872,"Streit","Weiye"
"Sales",219531,"Brender","Changho"
"Sales",249916,"Mahmud","Boalin"
"Sales",462477,"Munawer","Tsvetan"
"Sales",442977,"Armand","Marlo"
"Sales",250721,"Rettelbach","Xinglin"
"Sales",250731,"Driscoll","Ekawit"
"Sales",250763,"Siochi","Clyde"
"Sales",250773,"Rosch","Jordanka"
"Sales",250786,"Hagimont","Cathie"
"Sales",250790,"Veccia","Saeko"
"Sales",250800,"Maierhofer","Gunilla"
"Sales",251364,"Moehrke","Bogdan"
"Sales",251395,"Kieras","Qingxiang"
"Sales",251422,"Chaudhury","Laurentiu"
"Sales",219668,"Kalafatis","Alair"
"Sales",462453,"Molenaar","Jayesh"
"Sales",251976,"Nooteboom","Guenter"
"Sales",251979,"Percebois","Rosalie"
"Sales",219679,"Perelgut","Garnik"
"Sales",281853,"Malinowski","Teiji"
"Sales",49261,"Kalafatis","Yuuichi"
"Sales",252092,"Verhaegen","Udi"
"Sales",281858,"Griswold","Fay"
"Sales",281862,"Fairtlough","Youjian"
"Sales",252368,"Rabehasaina","Chenyi"
"Sales",49225,"Nittel","Falguni"
"Sales",49222,"Frezza","Brigham"
"Sales",252428,"Greenaway","Erez"
"Sales",252643,"Thorensen","Aleksandar"
"Sales",462417,"Perng","Jianhui"
"Sales",252775,"Ulupinar","Achilleas"
"Sales",49187,"Schoegge","Qunsheng"
"Sales",219793,"Lampe","Nitsan"
"Sales",252826,"Cyre","Akemi"
"Sales",219858,"Danner","Krister"
"Sales",219863,"Detkin","Haldun"
"Sales",252940,"Zallocco","Pragnesh"
"Sales",252973,"Poehlman","Ung"
"Sales",253167,"Geffroy","Weiye"
"Sales",253174,"Henders","Hidekazu"
"Sales",281894,"Greenaway","Pragnesh"
"Sales",219909,"Joslin","Deborah"
"Sales",219923,"Lichtner","Oguz"
"Sales",253365,"Litzkow","Joydip"
"Sales",48900,"Mikschl","Zhenbing"
"Sales",48891,"Kushner","Baocai"
"Sales",253451,"Poulakidas","Remco"
"Sales",281933,"Lung","Aloke"
"Sales",253982,"Nishimukai","Leif"
"Sales",219953,"Bouloucos","Evgueni"
"Sales",48834,"Ferriere","Felicidad"
"Sales",462395,"Wrigley","Zhenbing"
"Sales",254113,"Sessa","Ravishankar"
"Sales",254132,"Badache","Djelloul"
"Sales",254327,"Shackel","Lillian"
"Sales",254346,"Percebois","Irena"
"Sales",254416,"Manders","Adel"
"Sales",254430,"Zedlitz","Yinghua"
"Sales",254460,"Poujol","Duke"
"Sales",254652,"Hooghiemstra","Aron"
"Sales",254658,"Beausoleil","Bouchung"
"Sales",254672,"Quaggetto","Ugo"
"Sales",48621,"Reghbati","Mircea"
"Sales",220013,"Kaminger","Herbert"
"Sales",254701,"Selenyi","Shin"
"Sales",254733,"Yoshimura","Kiyotoshi"
"Sales",220019,"Lamba","Rafael"
"Sales",254796,"Carrera","Rosli"
"Sales",254798,"Famili","Takanari"
"Sales",48620,"Varley","Xiaopeng"
"Sales",255357,"Clouatre","Siddarth"
"Sales",255368,"Attimonelli","Sanjai"
"Sales",255403,"Goldhammer","Yuqun"
"Sales",48577,"Piazza","Peternela"
"Sales",255420,"Plump","Irene"
"Sales",220044,"Waeselynck","Val"
"Sales",255434,"Perin","Basant"
"Sales",255486,"Hopewell","Bingning"
"Sales",255518,"Kaiserswerth","Shahaf"
"Sales",48573,"Trelles","Wojceich"
"Sales",255577,"Asser","Aran"
"Sales",220057,"Pauthner","Moty"
"Sales",220059,"Kobuchi","Hironoby"
"Sales",255675,"Poulakidas","Moheb"
"Sales",255681,"Rodham","Ebru"
"Sales",255700,"Ghalwash","Paloma"
"Sales",48560,"Bierbaum","Khun"
"Sales",220075,"Oskamp","Moty"
"Sales",255747,"Swiss","Mohammed"
"Sales",255794,"Perin","Suzette"
"Sales",255803,"McClurg","Taegyun"
"Sales",220092,"Nitsch","Hirochika"
"Sales",255873,"Zaiane","Takanari"
"Sales",255889,"Zultner","Woody"
"Sales",255896,"Capobianchi","Junsik"
"Sales",48275,"Massonet","Sariel"
"Sales",255967,"Kleiser","Spyrose"
"Sales",255979,"Manders","Itzchak"
"Sales",255982,"Frijda","Weiyi"
"Sales",220103,"Pargas","Tristan"
"Sales",256061,"Karner","Shiv"
"Sales",256076,"Lienhardt","Florian"
"Sales",220119,"Basagni","Kauko"
"Sales",48258,"Ambroszkiewicz","Leif"
"Sales",220123,"Lueh","Maia"
"Sales",48241,"Claffy","Tetsushi"
"Sales",256149,"Hiltgen","Tonia"
"Sales",256707,"Bain","Breannda"
"Sales",256723,"Nitsch","Shaunak"
"Sales",256732,"Ferretti","Otilia"
"Sales",256735,"Teitelbaum","Luerbio"
"Sales",256788,"Cooley","Xinglin"
"Sales",220160,"Snedden","Anoosh"
"Sales",48195,"Antonisse","Akhilish"
"Sales",256862,"Juneja","Moheb"
"Sales",48175,"Xiaoshan","Margo"
"Sales",48165,"Budinsky","Chuanti"
"Sales",47963,"Plavsic","Luigi"
"Sales",256966,"Oehlmann","Insup"
"Sales",256979,"Kohling","Karsten"
"Sales",462282,"Morton","Adly"
"Sales",256994,"Plavsic","Berni"
"Sales",47888,"Dayang","Chenye"
"Sales",257040,"Schreiter","Kenroku"
"Sales",47861,"Cesareni","Martins"
"Sales",257079,"Wiegley","Serap"
"Sales",257143,"Kropp","Hsiangchu"
"Sales",220239,"Kruskal","Seongbin"
"Sales",257176,"Binkley","Alejandra"
"Sales",257214,"Aamodt","Kaijung"
"Sales",282002,"Eickenmeyer","Franziska"
"Sales",257300,"Taubenfeld","Nimmagadda"
"Sales",47635,"Sommen","Sasan"
"Sales",257373,"Hagimont","Munenori"
"Sales",47620,"Willoner","Mayumi"
"Sales",257424,"Oxman","Tomofumi"
"Sales",257435,"Krybus","Bangqing"
"Sales",257436,"Dahlbom","Arlette"
"Sales",47602,"Kornatzky","Kitty"
"Sales",47571,"Saoudi","Vugranam"
"Sales",257500,"Falby","Constantino"
"Sales",257504,"Baar","Marsha"
"Sales",257505,"Conta","Eran"
"Sales",257532,"Sabnani","Horward"
"Sales",47570,"Boudaillier","Alexius"
"Sales",257563,"Oaver","Moss"
"Sales",462281,"Luan","Nahla"
"Sales",47513,"Thorelli","Shietung"
"Sales",47512,"Kropatsch","Karoline"
"Sales",257764,"Broomell","Huiqun"
"Sales",462266,"Matzat","Kellyn"
"Sales",257911,"Maquelin","Pranay"
"Sales",47442,"Kruskal","George"
"Sales",257949,"Unno","Steen"
"Sales",47389,"Hellwagner","Niranjan"
"Sales",258052,"Masamoto","Jacopo"
"Sales",462068,"Pehl","Tesuya"
"Sales",220399,"Coullard","Adas"
"Sales",258113,"Dalton","Basem"
"Sales",258195,"Speckmann","Zvonko"
"Sales",220459,"Bahk","Ekawit"
"Sales",258211,"Peres","Uli"
"Sales",258219,"Picht","Masaki"
"Sales",258248,"Peot","Nathan"
"Sales",258268,"Ranka","Goa"
"Sales",442941,"Kossowski","Tsvetan"
"Sales",220495,"Lamparter","Shuky"
"Sales",258664,"Stroustrup","Kagan"
"Sales",258871,"Hinsberger","Arunas"
"Sales",258927,"Kragelund","Fumiya"
"Sales",47078,"Azulay","Mariangiola"
"Sales",258952,"Hammerschmidt","Yechezkel"
"Sales",47070,"McDermid","Frederique"
"Sales",259189,"Luan","Jacopo"
"Sales",259190,"Uhrik","Leon"
"Sales",220536,"Baby","DAIDA"
"Sales",259316,"Rosen","Renee"
"Sales",259361,"Greenaway","Aamod"
"Sales",462043,"Stenning","Kwangho"
"Sales",259408,"Kavvadias","Mizuhito"
"Sales",220611,"Babb","Yuping"
"Sales",259461,"Mellouli","Gila"
"Sales",46806,"Heuter","Munenori"
"Sales",259471,"Baek","Owen"
"Sales",46759,"Basart","Zissis"
"Sales",220629,"Linares","Morrie"
"Sales",46758,"Azadmanesh","Kenroku"
"Sales",46731,"Zeilberger","Teruyuki"
"Sales",259577,"Jullig","Badri"
"Sales",259624,"Sambasivam","Goa"
"Sales",259675,"Iwayama","Goo"
"Sales",221179,"Lakshmanan","Munir"
"Sales",221189,"Peck","Olivera"
"Sales",221192,"Danley","Xiaoshan"
"Sales",259701,"Ciolek","Goh"
"Sales",259781,"Nitto","Yurij"
"Sales",259805,"Hutton","Leandro"
"Sales",259833,"Prochazka","Sanjiv"
"Sales",259837,"Radwan","Hideo"
"Sales",462016,"Danner","Taiji"
"Sales",260053,"Munawer","Thodoros"
"Sales",46418,"Dengi","Akemi"
"Sales",260129,"Sinitsyn","Cheong"
"Sales",221225,"Cardazo","Yuichiro"
"Sales",260192,"Schlegelmilch","Murthy"
"Sales",260231,"DeMori","JiYoung"
"Sales",260252,"Hagimont","Taiji"
"Sales",462005,"Kushner","Pramod"
"Sales",221250,"Worfolk","Prodip"
"Sales",260282,"Cmelik","Maha"
"Sales",260297,"Magalhaes","Debaprosad"
"Sales",260301,"Carrere","Jayson"
"Sales",260324,"Aamodt","Salvador"
"Sales",260349,"Luon","Paris"
"Sales",46359,"Demos","Renee"
"Sales",221289,"Giveon","Martijn"
"Sales",260405,"Syang","Xiaocheng"
"Sales",260421,"Heuter","Sashi"
"Sales",260486,"Attimonelli","Chuanyi"
"Sales",442933,"Vural","Baocai"
"Sales",260612,"Conte","Roded"
"Sales",461965,"Loncour","Woody"
"Sales",260688,"Polupanov","Idoia"
"Sales",46124,"Barinka","Shunichi"
"Sales",221680,"Jarecki","Candida"
"Sales",260836,"Erev","Menkae"
"Sales",46097,"Kitai","Jiafu"
"Sales",260899,"Werthner","Otmar"
"Sales",260927,"Varker","Yakichi"
"Sales",260985,"Zeidenstein","Moss"
"Sales",260991,"Bharadwaj","Chuanti"
"Sales",261001,"Leuchs","Uli"
"Sales",282179,"Ernst","Takahito"
"Sales",261014,"Heering","Guozhong"
"Sales",261080,"Delgrande","Ziyad"
"Sales",261085,"Birke","Rildo"
"Sales",221753,"Maliniak","Mong"
"Sales",261123,"Llado","Demin"
"Sales",442897,"Dahlbom","Saniya"
"Sales",261400,"Schaaf","Chinho"
"Sales",261423,"Narahara","Heekeun"
"Sales",282204,"Schneeberger","Ulises"
"Sales",461931,"Berztiss","Samphel"
"Sales",45989,"Asrin","Hiroyasu"
"Sales",261512,"Verhaegen","Toshimi"
"Sales",221838,"Asrin","Masami"
"Sales",45987,"Olivero","Gila"
"Sales",222355,"Tetzlaff","Abdulla"
"Sales",460440,"Emden","Shen"
"Sales",487000,"Hambrick","Dipankar"
"Sales",419554,"Hasenauer","Gill"
"Sales",419537,"Zizka","Ziya"
"Sales",419521,"Furudate","Takushi"
"Sales",415164,"Kopetz","Marl"
"Sales",419458,"Lundstrom","Arno"
"Sales",22564,"Sooriamurthi","Jiafu"
"Sales",418835,"Bruckman","Oguz"
"Sales",418802,"Heuter","Mabhin"
"Sales",22628,"Verhoeff","Mohit"
"Sales",22661,"Curless","Faiza"
"Sales",418165,"Pehl","Kauko"
"Sales",22691,"Bottner","Morris"
"Sales",22703,"Litecky","Gladys"
"Sales",22720,"Gornas","Olivera"
"Sales",22728,"Codenie","Makato"
"Sales",22737,"Szemeredi","Willard"
"Sales",418136,"Poupard","Zeydy"
"Sales",22767,"Esteva","Elrique"
"Sales",418021,"Caine","Basant"
"Sales",418011,"Melter","Mariangiola"
"Sales",417689,"Levasseur","Genevieve"
"Sales",417674,"Felcyn","Felicidad"
"Sales",417615,"Danecki","Shuky"
"Sales",417599,"Limongiello","Larisa"
"Sales",415125,"Sanella","Sedat"
"Sales",417355,"Dechter","Rafail"
"Sales",417343,"Blokdijk","Weiru"
"Sales",417294,"Trogemann","Sakthirel"
"Sales",417275,"Middleton","Mohammed"
"Sales",417271,"Kranzdorf","Denis"
"Sales",417251,"Hitomi","Vugranam"
"Sales",416995,"Ibel","Kinh"
"Sales",416940,"Hoppenstand","Weiyi"
"Sales",416938,"Validov","Reinhold"
"Sales",416686,"Porotnikoff","Yuichiro"
"Sales",24605,"Merli","Arvind"
"Sales",416682,"Juneja","Zejun"
"Sales",416669,"Bultermann","Tomoyuki"
"Sales",416668,"Portugali","Barton"
"Sales",416659,"Hempstead","Jordanka"
"Sales",24635,"Cochrane","Kyoichi"
"Sales",416658,"Birsak","Bernd"
"Sales",416633,"Coombs","Khun"
"Sales",24693,"Kitai","Ayakannu"
"Sales",416619,"Farrel","Goa"
"Sales",24725,"Openshaw","Yechezkel"
"Sales",416402,"Zumaque","Sven"
"Sales",415121,"Peot","Yechezkel"
"Sales",416393,"Valette","Chiranjit"
"Sales",416372,"Skogmar","Chikara"
"Sales",416347,"Petereit","Gurbir"
"Sales",25132,"Heping","Indrajit"
"Sales",25137,"Oppitz","Christoph"
"Sales",25144,"Stellhorn","Shaibal"
"Sales",415403,"Masand","Uri"
"Sales",415365,"Negoita","Dipankar"
"Sales",415356,"Hofting","Mostafa"
"Sales",25214,"Chiodo","Sreekrishna"
"Sales",415311,"Jahnichen","Zeydy"
"Sales",415295,"Katalagarianos","Tran"
"Sales",415248,"Hennebert","Greger"
"Sales",25402,"Luke","Khoa"
"Sales",25408,"Swiler","Nikolaus"
"Sales",414988,"Bondorf","Chandrasekaran"
"Sales",25445,"Azuma","Chikako"
"Sales",296999,"Jullig","Selwyn"
"Sales",414912,"Plesums","Lokesh"
"Sales",25469,"Anick","Jinya"
"Sales",413023,"Byoun","Kiam"
"Sales",412948,"Lindqvist","Siddarth"
"Sales",412812,"Pews","Richard"
"Sales",242860,"Engberts","Chenxi"
"Sales",25540,"Verhoeff","Sailaja"
"Sales",25543,"Weisert","Macha"
"Sales",25544,"Cronan","Shaw"
"Sales",415098,"Ghelli","Mayuri"
"Sales",25784,"Zeleznik","Valeska"
"Sales",411285,"Casley","Huei"
"Sales",25841,"Ernst","Shahab"
"Sales",410574,"Czap","Shuichi"
"Sales",410533,"Wendorf","Fumitake"
"Sales",410522,"Bojadziev","Nidapan"
"Sales",414888,"Speel","Constantine"
"Sales",242884,"Baaleh","Marlo"
"Sales",410475,"Yavatkar","Aron"
"Sales",410437,"Montresor","Hongzhu"
"Sales",26418,"Papsdorf","Weicheng"
"Sales",410365,"Eldridge","Mayuko"
"Sales",410307,"Simmen","Aleksander"
"Sales",410300,"Bressoud","Feixiong"
"Sales",410208,"Beausoleil","Rildo"
"Sales",410165,"Pews","Licheng"
"Sales",26491,"Osgood","Rimon"
"Sales",26517,"Shimshoni","JiYoung"
"Sales",410021,"Thiran","Herb"
"Sales",409940,"Reghbati","Christoph"
"Sales",26540,"Lagarias","Kwan"
"Sales",409899,"Verspoor","Djelloul"
"Sales",26565,"Molenkamp","Arvind"
"Sales",414810,"Przulj","Bartek"
"Sales",409599,"Perelgut","Jungsoon"
"Sales",409568,"Zeidenstein","Poornachandra"
"Sales",409560,"Lorch","Chuanti"
"Sales",26687,"Tsukune","Danny"
"Sales",409526,"Kirkerud","Tadahiko"
"Sales",409511,"Sridhar","Roded"
"Sales",409509,"Raczkowsky","Ziya"
"Sales",409449,"Dolinsky","Serge"
"Sales",409433,"Schapiro","Gila"
"Sales",27150,"Plump","Chenyi"
"Sales",409303,"Gulik","DeForest"
"Sales",27184,"Tetzlaff","Uzi"
"Sales",27212,"Coors","Alois"
"Sales",27242,"Kornatzky","Dines"
"Sales",409107,"Rodham","Felicidad"
"Sales",242906,"Schreiter","Shunichi"
"Sales",409075,"Veldwijk","Yucai"
"Sales",408822,"Farrag","Baziley"
"Sales",408800,"Baik","Hideo"
"Sales",408794,"Sanella","Sudhanshu"
"Sales",27369,"Chinen","Cedric"
"Sales",408431,"Schmittgen","Debatosh"
"Sales",408328,"Melton","Karlis"
"Sales",408316,"Peyn","Susanna"
"Sales",27473,"Czaja","Tomofumi"
"Sales",408247,"Stenning","Tamiya"
"Sales",27477,"Kemmerer","Masali"
"Sales",408218,"Melichar","Shay"
"Sales",27501,"Binding","Uma"
"Sales",27504,"Przulj","Bluma"
"Sales",27542,"Prampolini","Kazuhisa"
"Sales",408175,"Ratzlaff","Kwangho"
"Sales",408159,"Milicia","Luisa"
"Sales",408068,"Frolund","Felicidad"
"Sales",408066,"Puppe","Ziyad"
"Sales",408047,"Ebeling","Heeju"
"Sales",408016,"Alencar","Oddvar"
"Sales",407843,"Brodie","Danny"
"Sales",27613,"Siprelle","Richara"
"Sales",27633,"Jansch","Ishfaq"
"Sales",407804,"Wallrath","Gopalakrishnan"
"Sales",407766,"Schmittgen","Yoshinari"
"Sales",407654,"Ghemri","Shaowei"
"Sales",27665,"Bressoud","Hairong"
"Sales",27678,"Pocchiola","Dante"
"Sales",27696,"Genther","Fen"
"Sales",407643,"Alpay","Arunachalam"
"Sales",407621,"Highland","Otmar"
"Sales",407619,"Bahi","Xuedong"
"Sales",27777,"Marzano","Fai"
"Sales",414494,"Staudhammer","Narain"
"Sales",407486,"Selenyi","Arun"
"Sales",407434,"Oehlmann","Shaibal"
"Sales",407416,"Danner","Jasminko"
"Sales",407409,"Brizzi","Huai"
"Sales",407264,"Merkl","Dmitry"
"Sales",407240,"Bach","Khue"
"Sales",28034,"Compeau","Nirmal"
"Sales",28043,"Kroll","Aamer"
"Sales",407135,"McClurg","Jenwei"
"Sales",28052,"Smeets","Yuqun"
"Sales",407124,"Marshall","Akhilish"
"Sales",28067,"Zallocco","Wayne"
"Sales",407116,"Lorho","Bokyung"
"Sales",28272,"Savasere","Shigeichiro"
"Sales",407098,"Marakhovsky","Aamod"
"Sales",406782,"Perly","Angel"
"Sales",28333,"Awdeh","Kannan"
"Sales",28339,"Gulla","Alassane"
"Sales",28350,"Heusch","Theron"
"Sales",406748,"Samarati","Douadi"
"Sales",406722,"Mapelli","Licheng"
"Sales",406513,"England","Luisa"
"Sales",28381,"Bashian","Leaf"
"Sales",28585,"Doering","Youngkon"
"Sales",28599,"Szilard","Youpyo"
"Sales",406412,"Guerreiro","Sushant"
"Sales",406404,"Papadias","Tzu"
"Sales",406186,"Basart","Christophe"
"Sales",28685,"Angel","Valery"
"Sales",28723,"Broomell","Licheng"
"Sales",28736,"Linnainmaa","Goa"
"Sales",406088,"Henders","Uzi"
"Sales",406047,"Cooley","Erzsebet"
"Sales",405862,"Begiun","Roddy"
"Sales",405828,"Walston","Zissis"
"Sales",405522,"Ariola","Mario"
"Sales",29235,"Papastamatiou","Ennio"
"Sales",405467,"Cincotta","Dulce"
"Sales",414400,"Dayang","Stella"
"Sales",405453,"Peres","Surveyors"
"Sales",405377,"Siepmann","Lenore"
"Sales",405367,"Remmele","Nevin"
"Sales",405351,"Flowers","Nectarios"
"Sales",29450,"Driscoll","Pranas"
"Sales",405332,"Benveniste","Heeju"
"Sales",405301,"Kulisch","Mayuri"
"Sales",405290,"Eldridge","Youjian"
"Sales",405211,"Simkin","Moon"
"Sales",29533,"Cappelletti","Fumitaka"
"Sales",405095,"Benzaken","Aiichiro"
"Sales",29535,"Kropp","Val"
"Sales",29780,"Egerstedt","Caolyn"
"Sales",29804,"Gurbaxani","Manu"
"Sales",404934,"Marrakchi","Bouchung"
"Sales",29830,"Mansanne","Rafael"
"Sales",404853,"Comyn","Jagoda"
"Sales",245126,"Cooman","Lucien"
"Sales",404831,"Narahara","Gregory"
"Sales",404799,"Negoita","Yongmao"
"Sales",414375,"Szmurlo","Kenton"
"Sales",404775,"Tagansky","Saeko"
"Sales",404751,"Luke","Sreenivas"
"Sales",29913,"Rajala","Falguni"
"Sales",404724,"Michaeli","Danae"
"Sales",404655,"Joslin","Danco"
"Sales",404654,"Cincotta","Lillian"
"Sales",404645,"Olivero","Houman"
"Sales",404618,"Back","Yakichi"
"Sales",30143,"Huttel","Indrajit"
"Sales",30160,"Wynblatt","Babette"
"Sales",404569,"Quittner","Sigeru"
"Sales",404566,"Sinicrope","Xiaoqiu"
"Sales",404541,"Benzmuller","Ayonca"
"Sales",404483,"Riexinger","Herb"
"Sales",404467,"Swiss","Shao"
"Sales",404453,"Cronin","Sugwoo"
"Sales",404389,"Wuwongse","Frazer"
"Sales",245136,"Schwartzburd","Filipp"
"Sales",404363,"Schapire","Youssef"
"Sales",30469,"Baek","Fai"
"Sales",30497,"Pettis","Youjian"
"Sales",404280,"Pehl","Boutros"
"Sales",30551,"Breugel","Souichi"
"Sales",404253,"Casperson","Alair"
"Sales",404249,"Harllee","Jiakeng"
"Sales",404234,"Nastansky","Khoa"
"Sales",404171,"Berstel","Richara"
"Sales",404091,"Peltason","Zvonko"
"Sales",30768,"Farrag","Krassimir"
"Sales",404076,"Pashtan","Arumugam"
"Sales",404043,"Joslin","Pranav"
"Sales",30782,"Malinowski","Yuguang"
"Sales",30784,"Griswold","Along"
"Sales",404036,"Cesareni","Pranas"
"Sales",404033,"Delgrossi","Mori"
"Sales",404013,"Lunt","Angel"
"Sales",404009,"Codenie","Irena"
"Sales",404005,"Waterhouse","Alois"
"Sales",403926,"Pelz","Kensyu"
"Sales",30834,"Erdi","Van"
"Sales",403873,"Shiratori","Nigel"
"Sales",403791,"Setiz","Gunilla"
"Sales",403665,"Zeidenstein","Moriyoshi"
"Sales",403627,"Akaboshi","Gennadi"
"Sales",403622,"Roccetti","Rimon"
"Sales",403605,"Rattan","Hideo"
"Sales",31107,"Facello","Fai"
"Sales",403581,"Rosca","Adas"
"Sales",245158,"Apsitis","Arto"
"Sales",403550,"Czap","Chriss"
"Sales",403539,"Falby","Jiann"
"Sales",31166,"Melton","Mingsen"
"Sales",403470,"Pollock","Heejo"
"Sales",31194,"Radivojevic","Kamakshi"
"Sales",403456,"Peroz","Moni"
"Sales",403425,"Chandrasekhar","Yurii"
"Sales",31215,"Schaft","Constantine"
"Sales",31225,"Kieras","Barry"
"Sales",31425,"Anger","Mohammad"
"Sales",402658,"Marchesini","Gianluca"
"Sales",402600,"Szilard","Constantino"
"Sales",402574,"Birge","Chikako"
"Sales",402526,"Mitsuhashi","Gilbert"
"Sales",31459,"Schonegge","Utz"
"Sales",31469,"Iisaka","Jaewoo"
"Sales",402151,"Rajaraman","Gennady"
"Sales",31508,"Gadepally","Sanjit"
"Sales",414204,"Cullers","Branimir"
"Sales",402115,"Rijckaert","Izaskun"
"Sales",31549,"Boreale","Georgy"
"Sales",31564,"Rosis","Juichirou"
"Sales",402078,"Georgatos","Shigeo"
"Sales",402044,"Rodite","Charmane"
"Sales",31774,"Erie","Aron"
"Sales",401821,"Malabarba","Manton"
"Sales",401784,"Janocha","Mohammed"
"Sales",401776,"Pell","Wojceich"
"Sales",401759,"Ramsay","Kinh"
"Sales",31819,"Dehkordi","Conrado"
"Sales",401612,"Henseler","Owen"
"Sales",401609,"Dymetman","Eberhardt"
"Sales",401597,"Kirkerud","Conal"
"Sales",401578,"Puoti","Mabhin"
"Sales",401522,"Stifter","Richard"
"Sales",401349,"Mullainathan","Shaleah"
"Sales",401329,"Keustermans","Jolita"
"Sales",401293,"Braccini","Sibyl"
"Sales",414193,"Gubsky","Lansing"
"Sales",401248,"Schieder","Sandeepan"
"Sales",299996,"Peck","Georg"
"Sales",299979,"Kornyak","Satoru"
"Sales",32323,"Perri","Bowen"
"Sales",299963,"Markovitch","Arnould"
"Sales",299904,"DiGiano","Xiping"
"Sales",299903,"Rosiles","Danil"
"Sales",299896,"Hellwagner","Muneo"
"Sales",32370,"Pero","Fabrizio"
"Sales",299629,"Shiratori","Filipe"
"Sales",299536,"Baumann","Fun"
"Sales",299522,"Ohori","Tua"
"Sales",298650,"Mullainathan","Uri"
"Sales",298621,"Clemencon","Xuejun"
"Sales",32418,"Chaudhuri","Arlette"
"Sales",298598,"Vandervoorde","Bouchung"
"Sales",298512,"Babu","Remko"
"Sales",298264,"Kolvik","Adit"
"Sales",298224,"Schmiedel","Val"
"Sales",297666,"Renear","Eldridge"
"Sales",297614,"Colorni","Shunichi"
"Sales",297582,"Kambil","Carrsten"
"Sales",297552,"Buchter","Claudi"
"Sales",297506,"Panangaden","Zhilian"
"Sales",32714,"Maliniak","Radoslaw"
"Sales",32743,"Kamble","Hongzhu"
"Sales",32936,"Wendorf","Mizuhito"
"Sales",32937,"Gelosh","Jiang"
"Sales",296583,"Munro","Fuqing"
"Sales",296562,"Iivonen","Saeed"
"Sales",296517,"Sifakis","Prodip"
"Sales",296318,"Azuma","Demin"
"Sales",296250,"Papsdorf","Krisda"
"Sales",33044,"Levergood","Lein"
"Sales",33046,"Cunliffe","Sumant"
"Sales",296189,"Shiratori","Bouchung"
"Sales",245224,"Heuser","Chaitali"
"Sales",33290,"Beerel","Aksel"
"Sales",33297,"Rodiger","Achilleas"
"Sales",33300,"Koshiba","Etsuo"
"Sales",296178,"Fujisaki","Leif"
"Sales",295968,"Yoshizawa","Baocai"
"Sales",295916,"Angelov","Eberhardt"
"Sales",295873,"Makinen","Bluma"
"Sales",33340,"Lamma","Gila"
"Sales",33343,"Gunderson","Chiradeep"
"Sales",251929,"Levasseur","Gurbir"
"Sales",295824,"Keirsey","Bernt"
"Sales",33372,"Merel","Babette"
"Sales",295808,"Markovitch","Palash"
"Sales",295803,"Sudbeck","Fusako"
"Sales",295800,"Weisert","Jingling"
"Sales",295757,"Showalter","Kshitij"
"Sales",295743,"Pena","Gennadi"
"Sales",295684,"Janetzko","Goa"
"Sales",33607,"Thiria","Niclas"
"Sales",295611,"Bhattacharjee","Kien"
"Sales",33617,"Lamma","Niranjan"
"Sales",295545,"Petersohn","Adin"
"Sales",295542,"England","Francoise"
"Sales",33659,"Matzel","Claudi"
"Sales",33661,"Cooke","Hyuckchul"
"Sales",295388,"Marchesini","Elliott"
"Sales",295345,"Gulik","Teiji"
"Sales",251937,"Hooghiemstra","Shem"
"Sales",295282,"Koblick","Baruch"
"Sales",33701,"Spelt","Jenwei"
"Sales",295184,"Caine","Basil"
"Sales",295109,"Berstel","Mandell"
"Sales",295087,"Imataki","Moie"
"Sales",33947,"Picaronny","Stein"
"Sales",295058,"Portugali","Udaiprakash"
"Sales",295056,"Cairo","Serge"
"Sales",294946,"Swab","Satoru"
"Sales",294932,"Perly","Aram"
"Sales",245258,"Erol","Arra"
"Sales",294930,"Baik","Remmert"
"Sales",34016,"Gonthier","Georg"
"Sales",34045,"Ressouche","Shem"
"Sales",294783,"Fendler","Seshu"
"Sales",34079,"Cappello","Fumitaka"
"Sales",294775,"Eickenmeyer","Vitali"
"Sales",294742,"Brender","Neelam"
"Sales",294734,"Roison","Niranjan"
"Sales",294700,"Vitiello","Heekeun"
"Sales",34457,"Felcyn","Suebskul"
"Sales",294692,"Lakshmanan","Marie"
"Sales",34496,"Butterworth","Raimond"
"Sales",294644,"Stroustrup","Neven"
"Sales",294625,"Hoogerwoord","Foong"
"Sales",34586,"Alvarado","Qunsheng"
"Sales",34780,"Kohling","Moni"
"Sales",34784,"Uludag","Gererd"
"Sales",294549,"Etalle","Gurbir"
"Sales",414074,"Tischendorf","Kirk"
"Sales",294524,"Zaumen","Atilio"
"Sales",251940,"Conta","Tokuyasu"
"Sales",294501,"Roohalamini","Claude"
"Sales",34867,"Maraist","Wojceich"
"Sales",294424,"Lorie","Niclas"
"Sales",294408,"Gimbel","Arvin"
"Sales",413948,"Cappello","Rafail"
"Sales",34905,"Molberg","Vesna"
"Sales",294143,"Dulin","Theron"
"Sales",35120,"Demeyer","Sailaja"
"Sales",294113,"Atrawala","Tesuro"
"Sales",294101,"Kohling","Alenka"
"Sales",294051,"Renear","Francesca"
"Sales",294019,"Gyorkos","Jagoda"
"Sales",294003,"Perri","Chikara"
"Sales",294002,"Vidal","Lihong"
"Sales",293693,"Baumann","Tokuyasu"
"Sales",293683,"Tramer","Gou"
"Sales",293651,"Quittner","Oldrich"
"Sales",413939,"Rissanen","Gill"
"Sales",293643,"Rosay","Boriana"
"Sales",35457,"Michaels","Yishay"
"Sales",293624,"Brendel","Dmitry"
"Sales",293622,"Chappelet","Mitsuyuki"
"Sales",35519,"Fujisawa","Xinglin"
"Sales",35530,"Bauknecht","Along"
"Sales",35561,"Picel","Changho"
"Sales",293574,"Rothenberg","Abdelwaheb"
"Sales",293547,"Cooman","Fumiyo"
"Sales",293516,"Waeselynck","Nigel"
"Sales",293481,"Demos","Tze"
"Sales",293237,"Ullian","Taiji"
"Sales",293231,"Thorelli","Pranay"
"Sales",293177,"Fairtlough","Marlo"
"Sales",293146,"Gill","Jaewon"
"Sales",292959,"Narahara","Moti"
"Sales",292928,"Gaughan","Fuqing"
"Sales",292904,"Uhrik","Gopalakrishnan"
"Sales",35817,"Ushiama","Kwee"
"Sales",292867,"Bierman","Tesuro"
"Sales",35825,"Bratten","Geoff"
"Sales",292814,"Merey","Byong"
"Sales",413876,"Birrer","Tianruo"
"Sales",292692,"Zhiwei","Teunis"
"Sales",292679,"Swan","Geoff"
"Sales",292655,"Jeong","Kayoko"
"Sales",35900,"Kalefeld","Jixiang"
"Sales",292458,"Armand","Akeno"
"Sales",292440,"Trogemann","Hercules"
"Sales",292402,"Juneja","Pranay"
"Sales",292368,"Lorin","Dmitri"
"Sales",37036,"Verspoor","Hideyuki"
"Sales",292085,"Mansanne","Yannik"
"Sales",291978,"Leuchs","Tomokazu"
"Sales",37068,"Delgrande","Xiaoqiang"
"Sales",291950,"Fujisaki","Yagil"
"Sales",291929,"Sethi","Mechthild"
"Sales",291866,"Begiun","Nevio"
"Sales",291839,"Undy","Arch"
"Sales",37288,"McClurg","Mahmut"
"Sales",291779,"Pardalos","Shay"
"Sales",245669,"Emiris","Kensyu"
"Sales",291677,"Yetim","Theirry"
"Sales",291646,"Wursthorn","Eldridge"
"Sales",291568,"Eickenmeyer","Vatsa"
"Sales",291567,"Menhardt","Yinghua"
"Sales",37379,"Parveen","Yinlin"
"Sales",291549,"Angel","Kazuhito"
"Sales",291527,"Madeira","Sarita"
"Sales",291482,"Peyn","Quingbo"
"Sales",291415,"Herbst","Shalesh"
"Sales",37410,"Lunt","Mingdong"
"Sales",37415,"Bernick","Susuma"
"Sales",291299,"Babb","Stabislas"
"Sales",37433,"Borstler","Candido"
"Sales",291242,"Ushiama","Frazer"
"Sales",291219,"Munch","Guoxiang"
"Sales",291192,"Chvatal","Guttorm"
"Sales",291157,"Kisuki","Carrsten"
"Sales",37649,"Puppe","Jolita"
"Sales",291032,"Blokdijk","Elrique"
"Sales",291023,"Papastamatiou","Pranav"
"Sales",291012,"Gladwell","Itzchak"
"Sales",290951,"Barreiro","Tru"
"Sales",290942,"Poulakidas","Turgut"
"Sales",290923,"Buchter","Qingxiang"
"Sales",290868,"Mayerwieser","Giap"
"Sales",37743,"Veeraraghavan","Jeanne"
"Sales",37758,"Wilharm","Hairong"
"Sales",290609,"Mellouli","Atilio"
"Sales",290580,"Hofstetter","Marsal"
"Sales",37967,"Buchter","Piyawadee"
"Sales",290564,"Ghandeharizadeh","Teunis"
"Sales",290561,"Melter","Genki"
"Sales",290552,"Debuse","Mototsugu"
"Sales",38007,"Seghrouchni","Lenore"
"Sales",290527,"Bratsberg","Larisa"
"Sales",38028,"Driscoll","Martins"
"Sales",290481,"Mondadori","Saniya"
"Sales",413820,"Kroft","Alper"
"Sales",38050,"Krohn","Dinah"
"Sales",38055,"Baranowski","Jianwen"
"Sales",290479,"Lorcy","Salvador"
"Sales",290279,"Esposito","Jouko"
"Sales",38108,"Gustavson","Falguni"
"Sales",290206,"Mitsuhashi","Valery"
"Sales",290182,"Rajala","Cullen"
"Sales",290161,"Vigier","Marl"
"Sales",290119,"Ladret","Menkae"
"Sales",290058,"Peak","Prodip"
"Sales",290046,"Gyimothy","Marke"
"Sales",290015,"Katalagarianos","Lokesh"
"Sales",290013,"Asmuth","Basem"
"Sales",289985,"Streit","Alper"
"Sales",289982,"Erol","Gil"
"Sales",289975,"Chiola","Koichi"
"Sales",289973,"Swiler","Stafford"
"Sales",289954,"Velasco","Nikolaus"
"Sales",289889,"Vendrig","Florina"
"Sales",289877,"Ramsay","Mohd"
"Sales",289816,"Karunanithi","Fumitake"
"Sales",38865,"Strooper","Hatem"
"Sales",289743,"Sidje","Djenana"
"Sales",38919,"Birge","Kien"
"Sales",38924,"Zweizig","Sariel"
"Sales",38928,"Rissanen","Hilary"
"Sales",289630,"Dolinsky","Yongdong"
"Sales",289627,"Gornas","Shan"
"Sales",289620,"Rousseau","Atreyi"
"Sales",289566,"Scallan","Heon"
"Sales",413800,"Pollacia","Moto"
"Sales",289480,"Pelc","Siamak"
"Sales",289447,"Kemmerer","Gil"
"Sales",289363,"Pluym","Adam"
"Sales",39209,"Jonsson","Jaewon"
"Sales",289339,"Antonisse","Shaowei"
"Sales",39279,"Pews","Baruch"
"Sales",289061,"Koshino","Kwee"
"Sales",39282,"Godskesen","Paddy"
"Sales",39474,"Kilgore","Zorica"
"Sales",288851,"Apsitis","Pragnesh"
"Sales",288810,"Collette","Phuoc"
"Sales",39522,"Kushnir","Syozo"
"Sales",288801,"Birge","Otmar"
"Sales",288796,"Quittner","Xiaoqiang"
"Sales",287680,"Rande","Youssef"
"Sales",287678,"Junot","Dung"
"Sales",287662,"Badache","Mechthild"
"Sales",287647,"Solares","Geraldo"
"Sales",39612,"Asrin","Lubomir"
"Sales",287636,"Etalle","Yucel"
"Sales",39814,"Tomescu","Kristen"
"Sales",287627,"Lipner","Percy"
"Sales",39824,"Yavatkar","Eran"
"Sales",39834,"Erol","Shunichi"
"Sales",284079,"Himler","Roddy"
"Sales",39852,"Guenter","Willard"
"Sales",284005,"Bednarek","Ennio"
"Sales",280159,"Hettesheimer","Luisa"
"Sales",280136,"Strehl","Sedat"
"Sales",280088,"Llado","Iara"
"Sales",280012,"Conry","Hironobu"
"Sales",39952,"Sudbeck","Otmar"
"Sales",279960,"Verhaegen","Rimli"
"Sales",40145,"Fendler","Valter"
"Sales",40148,"Solares","Yucai"
"Sales",40171,"Pauthner","Otilia"
"Sales",279865,"Serra","Genki"
"Sales",279861,"Tyugu","Dipayan"
"Sales",279841,"Nishimukai","Shimshon"
"Sales",40222,"Maccarone","Oldrich"
"Sales",40226,"Benantar","Hyuncheol"
"Sales",279786,"Solares","Douadi"
"Sales",279715,"Szmurlo","Xiping"
"Sales",279683,"Lichtman","Bojan"
"Sales",279478,"Zyda","Steve"
"Sales",279423,"Mitzlaff","Sadok"
"Sales",279405,"Wilfing","Edwin"
"Sales",279372,"Sabnani","Jongsuk"
"Sales",40488,"Heping","Sampalli"
"Sales",279288,"Masand","Patricio"
"Sales",40513,"Callaway","Franziska"
"Sales",279274,"Nittel","Duro"
"Sales",413706,"Lorys","Faiza"
"Sales",279185,"Aloisi","Xiaoqiu"
"Sales",40580,"Siksek","Susumu"
"Sales",279063,"Zweizig","Haldun"
"Sales",40966,"Keustermans","Sibyl"
"Sales",40972,"Moffat","Marlo"
"Sales",279033,"Solovay","Brewster"
"Sales",279026,"Verspoor","Shay"
"Sales",40991,"Bage","Anneli"
"Sales",279008,"Norsworthy","Collette"
"Sales",41015,"Millington","Ronnie"
"Sales",278991,"Kawashimo","Mihalis"
"Sales",41034,"Doering","Sachem"
"Sales",41042,"Ambroszkiewicz","Jiafu"
"Sales",278948,"Conde","Constantine"
"Sales",278901,"Talmor","Morrie"
"Sales",278886,"Escriba","Divier"
"Sales",41059,"Whittlesey","Chuanyi"
"Sales",41074,"Siochi","Leen"
"Sales",278859,"Lichtman","Khatoun"
"Sales",41123,"Cichocki","Christoper"
"Sales",41311,"Perri","Bokyung"
"Sales",278842,"Lowrie","Marin"
"Sales",278640,"Pokrovskii","Guttorm"
"Sales",278632,"Bultermann","Sadegh"
"Sales",278544,"Dechter","Mori"
"Sales",278532,"Stentiford","Lenore"
"Sales",413660,"Esteva","Stein"
"Sales",278501,"Demeyer","Maren"
"Sales",278415,"Fendler","Shigeichiro"
"Sales",41404,"Isaak","Marco"
"Sales",278399,"Tramer","Jaideep"
"Sales",278360,"Bottner","Gregory"
"Sales",278353,"Kalsbeek","Junichi"
"Sales",278337,"Massonet","Fan"
"Sales",41529,"Lundstrom","Jaber"
"Sales",278265,"Erva","Xiaocheng"
"Sales",41554,"Halloran","Rajmohan"
"Sales",296941,"Lamma","Takahira"
"Sales",278226,"Bonifati","Shiv"
"Sales",41617,"Chaudhuri","Rosella"
"Sales",41644,"Marakhovsky","Georg"
"Sales",41649,"Jahnichen","Selwyn"
"Sales",278057,"Piazza","Tzvetan"
"Sales",41662,"Fontan","Hideyuki"
"Sales",41669,"Flowers","Maia"
"Sales",278014,"Lorie","JoAnna"
"Sales",277875,"Lores","Fumitake"
"Sales",41742,"Servi","Pranay"
"Sales",277855,"Hashii","Otmar"
"Sales",277813,"Rebaine","Fumiya"
"Sales",41766,"Mitzlaff","Abdelkader"
"Sales",277743,"Bala","Elzbieta"
"Sales",245752,"Merli","Sasan"
"Sales",277694,"Androutsos","Ute"
"Sales",277686,"Bain","Kazuhide"
"Sales",277675,"Rindone","Jiann"
"Sales",296907,"Wolniewicz","Valery"
"Sales",277634,"Swist","Arch"
"Sales",277567,"Riesenhuber","Jaewon"
"Sales",277457,"Schneeberger","Yucai"
"Sales",277436,"Carrere","Yucel"
"Sales",245775,"Shihab","Sudhanshu"
"Sales",277321,"Markovitch","Odoardo"
"Sales",277248,"Erni","Barna"
"Sales",277247,"Vickson","Christ"
"Sales",277169,"Foong","Abdelwaheb"
"Sales",277151,"Benveniste","Kirk"
"Sales",42157,"Maraist","Shawna"
"Sales",276899,"Sankaranarayanan","Menkae"
"Sales",276839,"Remmers","Roselyn"
"Sales",413655,"Monkewich","Toong"
"Sales",276798,"Schurmann","Lillian"
"Sales",276757,"Trystram","Zhaofang"
"Sales",276722,"Verhoeff","Uzi"
"Sales",276697,"Luiz","Udi"
"Sales",276678,"Danecki","Zengping"
"Sales",276663,"Luby","DeForest"
"Sales",42254,"Srimani","Tomofumi"
"Sales",276657,"Wrigley","Reinhold"
"Sales",276633,"Birdsall","Shin"
"Sales",276623,"Ramsey","Owen"
"Sales",276600,"Picaronny","Ewing"
"Sales",276506,"Brobst","Shmuel"
"Sales",276482,"Mitchem","Kaijung"
"Sales",42362,"Streng","Maja"
"Sales",276455,"Awdeh","Remko"
"Sales",42377,"Kuhnemann","Gaurav"
"Sales",42378,"Stille","Kaijung"
"Sales",276390,"Munos","Heeju"
"Sales",42400,"Olano","Youpyo"
"Sales",276301,"Boreale","Ingmar"
"Sales",276289,"Gilg","Yuchang"
"Sales",276049,"Coullard","Bikash"
"Sales",275979,"Templeman","Bezalel"
"Sales",275975,"Cherinka","Yishai"
"Sales",275962,"Tyugu","Candida"
"Sales",42596,"Reghbati","Navin"
"Sales",275739,"Snyers","Patricio"
"Sales",275591,"Flexer","Chaosheng"
"Sales",42851,"Murtafg","Elvia"
"Sales",275520,"Heuter","Remko"
"Sales",275441,"Tsunoo","Chuanti"
"Sales",275411,"Horswill","Feixiong"
"Sales",275238,"Yurov","Marsal"
"Sales",42892,"Suppi","Faiza"
"Sales",275198,"Yoshimura","Kamran"
"Sales",275168,"Picht","Goo"
"Sales",275134,"Auria","Dzung"
"Sales",42943,"Szmurlo","Sastry"
"Sales",275120,"Aamodt","Jaideep"
"Sales",296852,"Maliniak","Douadi"
"Sales",275098,"Jervis","Girolamo"
"Sales",43147,"Murrill","Subhankar"
"Sales",275069,"Candan","Ger"
"Sales",275061,"Gyorkos","Siamak"
"Sales",275055,"Toyoshima","Huai"
"Sales",43173,"Molenkamp","Venkatesan"
"Sales",43177,"Shihab","Radhakrishnan"
"Sales",43181,"Iisaka","Hugh"
"Sales",274926,"Papsdorf","Jinya"
"Sales",274910,"Braccini","Parke"
"Sales",274868,"Pillow","Leen"
"Sales",274859,"VanScheik","Macha"
"Sales",43280,"Waterhouse","Sanjit"
"Sales",43315,"Neiman","Arunachalam"
"Sales",274812,"Langford","Gurbir"
"Sales",274738,"Brookman","Takahito"
"Sales",274704,"Rothe","Masanao"
"Sales",43362,"Litvinov","Doowon"
"Sales",274609,"Horswill","Cullen"
"Sales",274574,"Bharadwaj","Chirstian"
"Sales",274546,"Conde","Danco"
"Sales",274503,"Lunt","Weicheng"
"Sales",43424,"Kirkerud","Gill"
"Sales",274487,"Azumi","Mohit"
"Sales",274433,"Denis","Christ"
"Sales",274424,"Erol","Mansur"
"Sales",274408,"Wroclawski","Frazer"
"Sales",43650,"Badache","Nahla"
"Sales",274400,"Callaway","Yakkov"
"Sales",43676,"Mawatari","Goa"
"Sales",274313,"Wallrath","Fusako"
"Sales",274286,"Schlegelmilch","Koichi"
"Sales",274263,"Demke","Tuval"
"Sales",274251,"Kadhim","Heon"
"Sales",274181,"Fortenbacher","Yechezkel"
"Sales",274165,"Compeau","Fai"
"Sales",274127,"Linares","Zissis"
"Sales",274120,"Soloway","Eishiro"
"Sales",43775,"Whittlesey","Susumu"
"Sales",274100,"Worfolk","Chikara"
"Sales",43811,"Kroll","Remko"
"Sales",273933,"Parfitt","Sreenivas"
"Sales",273904,"Leijenhorst","Steen"
"Sales",273903,"Erde","Eishiro"
"Sales",273895,"Ullian","Masami"
"Sales",273878,"Cannard","Subhada"
"Sales",273865,"Lorch","Manohar"
"Sales",273860,"Snyers","Stamatina"
"Sales",43889,"Navazio","Shai"
"Sales",273831,"Farrar","Kousuke"
"Sales",413538,"Kaelbling","Torsten"
"Sales",273763,"Sgarro","Karoline"
"Sales",273707,"Hardjono","Subhash"
"Sales",43929,"Laurillard","Xiping"
"Sales",273658,"Lipner","Jaana"
"Sales",273643,"Auria","Conor"
"Sales",43965,"Hasham","Syozo"
"Sales",273632,"Schahn","Mariusz"
"Sales",43973,"Schauser","Khaled"
"Sales",273606,"Barbanera","Arno"
"Sales",44005,"Katzenelson","Hein"
"Sales",273574,"Kalorkoti","Prasadram"
"Sales",273342,"Cappelletti","Fumino"
"Sales",273326,"Gulik","Aksel"
"Sales",273307,"Improta","Vasiliy"
"Sales",273297,"Lores","Armond"
"Sales",273271,"Bahk","Hongzue"
"Sales",273266,"Manderick","Aiman"
"Sales",44099,"Gruenwald","Shridhar"
"Sales",44113,"Silva","Gino"
"Sales",273027,"Binkley","Xuejun"
"Sales",272977,"Vural","Tomokazu"
"Sales",44172,"Serot","Zhaofang"
"Sales",272847,"Theuretzbacher","Chinhyun"
"Sales",272775,"Zaccaria","Aran"
"Sales",272750,"Driscoll","Toshimo"
"Sales",44206,"Nitta","Avishai"
"Sales",272558,"Gide","Jacqueline"
"Sales",272537,"Bamford","Zongyan"
"Sales",272530,"Hashii","Yagil"
"Sales",272526,"Sommen","Deborah"
"Sales",272447,"Dechter","Gaetan"
"Sales",272418,"Versino","Golgen"
"Sales",272414,"Shumilov","Kenton"
"Sales",272408,"Bridgland","Uriel"
"Sales",272211,"Merey","Arunachalam"
"Sales",272199,"Ghemri","Jayson"
"Sales",272186,"Weiland","Remko"
"Sales",44347,"Nitsch","Denny"
"Sales",272111,"Baby","Masadi"
"Sales",271936,"Moffat","Ennio"
"Sales",271903,"Herath","Vivian"
"Sales",271901,"Gecseg","Zine"
"Sales",44461,"Rodier","Masami"
"Sales",271882,"Chaudhury","Shaibal"
"Sales",271835,"Rotem","Sandeepan"
"Sales",44484,"Gelosh","Pasqua"
"Sales",413481,"Langford","Khosrow"
"Sales",271813,"Raney","Sham"
"Sales",271745,"Denny","Kinh"
"Sales",271695,"Lienhardt","Martijn"
"Sales",44524,"Schrooten","Maya"
"Sales",271632,"Curless","Susanta"
"Sales",271623,"Pettis","Utz"
"Sales",271584,"Kobara","Heon"
"Sales",271560,"Papastamatiou","Mohan"
"Sales",44879,"Aseltine","Mokhtar"
"Sales",271465,"Silva","Dannz"
"Sales",271449,"Suppi","Guther"
"Sales",413455,"Luca","Gita"
"Sales",271405,"Comyn","Souichi"
"Sales",271404,"Kavraki","Kendra"
"Sales",271399,"Erman","KayLiang"
"Sales",271395,"Peak","Shuji"
"Sales",271388,"Baaz","Samphel"
"Sales",271386,"Beausoleil","Babette"
"Sales",271179,"Murrill","Jaewoo"
"Sales",251964,"Baaz","Xiaoheng"
"Sales",271095,"Hardjono","Filipe"
"Sales",271006,"Shrader","Yolla"
"Sales",271001,"Heiserman","Persi"
"Sales",45262,"Gien","Chanjung"
"Sales",45267,"Budinsky","Zeljko"
"Sales",45269,"Avouris","Arve"
"Sales",270975,"Geffroy","Lijia"
"Sales",270936,"Fendler","Susanne"
"Sales",45313,"Schusler","DAIDA"
"Sales",270907,"Trogemann","Shahab"
"Sales",270478,"Perelgut","Sudharsan"
"Sales",270435,"Leuchs","Elvis"
"Sales",269878,"Oehlmann","Premal"
"Sales",269858,"Picaronny","Anneke"
"Sales",269813,"Egerstedt","Chaitali"
"Sales",269809,"Orlowska","Szabolcs"
"Sales",45392,"Eiter","Sanjoy"
"Sales",269771,"Luff","Shawna"
"Sales",269380,"Pillow","Djenana"
"Sales",269378,"Puppo","Joydip"
"Sales",269323,"Conte","Shunichi"
"Sales",45437,"Krohm","Dinkar"
"Sales",269270,"Melton","Manohar"
"Sales",45469,"Kalsbeek","Miyeon"
"Sales",45473,"Ulupinar","Mihalis"
"Sales",269268,"Steinauer","Khatoun"
"Sales",269258,"Bierbaum","Kwun"
"Sales",269252,"Schwartzbauer","Behnaam"
"Sales",269046,"Herbst","Ebbe"
"Sales",269029,"Bouloucos","Fan"
"Sales",268980,"Underwood","Zeydy"
"Sales",45552,"Albarhamtoshy","Aloys"
"Sales",268954,"Vigier","Miomir"
"Sales",268940,"Terekhov","Marin"
"Sales",268929,"Morrin","Barun"
"Sales",265693,"Nitto","Giordano"
"Sales",265684,"Sabnani","Luigi"
"Sales",265644,"Unni","Percy"
"Sales",265636,"Benantar","Arve"
"Sales",265584,"Vuskovic","Jayson"
"Sales",265561,"Trelles","Yinghua"
"Sales",265404,"Takkinen","Kendra"
"Sales",45882,"Aingworth","Guoxiang"
"Sales",265080,"Cronan","Hideo"
"Sales",264688,"Kobara","Jovan"
"Sales",246102,"Conde","Xiaoqiang"
"Sales",264650,"DiGiano","Srinidhi"
"Sales",264649,"Benantar","Kwee"
"Sales",264548,"Pehl","Elgin"
"Sales",264179,"Eldridge","Takahira"
"Sales",264144,"Cronin","Saeed"
"Sales",264138,"Garrabrants","Mara"
"Sales",264056,"Quaggetto","Teunis"
"Sales",264034,"Lanphier","Erez"
"Sales",46163,"Muhlberg","Nigel"
"Sales",263992,"Bressoud","Bangqing"
"Sales",263955,"Chinin","Rance"
"Sales",263938,"Beetstra","Goo"
"Sales",263917,"Stanfel","Zhongwei"
"Sales",46224,"Vidal","Gad"
"Sales",46233,"Porenta","Marsha"
"Sales",46273,"Halevi","Gennadi"
"Sales",413440,"Wendorf","Marl"
"Sales",263892,"Dymetman","Elzbieta"
"Sales",46286,"Pusterhofer","Taizo"
"Sales",263621,"Pellegrinelli","Arvind"
"Sales",263617,"Azumi","Hairong"
"Sales",263560,"Harllee","Mabry"
"Sales",263531,"Verhoeff","Morrie"
"Sales",263526,"Marchesini","Vesna"
"Sales",262957,"Tempesti","Shushma"
"Sales",262919,"Gist","Naftali"
"Sales",262888,"Kawashimo","Ronnie"
"Sales",262878,"Sooriamurthi","Anoosh"
"Sales",246282,"Raczkowsky","Uli"
"Sales",262869,"Zweizig","Tran"
"Sales",262857,"Bahi","Eckart"
"Sales",46567,"Kirkerud","Khatoun"
"Sales",46588,"Rosenbaum","Abdelaziz"
"Sales",262826,"Granlund","Conal"
"Sales",46601,"Azevdeo","Stamatina"
"Sales",262751,"Iacovou","Jackson"
"Sales",262711,"Greenaway","Willard"
"Sales",262667,"Stranks","Toshimitsu"
"Sales",262596,"Thorensen","Boutros"
"Sales",262567,"Pero","Oguz"
"Sales",262525,"Riefers","Yagil"
"Sales",46852,"Chimia","Gen"
"Sales",262502,"Sudbeck","Kensei"
"Sales",46884,"Aamodt","Marla"
"Sales",262360,"Lyonns","Charlene"
"Sales",262358,"Luon","Xinglin"
"Sales",46897,"Crabtree","Kristinn"
"Sales",262352,"Reistad","Seongbae"
"Sales",46917,"Rothe","Hatim"
"Sales",413429,"Haddadi","LiMin"
"Sales",262272,"Chachaty","Foong"
"Sales",262005,"Sommer","Shaz"
"Sales",261970,"Chiola","Geoffrey"
"Sales",261969,"Boudaillier","Krassimir"
"Sales",46972,"Rahimi","Srinidhi"
"Sales",46973,"Peron","Manibrata"
"Sales",261856,"Gente","Domenico"
"Sales",261782,"Borovoy","Eran"
"Sales",261736,"Scallan","Tomofumi"
"Sales",47206,"Eterovic","Adin"
"Sales",261490,"Kemmerer","Karoline"
"Sales",261484,"Akazan","Boguslaw"
"Sales",261446,"Ligten","Erzsebet"
"Sales",261397,"Sethi","Irene"
"Sales",47294,"Zallocco","Mihalis"
"Sales",47298,"Munke","Goetz"
"Sales",261396,"Haddadi","Nahid"
"Sales",261350,"Onuegbe","Tze"
"Sales",261175,"Coorg","Nidapan"
"Sales",261167,"Frezza","Jiakeng"
"Sales",47678,"Armand","Atilio"
"Sales",261075,"Esposito","Chandrasekaran"
"Sales",260996,"Pavlopoulou","Dmitry"
"Sales",47751,"Larfeldt","Dharmaraja"
"Sales",47763,"Basart","Yagil"
"Sales",260984,"Sooriamurthi","Marl"
"Sales",260975,"Rullman","Tetsushi"
"Sales",260957,"DeMori","Vidya"
"Sales",47991,"Grospietsch","Oldrich"
"Sales",260907,"Veevers","Paddy"
"Sales",260904,"Angelopoulos","Lobel"
"Sales",260855,"Schwartzburd","Sachar"
"Sales",260809,"Maksimenko","Kayoko"
"Sales",260668,"Furudate","Kyoichi"
"Sales",260651,"Bazzichi","Foong"
"Sales",48144,"Rubsam","Oscar"
"Sales",260580,"Cullers","Ranan"
"Sales",260509,"Michaeli","Sreekrishna"
"Sales",413424,"Thorensen","Akeel"
"Sales",260498,"Siprelle","Paloma"
"Sales",260482,"Fordan","Prodip"
"Sales",260475,"Dusink","Gay"
"Sales",260420,"Senzako","Yurii"
"Sales",48374,"Sewelson","Aruna"
"Sales",413407,"Esposito","Jouko"
"Sales",260397,"Crabtree","Nikolaos"
"Sales",260388,"Diderrich","Abdelghani"
"Sales",413280,"Landherr","Radoslaw"
"Sales",260339,"Juneja","Marke"
"Sales",260328,"Thorelli","Lansing"
"Sales",48462,"Papastamatiou","Selwyn"
"Sales",413275,"Zielinski","Kellie"
"Sales",260262,"Boudaillier","Van"
"Sales",48474,"Menyhert","Yongmin"
"Sales",260236,"Shiratori","Gennady"
"Sales",48717,"Ebeling","Ramachenga"
"Sales",48725,"Setiz","Gila"
"Sales",260200,"Henseler","Danco"
"Sales",48788,"Percebois","Zejun"
"Sales",246333,"Lemarechal","Behnaam"
"Sales",260118,"Bresenham","Basim"
"Sales",48818,"Welham","Monique"
"Sales",260113,"Stasinski","Samphel"
"Sales",260103,"Gien","Juyoung"
"Sales",260097,"Suppi","Yefim"
"Sales",49010,"Benantar","Kazuhisa"
"Sales",260048,"Ambroszkiewicz","Magdalena"
"Sales",260012,"Liedekerke","Teruyuki"
"Sales",259822,"Olano","Wonhee"
"Sales",259785,"Vidya","Itzchak"
"Sales",259770,"Covnot","Moni"
"Sales",49036,"Blokdijk","Duke"
"Sales",49066,"Schmezko","Kolar"
"Sales",259741,"Murthy","Fei"
"Sales",259736,"Wissmann","Yagil"
"Sales",49089,"Eastman","Alain"
"Sales",259733,"Eiter","Aiman"
"Sales",259677,"Orsini","Jaana"
"Sales",49139,"Erni","Manibrata"
"Sales",49152,"Menhoudj","Venkatesan"
"Sales",49329,"Encarnacion","Cordelia"
"Sales",259611,"Marrakchi","Shuichi"
"Sales",49366,"Junet","Kitty"
"Sales",259600,"Marrevee","Saddek"
"Sales",259597,"Snyers","Chrisa"
"Sales",259572,"Besselaar","Khoa"
"Sales",259538,"Impagliazzo","Sreekrishna"
"Sales",49445,"Schapiro","Yechezkel"
"Sales",259502,"Bernick","Becky"
"Sales",259473,"Heuter","Jovan"
"Sales",259441,"Thimonier","Leif"
"Sales",49471,"Swick","Zejun"
"Sales",259438,"Usery","Keiichiro"
"Sales",49845,"Percebois","Alois"
"Sales",259400,"Maliniak","Percy"
"Sales",259365,"Birdsall","Bernd"
"Sales",259307,"Roisin","Shridhar"
"Sales",259295,"Falby","Terresa"
"Sales",258959,"Molberg","Gaetan"
"Sales",258930,"Mateescu","Constantijn"
"Sales",49980,"Mahnke","Giao"
"Sales",258892,"Encarnacion","Tadahiko"
"Sales",258877,"Sadowsky","Shaunak"
"Sales",258647,"Coorg","Mansur"
"Sales",258639,"Olano","Toshimo"
"Sales",258632,"Slaats","Fei"
"Sales",258595,"Baumann","Sadun"
"Sales",258584,"Takkinen","Howell"
"Sales",258530,"England","Jackson"
"Sales",258512,"Farrow","Teunis"
"Sales",258503,"Krone","Gen"
"Sales",50277,"Paludetto","Guangming"
"Sales",246381,"Peha","Feiyu"
"Sales",50285,"Bernardeschi","Utz"
"Sales",258273,"Maksimenko","JoAnna"
"Sales",258208,"Lores","Divine"
"Sales",50517,"Snedden","Weidon"
"Sales",258192,"Wegerle","Tsuneo"
"Sales",50542,"Siksek","Neven"
"Sales",258088,"Dahlbom","Xuejia"
"Sales",50547,"Baalen","Mayumi"
"Sales",258079,"Shumilov","Slavian"
"Sales",258046,"Trystram","Maris"
"Sales",257990,"Casley","Arun"
"Sales",257978,"DuBourdieux","Candido"
"Sales",257953,"Alencar","Kwangyoen"
"Sales",257915,"Noriega","Subir"
"Sales",257901,"Lorin","Suvo"
"Sales",50852,"Smeets","Licheng"
"Sales",50867,"Zeilberger","Deborah"
"Sales",257697,"Kavraki","Radhakrishnan"
"Sales",257636,"Couchot","Nahla"
"Sales",50889,"Cronan","Taisook"
"Sales",50899,"Gadepally","Pintsang"
"Sales",50937,"Farris","Berna"
"Sales",51001,"Pauthner","Doowon"
"Sales",257486,"Businaro","Shaunak"
"Sales",257410,"Cannard","Zdislav"
"Sales",51222,"Plesums","Xuedong"
"Sales",257367,"Pileggi","Jianhua"
"Sales",257360,"Otillio","Honglan"
"Sales",257296,"Pocchiola","Prasadram"
"Sales",51246,"Schaft","Mara"
"Sales",257276,"Schonegge","Eldridge"
"Sales",257205,"Heydon","Menkae"
"Sales",257183,"Yeung","Mario"
"Sales",413182,"Stamatiou","Berni"
"Sales",51307,"Parascandalo","Xiping"
"Sales",51313,"Francisci","Alois"
"Sales",51320,"Oberman","Nevin"
"Sales",257058,"Peyn","Subhankar"
"Sales",256990,"Szilard","Roselyn"
"Sales",51722,"Mattern","Giap"
"Sales",256903,"Bondorf","Jovan"
"Sales",256769,"Barbanera","Shiv"
"Sales",51761,"Sherertz","Shunichi"
"Sales",246438,"Manderick","Seshu"
"Sales",51776,"Potthoff","Bilhanan"
"Sales",256728,"Huxford","Sajjan"
"Sales",51823,"Kohling","Serif"
"Sales",256069,"Billawala","Uzi"
"Sales",255993,"Ebeling","Rosita"
"Sales",255978,"Krybus","Shrikanth"
"Sales",255961,"Kopetz","Harngdar"
"Sales",52071,"Milicic","Xianlong"
"Sales",255930,"Terwilliger","Jayson"
"Sales",413181,"Doering","Mani"
"Sales",255897,"Khalid","Mark"
"Sales",255777,"Rosti","Jungsoon"
"Sales",255713,"Nittel","Dekang"
"Sales",255698,"Hempstead","Anyuan"
"Sales",255529,"Murillo","Anneli"
"Sales",255517,"Schade","Niranjan"
"Sales",255495,"Engelmann","Suzette"
"Sales",255479,"Pero","Mayumi"
"Sales",255369,"Luft","Valeri"
"Sales",255367,"Neimat","Reuven"
"Sales",255325,"Simmel","Nevin"
"Sales",254772,"Marrakchi","Jaques"
"Sales",254697,"Goldhammer","Manohar"
"Sales",254690,"Garigliano","Mark"
"Sales",254681,"Lipner","Nadjib"
"Sales",254481,"Schaap","Kwok"
"Sales",254370,"Schwartzburd","Khedija"
"Sales",52710,"Chiodo","Danae"
"Sales",52740,"Perna","Bangqing"
"Sales",254368,"Kriebel","Zine"
"Sales",254021,"Keirsey","Mari"
"Sales",52777,"Schiper","Takahira"
"Sales",52782,"Orlowska","Janche"
"Sales",253999,"Cheshire","Jiang"
"Sales",253981,"Landherr","Ottavia"
"Sales",253465,"Munke","Rayond"
"Sales",53027,"Lienhardt","Make"
"Sales",253443,"Cullers","Mohammed"
"Sales",253417,"Kalorkoti","Irene"
"Sales",253320,"Asser","Takahiro"
"Sales",253295,"Kragelund","Moss"
"Sales",53091,"Sadowsky","Theron"
"Sales",53094,"Brizzi","Ulises"
"Sales",253195,"Buescher","Mads"
"Sales",253159,"Janetzko","Khue"
"Sales",252937,"Masand","Paraskevi"
"Sales",252912,"Radwan","Marc"
"Sales",53359,"Barreiro","Guther"
"Sales",53377,"Chorvat","Fumiko"
"Sales",413152,"Chiola","Xinglin"
"Sales",252874,"Guardalben","Dhritiman"
"Sales",53402,"Worfolk","Houman"
"Sales",252825,"Cannard","Premsyl"
"Sales",53412,"Rassart","Dipayan"
"Sales",252722,"Melski","Domenico"
"Sales",252403,"Peral","Mohd"
"Sales",252331,"Rosen","Palash"
"Sales",252313,"Ellozy","Zijian"
"Sales",252081,"Tempesti","Shen"
"Sales",53868,"Angelov","Jixiang"
"Sales",252069,"Peac","Kazuhisa"
"Sales",413122,"Erva","Houman"
"Sales",252020,"Schaaf","Idoia"
"Sales",53906,"Bennet","Younwoo"
"Sales",53915,"Famili","Tomofumi"
"Sales",251453,"Braccini","Marlo"
"Sales",53949,"Zobel","Gennady"
"Sales",250761,"Velasco","Shigehito"
"Sales",54009,"Capobianchi","Golgen"
"Sales",250658,"Nastansky","Satosi"
"Sales",54200,"Bratten","Xudong"
"Sales",249955,"Plessier","Ramachenga"
"Sales",249953,"Rosen","Ronnie"
"Sales",249895,"Marletta","Stein"
"Sales",54250,"Kalafatis","Mary"
"Sales",54251,"Nitsche","Maha"
"Sales",249869,"Hooghiemstra","Divier"
"Sales",412639,"Danner","Rosita"
"Sales",249852,"Schade","Ziya"
"Sales",249838,"Zwicker","Yuuichi"
"Sales",54342,"Fairtlough","Thanasis"
"Sales",54344,"Lammel","Kerhong"
"Sales",249402,"Peris","Percy"
"Sales",249081,"Minakawa","Zhonghui"
"Sales",54550,"Marciano","Rajmohan"
"Sales",54561,"Clemencon","Dipayan"
"Sales",249015,"Cherinka","Kerryn"
"Sales",412613,"Feldmann","Mabo"
"Sales",412580,"Ozeri","Zejun"
"Sales",248979,"Pezzoli","Bezalel"
"Sales",54639,"Garnham","Kazuyasu"
"Sales",54657,"Gurbaxani","Jixiang"
"Sales",54669,"Henseler","Xinan"
"Sales",248758,"Muhlberg","Snehasis"
"Sales",248706,"Azuma","Panayotis"
"Sales",248701,"Orlowski","Maren"
"Sales",248699,"Sidou","Shimshon"
"Sales",248692,"Taubenfeld","Nadjib"
"Sales",248681,"Hutton","Saeko"
"Sales",248640,"Eiter","Jessie"
"Sales",248634,"Matheson","Guiseppe"
"Sales",248610,"Improta","Serif"
"Sales",54952,"Mapelli","Geraldo"
"Sales",248565,"Heering","Kwangjo"
"Sales",248559,"Melter","Yuqun"
"Sales",248456,"Brender","Jinpo"
"Sales",55002,"Tyugu","Zhonghui"
"Sales",55018,"Stemann","Fan"
"Sales",248222,"Pellegrinelli","Luigi"
"Sales",248214,"Hennings","Kazuhito"
"Sales",248211,"Isaac","Gay"
"Sales",247947,"Lieblein","Kersti"
"Sales",247903,"Frolund","Deniz"
"Sales",412544,"Bhattacharjee","Haldun"
"Sales",55337,"Nilsson","Gad"
"Sales",55338,"Pesch","Chinhyun"
"Sales",247619,"Farrag","Kauko"
"Sales",247606,"Rosaz","Parto"
"Sales",247551,"Boyle","Kristian"
"Sales",247473,"Jeansoulin","Berto"
"Sales",247256,"Reutenauer","Patricio"
"Sales",55743,"Docker","Kasturi"
"Sales",247241,"Ramamoorthy","Sashi"
"Sales",247236,"Lowrie","Mokhtar"
"Sales",247200,"Langford","Zeljko"
"Sales",55852,"Eiter","Horward"
"Sales",246754,"Lueh","Kamakshi"
"Sales",55855,"Hertweck","Caolyn"
"Sales",55857,"Scallan","Adin"
"Sales",246716,"Luders","Dante"
"Sales",246596,"Hitomi","Kerhong"
"Sales",56052,"Markovitch","Sudhanshu"
"Sales",56058,"Schapire","Christoper"
"Sales",246577,"Kitsuregawa","Selwyn"
"Sales",56102,"Basawa","Nagui"
"Sales",246569,"Ferretti","Przemyslawa"
"Sales",56108,"Azadmanesh","Sigeru"
"Sales",246461,"Pintelas","Ziya"
"Sales",246193,"Walston","Goetz"
"Sales",296809,"Prenel","Eckart"
"Sales",56147,"Picco","Kirk"
"Sales",245896,"Skrikant","Denny"
"Sales",245850,"Farrag","Nectarios"
"Sales",245823,"Perly","Miyeon"
"Sales",245606,"Peck","Saeko"
"Sales",245603,"Spieker","Genevieve"
"Sales",245593,"Perez","Shigeu"
"Sales",56409,"Seghrouchni","Chiranjit"
"Sales",56422,"Skafidas","Krister"
"Sales",56433,"Himler","Richara"
"Sales",245563,"Granlund","Gen"
"Sales",56442,"Delaune","Feiyu"
"Sales",245506,"Koyama","Gro"
"Sales",245500,"Lamba","Pranay"
"Sales",56452,"Sanella","Babette"
"Sales",245469,"Boguraev","Hidde"
"Sales",245440,"Grandbois","Gregory"
"Sales",56486,"Lindqvist","Steen"
"Sales",56488,"Cherinka","Tze"
"Sales",245437,"Penttonen","Arun"
"Sales",412485,"Gide","Michaela"
"Sales",245429,"Gulla","Nimmagadda"
"Sales",245410,"Savasere","Xinyu"
"Sales",245402,"Kropp","Dinkar"
"Sales",412481,"Montresor","Gal"
"Sales",245348,"Camarinopoulos","Sigeru"
"Sales",245097,"Maquelin","Xianlong"
"Sales",245068,"Birnbaum","Shrikanth"
"Sales",245038,"Tiemann","Zejun"
"Sales",56827,"Dusink","Takushi"
"Sales",56834,"Bressoud","Aloke"
"Sales",245022,"Xiaoshan","Gen"
"Sales",247010,"Angelopoulos","Mohua"
"Sales",57065,"Dengi","Shridhar"
"Sales",244993,"Zeidenstein","Elgin"
"Sales",244986,"Khamsi","Kiyotoshi"
"Sales",412476,"Brandsma","Atreye"
"Sales",244873,"Oppitz","Arunachalam"
"Sales",244855,"Pellegrinelli","Faiza"
"Sales",244852,"Cools","Shounak"
"Sales",244830,"Staylopatis","Vishwani"
"Sales",244791,"Olivero","Kauko"
"Sales",57170,"Basart","Weicheng"
"Sales",244784,"Matzen","Aris"
"Sales",244767,"Waleschkowski","Zeydy"
"Sales",244698,"Henders","Apostol"
"Sales",244693,"Avouris","Nahla"
"Sales",244632,"Stamatiou","Rafail"
"Sales",244621,"Bednarek","Anwar"
"Sales",244613,"Zielinski","Somnath"
"Sales",412451,"Fasbender","Herb"
"Sales",244600,"Foong","Roded"
"Sales",244598,"Zeidenstein","Shigeichiro"
"Sales",57471,"Ciolek","Karlis"
"Sales",244581,"Aingworth","Kyoichi"
"Sales",57474,"Katalagarianos","Gilbert"
"Sales",244561,"Chleq","Augustine"
"Sales",57492,"Miyakawa","Parto"
"Sales",244468,"Flanders","Kazuhira"
"Sales",244320,"Miake","Werner"
"Sales",57886,"Kawashimo","Fuqing"
"Sales",244260,"Mandelberg","Sangeeta"
"Sales",244214,"Malabarba","Mingsen"
"Sales",244106,"Junet","Adil"
"Sales",57949,"Pezzoli","Oldrich"
"Sales",244001,"Erva","Munehiro"
"Sales",243979,"Heuter","Shakhar"
"Sales",243945,"Zeidenstein","Tuval"
"Sales",243908,"Chaudhury","Shakhar"
"Sales",243892,"Pargaonkar","Weijing"
"Sales",243808,"Douceur","Arumugam"
"Sales",243768,"Ritzmann","Heekeun"
"Sales",243708,"Pillow","Perla"
"Sales",243661,"Stanfel","Khedija"
"Sales",243653,"Dengi","Chanjung"
"Sales",58595,"Speer","Srinidhi"
"Sales",243592,"Frolund","Radhia"
"Sales",58627,"Orsini","Vasilis"
"Sales",243560,"Halloran","Siddarth"
"Sales",243554,"Jakobus","Premsyl"
"Sales",243432,"Henders","Dulce"
"Sales",243360,"Heping","Yongmin"
"Sales",243344,"Noriega","Bojan"
"Sales",243336,"Bahr","Ronnie"
"Sales",58884,"McDermid","Danil"
"Sales",58886,"Perez","Franziska"
"Sales",243310,"Baby","Halsur"
"Sales",243307,"Narlikar","Nathan"
"Sales",243294,"Speckmann","Lein"
"Sales",58918,"Gecsei","Tremaine"
"Sales",243290,"Karlin","Hirochika"
"Sales",243283,"Baca","Piyush"
"Sales",58956,"Hitomi","Aiichiro"
"Sales",243126,"Lakshmanan","Jagoda"
"Sales",58967,"Sudkamp","Mamdouh"
"Sales",243086,"Kumaresan","Rosalie"
"Sales",58997,"Taubenfeld","Uriel"
"Sales",243030,"Ibel","Shrikanth"
"Sales",59008,"Veldwijk","Tuval"
"Sales",243011,"Rusmann","Genevieve"
"Sales",59218,"Millington","Jungsoon"
"Sales",242990,"Journel","Sachar"
"Sales",242222,"Schueller","Yongmin"
"Sales",242220,"Molenaar","Danel"
"Sales",59275,"Luff","Kwangjo"
"Sales",59301,"Morrow","Marco"
"Sales",242204,"Grabner","Kien"
"Sales",59317,"Taneja","Shirish"
"Sales",242174,"Masamoto","Shin"
"Sales",242114,"Orlowska","Angus"
"Sales",241871,"Trystram","Koichi"
"Sales",241838,"Guardalben","Mahmut"
"Sales",241798,"Murtha","Arnd"
"Sales",241768,"Greenaway","Leon"
"Sales",241454,"Azevdeo","Djenana"
"Sales",241402,"Verspoor","Aamod"
"Sales",241392,"Ressouche","Adam"
"Sales",241390,"Baik","Chenxi"
"Sales",241032,"Pettis","Xiaopeng"
"Sales",241009,"Hitomi","Edwin"
"Sales",240984,"Barbanera","Toong"
"Sales",247085,"Daescu","Michaela"
"Sales",240961,"Gimarc","Yuriy"
"Sales",240937,"Rosiles","Eric"
"Sales",60425,"Leivant","Alagu"
"Sales",240250,"Krychniak","Kwangjo"
"Sales",60428,"Haldar","Ulises"
"Sales",240207,"Aamodt","Jiann"
"Sales",240202,"Christ","Miomir"
"Sales",240196,"Vigier","Xianlong"
"Sales",239908,"Heusch","Tonia"
"Sales",239902,"Marwedel","Mandell"
"Sales",60496,"Remmers","Sachio"
"Sales",239831,"Diderrich","Miyeon"
"Sales",239225,"Conia","Shuzo"
"Sales",239216,"Otillio","Uno"
"Sales",239206,"Esteva","Kazuhiro"
"Sales",239162,"Muniz","Jaideep"
"Sales",62421,"Brodie","Persi"
"Sales",239144,"Radwan","Kerryn"
"Sales",239109,"Linares","Zsolt"
"Sales",62464,"Kohling","Toney"
"Sales",247089,"Schahn","Seongbae"
"Sales",238686,"Chvatal","Demin"
"Sales",238660,"Cooley","Kannan"
"Sales",62909,"Rissland","Lenore"
"Sales",238647,"Kamble","Bedrich"
"Sales",247114,"Molenkamp","Vasilis"
"Sales",238641,"Yamaashi","Domenico"
"Sales",238632,"Baba","Leon"
"Sales",238590,"Spataro","Yifei"
"Sales",238543,"Luders","Vasilis"
"Sales",62978,"Emden","JiYoung"
"Sales",238439,"Matheson","Udaiprakash"
"Sales",238438,"Merro","Van"
"Sales",238427,"Simkin","Diederik"
"Sales",63005,"Ranum","Barna"
"Sales",238389,"Perfilyeva","Etsuo"
"Sales",238387,"Mateescu","Navin"
"Sales",238375,"Tanemo","Weiwu"
"Sales",236555,"Luga","Adamantios"
"Sales",63249,"Journel","Marl"
"Sales",63255,"Shackel","Aloys"
"Sales",236531,"Poulakidas","Suzette"
"Sales",236479,"Validov","Hilary"
"Sales",236447,"Vasanthakumar","Achilleas"
"Sales",236433,"Bakhtari","Mariusz"
"Sales",63312,"Litecky","Yuriy"
"Sales",236182,"Zielinski","Shridhar"
"Sales",236154,"Demeyer","Shmuel"
"Sales",63371,"Muhling","Shichao"
"Sales",234726,"Sevcikova","Arnd"
"Sales",234664,"Tiemann","Guozhong"
"Sales",234373,"Prenel","Premal"
"Sales",234334,"Kornatzky","Kshitij"
"Sales",63714,"Pargas","Richara"
"Sales",234292,"Speer","Khue"
"Sales",234227,"Koshiba","Jaques"
"Sales",233358,"Hofmeyr","Kersti"
"Sales",233337,"Schneeberger","Eberhardt"
"Sales",233048,"Waterhouse","Sailaja"
"Sales",232926,"Emmart","Achilleas"
"Sales",232922,"Shobatake","Chinhyun"
"Sales",247293,"Gils","Marsja"
"Sales",232526,"Bernick","Stepehn"
"Sales",232471,"Ossenbruggen","Abdelwaheb"
"Sales",232462,"Aingworth","Masali"
"Sales",232410,"Otillio","Fan"
"Sales",232402,"Krupka","DAIDA"
"Sales",232392,"Fargier","Hongzhu"
"Sales",232201,"Baig","Weicheng"
"Sales",64044,"Desikan","Phillip"
"Sales",64060,"Chartres","Mostafa"
"Sales",64078,"Brender","Khoa"
"Sales",230689,"Crabtree","Dietrich"
"Sales",64082,"Comte","Chikako"
"Sales",64098,"Weiland","Armond"
"Sales",230606,"Keohane","Yannik"
"Sales",230179,"Welham","Zijian"
"Sales",230173,"Karner","Aleksander"
"Sales",64126,"Perez","Suebskul"
"Sales",64145,"Cardazo","Aluzio"
"Sales",230139,"Boguraev","Tze"
"Sales",64158,"Fujisawa","Yechiam"
"Sales",64178,"Conde","Mark"
"Sales",230128,"Jenevein","Alagu"
"Sales",230099,"Fadgyas","Maia"
"Sales",247326,"Schmezko","Weidon"
"Sales",64205,"Luck","Arto"
"Sales",230085,"Alameldin","Aria"
"Sales",230079,"Krzyzanowski","Elvia"
"Sales",230040,"Cannane","Sergi"
"Sales",229658,"Dayang","Karsten"
"Sales",229650,"Kilgour","Kristian"
"Sales",229638,"Schapiro","Radhakrishnan"
"Sales",64291,"Speckmann","Boaz"
"Sales",229620,"Shackell","Arun"
"Sales",229570,"Domenig","Janalee"
"Sales",64355,"Maraist","Boriana"
"Sales",64370,"Tomescu","Chenxi"
"Sales",229373,"Tagansky","Ute"
"Sales",229364,"Magliocco","Dulce"
"Sales",64476,"Petersohn","Shalesh"
"Sales",229267,"Kaelbling","Marit"
"Sales",64519,"Eickenmeyer","Kerryn"
"Sales",229247,"Marshall","Fabrizio"
"Sales",64529,"Garnham","Gil"
"Sales",229227,"Jullig","Piyush"
"Sales",229184,"Shimshoni","Goo"
"Sales",229171,"Schiper","Gregory"
"Sales",64547,"Ullian","Pramod"
"Sales",229158,"Lalonde","Kazuyasu"
"Sales",247327,"Itzigehl","Navid"
"Sales",229150,"Munos","Piyawadee"
"Sales",229143,"Suomi","Mabo"
"Sales",229134,"Juneja","Owen"
"Sales",228809,"Fritzsche","Emdad"
"Sales",64971,"Rotem","Xinan"
"Sales",228723,"Paludetto","Garnik"
"Sales",64999,"Hardjono","Gen"
"Sales",228720,"Bugaenko","Aleksander"
"Sales",228516,"Schapiro","Ortrun"
"Sales",228470,"Schlenzig","Naftaly"
"Sales",65030,"Pollacia","Wonhee"
"Sales",228465,"Baer","Bodo"
"Sales",65046,"Tramer","Nitsan"
"Sales",228371,"Barbanera","Bernd"
"Sales",228180,"Castellani","Parto"
"Sales",228065,"McFarlan","Mariusz"
"Sales",65448,"Benzaken","Menkae"
"Sales",228024,"Koblitz","Dmitri"
"Sales",65467,"Perng","Jeane"
"Sales",227911,"Azadmanesh","Susanne"
"Sales",65527,"Swab","Kousuke"
"Sales",227837,"Oskamp","Basant"
"Sales",247341,"Brlek","Cathie"
"Sales",66070,"Birsak","Slavian"
"Sales",227749,"Penttonen","Peternela"
"Sales",227717,"Lunn","Fumiyo"
"Sales",66135,"Liesche","Weiyi"
"Sales",227691,"Mitsuhashi","Aleksander"
"Sales",66150,"Kaminger","Zhiwei"
"Sales",66153,"Zhang","Yongmin"
"Sales",227659,"Angelopoulos","Takahira"
"Sales",227651,"Szemeredi","Oksana"
"Sales",227623,"Kumaresan","Shih"
"Sales",66756,"Nyrup","Xiaoqiu"
"Sales",227582,"Woycyznski","Keiichiro"
"Sales",412243,"Gammage","Sarita"
"Sales",227553,"Schwartzbauer","Trygve"
"Sales",66827,"Fetvedt","Reinhard"
"Sales",224593,"Cronin","Jacopo"
"Sales",66861,"Lammel","Berthier"
"Sales",224493,"Detkin","Teiji"
"Sales",224431,"Bruckman","Xiadong"
"Sales",224397,"Stenning","Faiza"
"Sales",67263,"Yemenis","Khedija"
"Sales",223992,"Schlenzig","Claude"
"Sales",223981,"Cheshire","Christoph"
"Sales",223974,"Yetto","Khue"
"Sales",223947,"Rabehasaina","Xinyu"
"Sales",67337,"Parascandalo","Alain"
"Sales",223889,"Rosis","Yagil"
"Sales",223818,"Chaudhuri","Yurij"
"Sales",223793,"Baaz","Naftali"
"Sales",223769,"Constantine","Gilbert"
"Sales",67950,"Petereit","Badri"
"Sales",223747,"Dehkordi","Owen"
"Sales",67980,"Heemskerk","Shigeichiro"
"Sales",67999,"Herber","Sorina"
"Sales",68006,"Honiden","Emdad"
"Sales",68021,"Lamma","Yechezkel"
"Sales",223738,"Aseltine","Zito"
"Sales",68040,"Kugler","Xuejia"
"Sales",412206,"Wilharm","Yinlin"
"Sales",223504,"Koprowski","Sibyl"
"Sales",223462,"Talmor","Fusako"
"Sales",223401,"McAffer","Domenick"
"Sales",223378,"Gilg","Tadahiko"
"Sales",223322,"Morrey","Qiwen"
"Sales",223293,"Leaver","Terresa"
"Sales",223292,"Savasere","Kasidit"
"Sales",412173,"Koblick","Magdalena"
"Sales",247369,"Swen","Renee"
"Sales",223243,"Solares","Chikako"
"Sales",223003,"Stenning","Alois"
"Sales",68543,"Leivant","Rosine"
"Sales",223000,"Mundy","Mostafa"
"Sales",68557,"Kamble","Yannis"
"Sales",247370,"Sgarro","Navin"
"Sales",222969,"McConalogue","Shuji"
"Sales",412165,"Ozeki","Boalin"
"Sales",222684,"Crabtree","Randi"
"Sales",222624,"Birdsall","Kenton"
"Sales",412103,"Vadhan","Mahmut"
"Sales",222573,"Bellmore","Gadiel"
"Sales",222565,"Nyrup","Halsur"
"Sales",222543,"Ossenbruggen","Ebbe"
"Sales",222536,"Merel","Feipei"
"Sales",69233,"Lund","Sigeru"
"Sales",412050,"Malabarba","Marie"
"Sales",222211,"Hennebert","Gully"
"Sales",222205,"Validov","Ayonca"
"Sales",69628,"Conia","George"
"Sales",222180,"Feinberg","Maia"
"Sales",69637,"Basart","Tse"
"Sales",222169,"Shigei","Adamantios"
"Sales",222147,"Bernatsky","Hitomi"
"Sales",222132,"Androutsos","Ulises"
"Sales",222084,"Piancastelli","Serap"
"Sales",69703,"Nyrup","Volkmar"
"Sales",69704,"Strandh","Uzi"
"Sales",222021,"Iisaku","JoAnne"
"Sales",411990,"Renear","Luigi"
"Sales",222003,"Veeraraghavan","Chrisa"
"Sales",221902,"Broder","Sasan"
"Sales",70119,"Schwartzburd","Oscal"
"Sales",221893,"Cheshire","Ipke"
"Sales",70145,"McAlpine","Shaowei"
"Sales",70175,"Dulay","Kenroku"
"Sales",70195,"Lienhardt","Itzchak"
"Sales",70223,"Stiles","Yifei"
"Sales",70230,"Angiulli","Piyush"
"Sales",221547,"Menhoudj","Abdulla"
"Sales",70252,"Ginesta","Kwee"
"Sales",70262,"Masaki","Adel"
"Sales",70264,"Nyanchama","Yolla"
"Sales",70265,"Baaleh","Saeed"
"Sales",221504,"Furedi","Berto"
"Sales",221439,"Cichocki","Arno"
"Sales",70337,"Luon","Shahar"
"Sales",70344,"Stasinski","Menkae"
"Sales",221429,"Shiratori","Junsik"
"Sales",221395,"Gulik","Sadok"
"Sales",70359,"Zultner","Przemyslawa"
"Sales",221351,"Chepyzhov","Odoardo"
"Sales",221116,"Smeets","Masali"
"Sales",221107,"Coombs","Ziya"
"Sales",70762,"Merle","Martien"
"Sales",221044,"Erbe","Xiaocheng"
"Sales",221024,"Luan","Rosine"
"Sales",221023,"Aamodt","Shan"
"Sales",70787,"Masaki","Reinhard"
"Sales",70794,"Saoudi","Petter"
"Sales",220972,"Kisuki","Tadahiro"
"Sales",70815,"Siepmann","Gilbert"
"Sales",70828,"Whitcomb","Masaru"
"Sales",220894,"Thiria","Hongzue"
"Sales",70852,"Matzke","Mohua"
"Sales",70867,"Qiwen","Supot"
"Sales",220870,"Gist","Divine"
"Sales",247434,"Horswill","Yoshinari"
"Sales",220859,"Picci","Fun"
"Sales",220830,"Vadhan","Kiyokazu"
"Sales",220826,"Rajcani","Froduald"
"Sales",70925,"Birke","Guozhong"
"Sales",220814,"Range","Anoosh"
"Sales",220812,"Sabnani","Flemming"
"Sales",411949,"Gischer","Uli"
"Sales",220777,"Peac","Qunsheng"
"Sales",220742,"Tagansky","Rosella"
"Sales",220738,"Ariola","Shigehiro"
"Sales",71017,"Skafidas","Adin"
"Sales",220725,"Luders","Kristine"
"Sales",220719,"Potthoff","Chaosheng"
"Sales",71021,"Coullard","Mohammad"
"Sales",217906,"Pettis","Shounak"
"Sales",71057,"Orsini","Christfried"
"Sales",217863,"Cannard","Adib"
"Sales",71066,"Basart","Domenick"
"Sales",217859,"Domenig","Zsolt"
"Sales",71067,"Rehfuss","Xiaoqiang"
"Sales",217784,"Vandervoorde","Kerhong"
"Sales",217762,"Stifter","Tzvetan"
"Sales",217746,"Pelc","Shih"
"Sales",217734,"Eldridge","Tayeb"
"Sales",71190,"Benner","Alain"
"Sales",71200,"Khalid","Gennadi"
"Sales",71203,"Picco","Aiman"
"Sales",217724,"Pero","Gonzalo"
"Sales",71240,"Denti","Masadi"
"Sales",217713,"Maliniak","Eran"
"Sales",71246,"Paludetto","Toshimitsu"
"Sales",71448,"Stamatiou","Seshu"
"Sales",71511,"Baer","Sreekrishna"
"Sales",71519,"Lieblein","Gudjon"
"Sales",217616,"Uhrik","Leif"
"Sales",71527,"Radhakrishnan","Waiman"
"Sales",71551,"Greibach","Hugo"
"Sales",217555,"Zedlitz","Edwin"
"Sales",71576,"Jeansoulin","Martine"
"Sales",71577,"Marletta","Avishai"
"Sales",217507,"Smeets","Paris"
"Sales",71586,"Cannard","Jianwen"
"Sales",217488,"Solovay","Danco"
"Sales",217440,"Kavanagh","Nathan"
"Sales",217431,"Nastansky","Girolamo"
"Sales",411869,"Sherertz","Serenella"
"Sales",217375,"Stroustrup","Ottavia"
"Sales",71643,"Hoogerwoord","Eberhardt"
"Sales",216818,"Portugali","Morris"
"Sales",216787,"Vernadat","Basem"
"Sales",247631,"Ghandeharizadeh","Naraig"
"Sales",71715,"Niizuma","Eberhardt"
"Sales",216741,"Perez","Poorav"
"Sales",216731,"Kossowski","Padma"
"Sales",411837,"Zuberek","Pohua"
"Sales",71770,"Perez","Weiyi"
"Sales",216697,"Hedayat","Uno"
"Sales",216630,"Axelband","Geoff"
"Sales",216603,"Nations","Alejandra"
"Sales",216546,"Peyn","Sampalli"
"Sales",71813,"Pargaonkar","Guenter"
"Sales",216507,"Thiran","Gretta"
"Sales",216495,"Guting","Bingning"
"Sales",216493,"Lieberherr","Geoff"
"Sales",247647,"Matzel","Anyuan"
"Sales",411818,"Muhlberg","Selwyn"
"Sales",71878,"Calkin","Sariel"
"Sales",216472,"Gerteisen","Kensyu"
"Sales",216467,"Fiebach","Kankanahalli"
"Sales",71918,"Christ","Ung"
"Sales",216388,"Duclos","Jasminko"
"Sales",216381,"Egerstedt","Fay"
"Sales",247649,"Nitsch","Bilhanan"
"Sales",72133,"Lowrie","Babette"
"Sales",216306,"Bierbaum","Tadahiro"
"Sales",216289,"Dehkordi","Gurbir"
"Sales",216277,"Ramsak","Candida"
"Sales",216259,"Matzen","Yaghout"
"Sales",216237,"Nergos","Collette"
"Sales",216211,"Reeken","Kasidit"
"Sales",216181,"Biran","Susuma"
"Sales",216130,"Kitsuregawa","Magy"
"Sales",216120,"Nishimukai","Weiye"
"Sales",216106,"Domenig","Adil"
"Sales",216075,"Kranzdorf","Nimmagadda"
"Sales",216023,"Waschkowski","Khedija"
"Sales",72224,"Malinowski","Hatem"
"Sales",215879,"Fendler","Fox"
"Sales",215830,"Comyn","King"
"Sales",215799,"Engelmann","Clyde"
"Sales",72339,"Gerteisen","Sreekrishna"
"Sales",215513,"Litzkow","Sigeru"
"Sales",215489,"Fujisaki","Tadahiro"
"Sales",215482,"Peac","Samphel"
"Sales",72419,"Harbusch","Mostafa"
"Sales",72429,"Ranum","Selwyn"
"Sales",214945,"Speel","Marlo"
"Sales",214896,"Katiyar","Perry"
"Sales",214781,"Hiyoshi","Phillip"
"Sales",72788,"Dulli","Berthier"
"Sales",72791,"Skafidas","Ung"
"Sales",72809,"Anger","Sumant"
"Sales",72815,"Setiz","Marc"
"Sales",214716,"Makrucki","Hironobu"
"Sales",214709,"Compeau","Mani"
"Sales",214682,"Neimat","Jaroslava"
"Sales",214677,"Speel","Saeko"
"Sales",72863,"Kavvadias","Mohd"
"Sales",72866,"Zumaque","Sverrir"
"Sales",72873,"Madeira","Paddy"
"Sales",214643,"Bharadwaj","Shridhar"
"Sales",214601,"Schmezko","Boguslaw"
"Sales",72906,"Peha","Renny"
"Sales",214565,"Michaels","Brigham"
"Sales",214413,"Goodrum","Sungwon"
"Sales",214319,"Nations","Itzchak"
"Sales",73349,"Werthner","Rosine"
"Sales",214306,"Beetstra","Seshu"
"Sales",214281,"Erez","Toshiki"
"Sales",214233,"Showalter","Baruch"
"Sales",411769,"Munawer","Almudena"
"Sales",73394,"Botman","Aron"
"Sales",73403,"Peng","Oscal"
"Sales",411700,"Yoshimura","Otmar"
"Sales",214164,"Tyugu","Maya"
"Sales",411692,"Gulak","Willard"
"Sales",73428,"Eastman","Steve"
"Sales",73632,"Ambroszkiewicz","Juichirou"
"Sales",214052,"Masaki","Yechezkel"
"Sales",214046,"Candan","Denny"
"Sales",247691,"Oberman","Mechthild"
"Sales",73690,"Parveen","Isamu"
"Sales",73694,"Ranta","Jaques"
"Sales",73700,"Goodrum","Karlis"
"Sales",73736,"Bernardinello","Constantino"
"Sales",213890,"Spinelli","Vatsa"
"Sales",213887,"Budinsky","Ayakannu"
"Sales",73793,"Gomatam","Xudong"
"Sales",213876,"Mahnke","Sreekrishna"
"Sales",213365,"Brickell","Isaac"
"Sales",213305,"Farris","Takahira"
"Sales",73850,"Brattka","Golgen"
"Sales",213297,"Mahmud","Lena"
"Sales",213282,"Kisuki","Hilary"
"Sales",73861,"Iivonen","Janche"
"Sales",213248,"Sudkamp","Along"
"Sales",213247,"Tagansky","Steve"
"Sales",73899,"Redmiles","Naftaly"
"Sales",213226,"Huttel","Jaques"
"Sales",213190,"Lanzelotte","Aleksander"
"Sales",213126,"Kolvik","Maia"
"Sales",213083,"Nishimukai","Wonhee"
"Sales",213043,"Frezza","Jacqueline"
"Sales",74137,"Vidal","Joydip"
"Sales",74151,"Bahl","Munehiro"
"Sales",213021,"Pusterhofer","Nevin"
"Sales",74166,"Beidas","Shawna"
"Sales",212991,"Delgrande","Jovan"
"Sales",212985,"Papsdorf","Akeno"
"Sales",74209,"Munke","Hatsukazu"
"Sales",212859,"Gruenwald","Parke"
"Sales",212849,"Luga","Mohit"
"Sales",74246,"Erdi","Tomofumi"
"Sales",212838,"Bodoff","Berto"
"Sales",74250,"Liesche","Marin"
"Sales",212725,"Billingsley","Rance"
"Sales",212667,"Linares","Shichao"
"Sales",212651,"Percebois","Joydip"
"Sales",212642,"Brookman","Mandell"
"Sales",212616,"Smeets","Kazuhisa"
"Sales",74358,"Lanteri","Mohammad"
"Sales",74402,"Rijsenbrij","Diederik"
"Sales",212573,"Solovay","Kasidit"
"Sales",212558,"Pollock","Yaghout"
"Sales",74444,"Passino","Sachem"
"Sales",212514,"Tchuente","Babette"
"Sales",212429,"Matteis","Danil"
"Sales",74516,"Sanella","Munir"
"Sales",212302,"Assaf","Amalendu"
"Sales",74574,"Morris","Kenroku"
"Sales",74577,"Pettis","Trygve"
"Sales",74594,"Range","Falguni"
"Sales",212133,"Bolotov","Arfst"
"Sales",74987,"Trelles","Mountaz"
"Sales",212005,"Benzmuller","Rosalie"
"Sales",211972,"Iacovou","Badri"
"Sales",75051,"Mansanne","Roddy"
"Sales",211933,"Sewelson","Sven"
"Sales",211904,"Nishimukai","Shichao"
"Sales",211874,"Schreiter","Shir"
"Sales",211820,"Lovengreen","Arumugam"
"Sales",75306,"Dayana","Aluzio"
"Sales",211801,"Merel","Srinidhi"
"Sales",75325,"Bamford","Sanjiv"
"Sales",75364,"Neimat","Rosella"
"Sales",211781,"Hofting","Thanasis"
"Sales",211728,"Liesche","Geoff"
"Sales",411605,"Ferriere","Xuedong"
"Sales",75422,"Motley","Tsutomu"
"Sales",411557,"Gulla","Vugranam"
"Sales",211658,"Sidje","Jianhui"
"Sales",211651,"Kruskal","Gad"
"Sales",211619,"Bamford","Mantis"
"Sales",75678,"Thorensen","Hilari"
"Sales",211615,"Kornyak","Ziyad"
"Sales",75688,"Crooks","Adamantios"
"Sales",75699,"Uhrig","Toshimi"
"Sales",211536,"Schlegelmilch","Collette"
"Sales",75719,"Brickell","Kotesh"
"Sales",75726,"Laventhal","Manu"
"Sales",75738,"Muhlberg","Guozhong"
"Sales",211434,"Peng","Keung"
"Sales",75748,"Varman","Xuejia"
"Sales",211361,"Candan","Garnet"
"Sales",211111,"Brookman","Youngkon"
"Sales",211092,"Calkin","Jacopo"
"Sales",210969,"Porotnikoff","Masamitsu"
"Sales",75953,"Pluym","Nitsan"
"Sales",75985,"Tempesti","Snehasis"
"Sales",208918,"Rodham","Huai"
"Sales",208905,"Ramsey","Chenye"
"Sales",208870,"Hanratty","Faiza"
"Sales",208861,"Wossner","Yuqun"
"Sales",76075,"Erol","Elvia"
"Sales",208853,"Kropf","Susumu"
"Sales",208436,"Denny","Adhemar"
"Sales",208384,"Juneja","Huiqun"
"Sales",208085,"Grabner","Eberhardt"
"Sales",207765,"Strehl","Qunsheng"
"Sales",207730,"Narahara","Kasturi"
"Sales",76510,"Fiebach","Barry"
"Sales",207723,"Kohling","Junsik"
"Sales",207715,"Serre","Giap"
"Sales",247753,"Carrere","Sanjoy"
"Sales",76569,"Bade","Shahid"
"Sales",76577,"Zyda","Horward"
"Sales",76581,"Thisen","Munehiro"
"Sales",207656,"Baik","Takahito"
"Sales",411515,"Ferriere","Christophe"
"Sales",207274,"Schusler","Guozhong"
"Sales",76643,"Bojadziev","Poorav"
"Sales",76651,"Beeson","Zeljko"
"Sales",207264,"Bamford","Gino"
"Sales",207250,"Kropf","Aluzio"
"Sales",411512,"Cappelli","Mats"
"Sales",207244,"Verhaegen","Sariel"
"Sales",207186,"Szemeredi","Mansur"
"Sales",207123,"Morrow","Joydip"
"Sales",76713,"Alpin","Mitsuyuki"
"Sales",207107,"Shinomoto","Shaunak"
"Sales",76736,"Perl","Juichirou"
"Sales",206928,"Lovengreen","Hinrich"
"Sales",206879,"Anick","Kshitij"
"Sales",206838,"Osgood","Jouni"
"Sales",76756,"Barvinok","Nectarios"
"Sales",206826,"Kadhim","Kwun"
"Sales",76777,"Menhoudj","Duke"
"Sales",206814,"Aingworth","Lene"
"Sales",411499,"Stentiford","Leif"
"Sales",206593,"Thiria","Fumino"
"Sales",206562,"Falco","Suvo"
"Sales",206550,"Hofman","Rosli"
"Sales",206548,"Herbst","Nidapan"
"Sales",206467,"Stassinopoulos","Demin"
"Sales",206270,"Gelosh","Shakhar"
"Sales",76945,"Sherertz","Gita"
"Sales",206181,"Benzaken","Yagil"
"Sales",76977,"Stroustrup","Sigeru"
"Sales",77025,"Viele","Roded"
"Sales",77066,"Rando","Mechthild"
"Sales",206117,"Capobianchi","Ger"
"Sales",205934,"Pena","Kwee"
"Sales",77083,"Vingron","Satoru"
"Sales",205918,"Ghandeharizadeh","Lihong"
"Sales",205914,"Varman","Jouko"
"Sales",77097,"Vandervoorde","Martine"
"Sales",77101,"Marrakchi","Dung"
"Sales",205879,"Zastre","Guther"
"Sales",205869,"Dalphin","Uno"
"Sales",205827,"Gecsel","Jiann"
"Sales",77144,"Milicia","Gill"
"Sales",205807,"Acton","Heon"
"Sales",205795,"Rosen","Kwangsub"
"Sales",205601,"Journel","Augustine"
"Sales",205564,"Ginesta","Mart"
"Sales",77173,"Merey","Sachem"
"Sales",205537,"Hoppenstand","Tadahiko"
"Sales",205493,"Snedden","Genki"
"Sales",77202,"Krzyzanowski","Mari"
"Sales",205446,"Braccini","Soenke"
"Sales",205187,"Schueller","Shaleah"
"Sales",205141,"Wallrath","Ashish"
"Sales",205136,"Biros","Amabile"
"Sales",205102,"Gihr","Visit"
"Sales",77279,"Burnard","Xuejun"
"Sales",77301,"Bale","Inderjeet"
"Sales",411431,"Uludag","Xiaocheng"
"Sales",205064,"Baak","Kensei"
"Sales",205020,"Oskamp","Otilia"
"Sales",205001,"Ellozy","Abdelwaheb"
"Sales",204950,"Tischendorf","Garnet"
"Sales",204750,"Yetim","Deniz"
"Sales",204713,"Gewali","Navin"
"Sales",204678,"Copas","Xiong"
"Sales",77452,"Gulak","Shaz"
"Sales",204670,"Brlek","Malu"
"Sales",77496,"Iacovou","Jingling"
"Sales",204582,"Miyakawa","Frederique"
"Sales",248007,"Kushnir","Divine"
"Sales",77532,"Schlegelmilch","Roselyn"
"Sales",204485,"Eiter","Odinaldo"
"Sales",204449,"Piveteau","Sverrir"
"Sales",77596,"Schahn","Boguslaw"
"Sales",204434,"Wrigley","Ung"
"Sales",204390,"Wilharm","Mitchel"
"Sales",77615,"Krupka","Jianwen"
"Sales",77629,"Schrift","Masasuke"
"Sales",77641,"Nishimukai","Berni"
"Sales",204370,"Hitomi","Rosli"
"Sales",248018,"Schmiedel","Brewster"
"Sales",204359,"Hitomi","Syozo"
"Sales",77690,"Thorensen","Nahum"
"Sales",204276,"Norsworthy","Fumiya"
"Sales",77729,"Deville","Mantis"
"Sales",204239,"Plavsic","Beshir"
"Sales",204180,"Heping","Maik"
"Sales",77786,"Vieth","Munehiro"
"Sales",77792,"Kugler","Dipayan"
"Sales",204150,"Zykh","Akemi"
"Sales",204135,"Schaaf","Shounak"
"Sales",204058,"Haumacher","Krisda"
"Sales",77840,"Lupu","Sastry"
"Sales",77854,"Garrabrants","Mikhail"
"Sales",248026,"Detkin","Gretta"
"Sales",204045,"Stifter","Toshimo"
"Sales",77865,"Cyre","Heather"
"Sales",411394,"Ramsay","Christ"
"Sales",204019,"Etalle","Zhigen"
"Sales",203997,"Erol","Djelloul"
"Sales",203933,"Fortenbacher","Bowen"
"Sales",203815,"Piancastelli","Alejandra"
"Sales",77915,"Schnelling","Shimshon"
"Sales",411208,"Skrikant","Rosine"
"Sales",77930,"Picco","Ennio"
"Sales",77934,"Lubachevsky","Urs"
"Sales",77941,"Feldmann","Jaana"
"Sales",77942,"Georgakopoulos","Nalini"
"Sales",77955,"Tischendorf","Sarita"
"Sales",411090,"Collavizza","Manton"
"Sales",203668,"Verspoor","Zissis"
"Sales",78016,"Serdy","Feixiong"
"Sales",78026,"Henseler","Prodip"
"Sales",78027,"Rosen","Susanta"
"Sales",203645,"Syang","Tadahiro"
"Sales",203606,"Aamodt","Lenore"
"Sales",203545,"Back","Shem"
"Sales",78107,"Trumbly","Mikhail"
"Sales",78114,"Mellouli","Zeljko"
"Sales",411060,"Furedi","Karoline"
"Sales",78124,"Marrakchi","Fatemeh"
"Sales",78125,"Atchley","Filipe"
"Sales",203544,"Lienhardt","Aemilian"
"Sales",203505,"Cardazo","Marla"
"Sales",78189,"Gischer","IEEE"
"Sales",203385,"Maginnis","Subhrajyoti"
"Sales",78209,"Shackel","Sachin"
"Sales",78217,"Munck","Arch"
"Sales",203317,"Biran","Branimir"
"Sales",203314,"Montresor","Hironobu"
"Sales",203280,"Spelt","Miquel"
"Sales",203078,"Desikan","Valery"
"Sales",78233,"Kulisch","Wojceich"
"Sales",203056,"Rosay","Satyanarayana"
"Sales",203005,"Argence","Yuuichi"
"Sales",202953,"Luon","Jaber"
"Sales",202927,"Mattern","Vatsa"
"Sales",202755,"Stifter","Piyush"
"Sales",410968,"Esteva","Chenxi"
"Sales",202696,"Pramanik","Deniz"
"Sales",202186,"Mitchem","Kazuyasu"
"Sales",202177,"Asser","Yoshimitsu"
"Sales",410897,"Buchter","Bluma"
"Sales",202110,"Moehrke","Hyuckchul"
"Sales",202093,"Bellone","Filipp"
"Sales",201851,"Luck","Neven"
"Sales",201845,"Rosin","Vitali"
"Sales",78448,"Haumacher","Laurentiu"
"Sales",201042,"Mitchem","Somnath"
"Sales",200869,"Garnick","Remmert"
"Sales",78498,"Yamaashi","Anoosh"
"Sales",200842,"Manders","Nishit"
"Sales",200827,"Hemaspaandra","Padma"
"Sales",200746,"Lorho","Tremaine"
"Sales",78573,"Rosiles","Berry"
"Sales",109929,"Vitiello","Jagoda"
"Sales",109928,"Nergos","Arlette"
"Sales",109902,"Terlouw","Kersti"
"Sales",109857,"Clouatre","Chinhyun"
"Sales",109250,"Matzen","Kristinn"
"Sales",78666,"Emiris","Jinxi"
"Sales",109216,"Imataki","Saddek"
"Sales",109206,"Fontan","LiMin"
"Sales",109140,"Ressouche","Sachar"
"Sales",78722,"Kropp","Supot"
"Sales",410896,"Chaudhuri","Sergi"
"Sales",108874,"Penn","Pohua"
"Sales",108850,"Honiden","Soenke"
"Sales",108842,"Heijenga","Giordano"
"Sales",78842,"Schapire","Toshiko"
"Sales",108341,"Montemayor","Stevo"
"Sales",78868,"Raoux","Nahla"
"Sales",108075,"Nittel","Geraldo"
"Sales",107981,"Mattern","Elvis"
"Sales",78997,"Coullard","Chuanti"
"Sales",107976,"Hashii","Valeska"
"Sales",107975,"Staudhammer","Goncalo"
"Sales",107967,"Chepyzhov","Miomir"
"Sales",107750,"Staelin","Izaskun"
"Sales",79070,"Auria","DeForest"
"Sales",79073,"Bhattacharjee","Almudena"
"Sales",107740,"Lukaszewicz","Gio"
"Sales",107619,"Sambasivam","Nigel"
"Sales",107617,"Gruenwald","Alain"
"Sales",107591,"Luit","Elvis"
"Sales",107399,"Ramamoorthy","Yuqun"
"Sales",107317,"Thummel","Szabolcs"
"Sales",107293,"Ballarin","Haldon"
"Sales",107231,"Randt","Hairong"
"Sales",107207,"Gammage","Danil"
"Sales",79166,"Flanders","Morris"
"Sales",107140,"Diderrich","Ortrud"
"Sales",107102,"Neiman","Mabo"
"Sales",107099,"Cannata","Maren"
"Sales",107059,"Oppitz","Tomokazu"
"Sales",107019,"Majewski","Noritoshi"
"Sales",107016,"Giarratana","Shaowei"
"Sales",79246,"Schwartzburd","Aloke"
"Sales",79248,"Melton","Sergi"
"Sales",79257,"Milicic","Herbert"
"Sales",79263,"Whitcomb","Adamantios"
"Sales",79273,"Szmurlo","Emran"
"Sales",79287,"Bennis","Chriss"
"Sales",106877,"Hemaspaandra","Temple"
"Sales",106870,"Birsak","Jackson"
"Sales",106803,"Ranum","Mack"
"Sales",106762,"Erol","Shaibal"
"Sales",106358,"Benaini","Fayez"
"Sales",296793,"Shackell","Sugwoo"
"Sales",106356,"Raney","Phillip"
"Sales",248100,"Eiter","Padma"
"Sales",79459,"Setia","Slavian"
"Sales",106281,"Conia","Abdelghani"
"Sales",106270,"Kalefeld","Mantis"
"Sales",106255,"Furedi","Luigi"
"Sales",106250,"Kawashimo","Alain"
"Sales",106187,"Rassart","Kazuyasu"
"Sales",106184,"Schmittgen","Sergi"
"Sales",106159,"Rahimi","Aloke"
"Sales",79543,"Unni","Nobuyoshi"
"Sales",79557,"Awdeh","Henk"
"Sales",106144,"Stifter","Roded"
"Sales",106103,"Solovay","Jahangir"
"Sales",79598,"Hagimont","Pranav"
"Sales",79600,"Syang","Ibibia"
"Sales",105800,"Baig","Golgen"
"Sales",105510,"Beilner","Aris"
"Sales",79627,"Lundstrom","Kristen"
"Sales",79645,"Marshall","Heping"
"Sales",105483,"Uhrig","Rosita"
"Sales",79652,"Vendrig","Guoxiang"
"Sales",79667,"Jiang","Nikolaus"
"Sales",105431,"Gente","Akeno"
"Sales",410863,"Braunmuhl","Miomir"
"Sales",79684,"Janocha","JiYoung"
"Sales",105420,"Piancastelli","Petter"
"Sales",105398,"Kleiser","Vishu"
"Sales",79722,"Remmers","Make"
"Sales",79733,"DeMori","Lobel"
"Sales",105298,"Improta","Xiaoshan"
"Sales",105283,"Ruemmler","Seongbin"
"Sales",105073,"Pietracaprina","Miyeon"
"Sales",105044,"Pouyioutas","Hairong"
"Sales",79815,"Kobara","Duke"
"Sales",105038,"Honiden","Anestis"
"Sales",104974,"Nergos","Danel"
"Sales",79834,"Wuwongse","Guiseppe"
"Sales",104917,"Merlo","Kien"
"Sales",79868,"Rosen","Moti"
"Sales",104664,"Vandervoorde","Licheng"
"Sales",104212,"Driscoll","Bedrich"
"Sales",104159,"Toyoshima","Chenyi"
"Sales",79927,"Bazzichi","Satyanarayana"
"Sales",103621,"Vidya","Yuqun"
"Sales",103585,"Dusink","Juichirou"
"Sales",103156,"Schiper","Yahiko"
"Sales",103095,"Fortenbacher","Shuzo"
"Sales",103087,"Miculan","Ayakannu"
"Sales",102727,"Raczkowsky","Kiyomitsu"
"Sales",102686,"Parhami","Josyula"
"Sales",102624,"Docker","Irena"
"Sales",80111,"Condotta","Sushant"
"Sales",102078,"Vural","Sungwon"
"Sales",101647,"Homond","Mori"
"Sales",80155,"Uhrik","Susumu"
"Sales",80158,"Lamma","Nalini"
"Sales",101595,"Krybus","Paraskevi"
"Sales",80177,"Karner","Suvo"
"Sales",101562,"Akaboshi","Eben"
"Sales",101382,"Bolotov","Jaewon"
"Sales",410854,"Schnabel","Uri"
"Sales",101378,"Monkewich","Reinhold"
"Sales",80293,"Puoti","Candida"
"Sales",101362,"Maierhofer","Saddek"
"Sales",80296,"Baez","Duro"
"Sales",101333,"Braunschweig","Along"
"Sales",80352,"Melton","Arunachalam"
"Sales",80377,"Coney","Erzsebet"
"Sales",410777,"Brodie","Uli"
"Sales",101227,"Larfeldt","Kristin"
"Sales",100810,"Orlowski","Oksana"
"Sales",100801,"Kropf","Masali"
"Sales",80400,"Khalid","Lijia"
"Sales",80404,"Vakili","Heon"
"Sales",100378,"Eickenmeyer","Jiakeng"
"Sales",100347,"Gajiwala","Otmar"
"Sales",100317,"Lorys","Xiaopeng"
"Sales",80437,"Peroz","Irena"
"Sales",100042,"Turnbull","Raimond"
"Sales",100016,"Schnabel","Yishai"
"Sales",80501,"Gluchowski","Haldun"
"Sales",99966,"Ferretti","Masali"
"Sales",99962,"Ranft","Masako"
"Sales",248301,"Etalle","Gaetan"
"Sales",80554,"Lortz","Janalee"
"Sales",99953,"Khamsi","Giao"
"Sales",80627,"Hofstetter","Jinpo"
"Sales",99900,"Lorin","Gill"
"Sales",99797,"Schlumberger","Otilia"
"Sales",99759,"Fadgyas","Stella"
"Sales",99738,"Sidhu","Aria"
"Sales",80731,"Eldridge","Shaowen"
"Sales",99726,"Lupu","Duangkaew"
"Sales",80741,"Salvesen","Hironoby"
"Sales",99714,"Azevdeo","Leah"
"Sales",99706,"Gils","Tomokazu"
"Sales",410775,"Thebaut","Luerbio"
"Sales",99691,"Papadias","Masasuke"
"Sales",99684,"Broder","Mingzeng"
"Sales",99662,"Prochazka","Oksana"
"Sales",99602,"Pellegrinelli","Saeko"
"Sales",99370,"Kilgore","Xinglin"
"Sales",80965,"Ghazalie","Sampalli"
"Sales",81019,"Haddadi","Halsur"
"Sales",81095,"Meszaros","Zhaofang"
"Sales",81121,"Heyers","Valdiodio"
"Sales",81127,"Seiwald","Chuanyi"
"Sales",81143,"Vural","DAIDA"
"Sales",98697,"Harbusch","JiYoung"
"Sales",410723,"Thimonier","Elgin"
"Sales",409855,"Porenta","Angus"
"Sales",81186,"Improta","Marla"
"Sales",98670,"Gadepally","Kiyotoshi"
"Sales",81196,"Hofstetter","Sigeru"
"Sales",81201,"Knightly","Werner"
"Sales",98569,"Ravishankar","Insup"
"Sales",98542,"Lipner","Xiahua"
"Sales",81231,"Suomi","Piyush"
"Sales",98485,"Homond","Chiradeep"
"Sales",81251,"Piazza","Yaghout"
"Sales",98473,"Parfitt","Florian"
"Sales",98413,"Tagansky","Jianhua"
"Sales",98199,"Felcyn","Sadun"
"Sales",248326,"Mitchem","Douadi"
"Sales",98183,"Besselaar","Masami"
"Sales",98169,"Luft","Bedrich"
"Sales",98155,"Juneja","Ioana"
"Sales",98144,"Avouris","Tesuya"
"Sales",81357,"Keirsey","Jeanna"
"Sales",98102,"Klassen","Mingdong"
"Sales",98087,"Manders","Zhenhua"
"Sales",81420,"Docker","Arup"
"Sales",97870,"Socorro","Leah"
"Sales",97848,"Unni","Takanari"
"Sales",81439,"Lorys","Giri"
"Sales",409811,"Papadias","Kristof"
"Sales",97839,"Foong","Kristinn"
"Sales",97817,"Onuegbe","Thodoros"
"Sales",81496,"Ashish","Anyuan"
"Sales",409747,"Boreale","Steen"
"Sales",97513,"Lanzelotte","Kazunori"
"Sales",97508,"Garnier","Pantung"
"Sales",409715,"Papastamatiou","Yonghoan"
"Sales",97492,"Schnabel","Dante"
"Sales",81659,"Pramanik","Naftaly"
"Sales",97466,"Marwedel","Valdiodio"
"Sales",409039,"Smeets","Sergi"
"Sales",97382,"Stavenow","Shridhar"
"Sales",81743,"Erdi","Kensyu"
"Sales",81770,"Ranum","Debaprosad"
"Sales",81773,"Castellani","Nalini"
"Sales",81778,"Dratva","Tsz"
"Sales",97305,"Schnabel","Muneo"
"Sales",97271,"Comte","Avishai"
"Sales",81796,"Swab","Jeong"
"Sales",97037,"Janocha","Seshu"
"Sales",96989,"Shobatake","Youpyo"
"Sales",81862,"Maquelin","Toney"
"Sales",96943,"Mullainathan","Manohar"
"Sales",96907,"Hiraishi","Masamitsu"
"Sales",408964,"Gopalakrishnan","Piyawadee"
"Sales",81935,"Glowinski","Weiyi"
"Sales",81944,"Valtorta","Matk"
"Sales",81945,"Orlowska","Breannda"
"Sales",96658,"Pouyioutas","Khedija"
"Sales",81959,"Schade","Otmar"
"Sales",81982,"Cummings","Ioana"
"Sales",96640,"Fasbender","Jianhao"
"Sales",96594,"Bugrara","Gopalakrishnan"
"Sales",82029,"Snedden","Roded"
"Sales",96540,"Menhardt","Nikolaos"
"Sales",82033,"Zyda","Kellyn"
"Sales",96352,"McFarlan","Debatosh"
"Sales",96314,"Birjandi","Anneke"
"Sales",96271,"Rubsam","Jaewoo"
"Sales",96211,"Khalid","Ugo"
"Sales",95997,"Mandelberg","Lidong"
"Sales",82077,"Hutter","Ayonca"
"Sales",95975,"Figueira","Mantis"
"Sales",95908,"Harbusch","Bogdan"
"Sales",95658,"Luce","Georgi"
"Sales",95601,"Guting","Vincent"
"Sales",95571,"Yeung","Ekawit"
"Sales",95561,"Gyorkos","Nevio"
"Sales",95310,"Rouquie","Remmert"
"Sales",82209,"Nitsche","Werner"
"Sales",82210,"Schapiro","Phule"
"Sales",95204,"Lammel","Samphel"
"Sales",94680,"Baja","Teruyuki"
"Sales",94647,"Delaune","Jiann"
"Sales",94639,"Ranon","Persi"
"Sales",408896,"Porenta","Kagan"
"Sales",408892,"Rosar","Nitsan"
"Sales",82297,"Pagter","Armond"
"Sales",408709,"Hutter","Yuriy"
"Sales",82309,"Ramsak","Hideyuki"
"Sales",82342,"Delaune","Subhada"
"Sales",82358,"Provine","Shir"
"Sales",94534,"Navazio","Deborah"
"Sales",82392,"Beznosov","Susuma"
"Sales",82393,"Fujisaki","Parke"
"Sales",94319,"Chelton","Yifei"
"Sales",94250,"Falby","Jianhao"
"Sales",94203,"Gargeya","Erez"
"Sales",82436,"Bernatsky","Domenico"
"Sales",408666,"Liesche","Jasminko"
"Sales",248393,"Harllee","Heng"
"Sales",93990,"Roisin","Shiv"
"Sales",93951,"Woycyznski","Leen"
"Sales",82727,"Ratzlaff","Sigeru"
"Sales",82754,"Ranai","Cheong"
"Sales",93931,"Ligten","Kiam"
"Sales",82761,"Underwood","Mabry"
"Sales",82768,"Raney","Yefim"
"Sales",82782,"Weisert","Tesuro"
"Sales",93877,"Ghelli","Foong"
"Sales",93865,"Anily","Dzung"
"Sales",93613,"Gaughan","Mayumi"
"Sales",93576,"Thorensen","Xuedong"
"Sales",83004,"Zockler","Sumant"
"Sales",93539,"Heystek","Stevo"
"Sales",93518,"Rusmann","Oscal"
"Sales",93387,"Laurillard","Fumitaka"
"Sales",93371,"Krychniak","Arumugam"
"Sales",93150,"Papsdorf","Piyush"
"Sales",93138,"Acton","Yaghout"
"Sales",83070,"Whittlesey","Hisao"
"Sales",93057,"Meszaros","Vitaly"
"Sales",93054,"Businaro","Huiqun"
"Sales",93038,"Michaeli","Chenyi"
"Sales",248439,"Luef","Paddy"
"Sales",83102,"Reutenauer","Dmitri"
"Sales",93031,"Kakkar","Supot"
"Sales",92841,"Candan","Claude"
"Sales",92815,"Maraist","Feixiong"
"Sales",83135,"Shigei","Elrique"
"Sales",92810,"Kornatzky","Genevieve"
"Sales",92768,"Bratten","Moss"
"Sales",408638,"Xiaoshan","Rimli"
"Sales",92700,"Ventosa","Valdiodio"
"Sales",92467,"Brattka","Moni"
"Sales",92413,"Schlumberger","Joydip"
"Sales",92384,"Bressoud","Franziska"
"Sales",92361,"Boguraev","Jeong"
"Sales",83397,"Remmers","Kazuhira"
"Sales",83405,"Ratnaker","Arup"
"Sales",91902,"Rusmann","Ziya"
"Sales",91897,"Claffy","Gal"
"Sales",91680,"Passino","Naftali"
"Sales",91602,"Weedman","Jackson"
"Sales",91566,"Rohrbach","Hongzue"
"Sales",91551,"England","Subhrajyoti"
"Sales",91521,"Murthy","Akeel"
"Sales",91512,"Fiebach","Shim"
"Sales",91487,"Gargeya","Serap"
"Sales",408573,"Anick","Vincent"
"Sales",91310,"Kakkad","Gaurav"
"Sales",91237,"Murthy","Chinhyun"
"Sales",91212,"Lamba","Zine"
"Sales",91202,"Zlotek","Yonghong"
"Sales",91110,"Velardi","Ayonca"
"Sales",91091,"Luca","Kwun"
"Sales",91086,"Fioravanti","Jiakeng"
"Sales",91076,"Speel","Lillian"
"Sales",91058,"Litzkow","Weijing"
"Sales",84210,"Serra","Kwangho"
"Sales",84213,"Herath","Snehasis"
"Sales",91011,"Baaleh","Eishiro"
"Sales",90929,"Rattan","Leen"
"Sales",90909,"Mattern","Limsoon"
"Sales",84256,"Cheshire","Denny"
"Sales",84263,"Henseler","Jackson"
"Sales",90890,"Marchesini","Berry"
"Sales",90862,"Billingsley","Masadi"
"Sales",90319,"Peral","Uinam"
"Sales",90265,"Delgrossi","TRUE"
"Sales",90253,"Karlin","Freyja"
"Sales",84312,"Brizzi","Georg"
"Sales",90230,"Baez","Jolita"
"Sales",84550,"Iivonen","Gregory"
"Sales",90219,"Schlenzig","Lene"
"Sales",90217,"Dratva","Chuanti"
"Sales",90212,"Rahimi","JiYoung"
"Sales",89971,"Brender","Toong"
"Sales",89968,"Perz","Wonhee"
"Sales",89959,"Katalagarianos","Valery"
"Sales",89947,"Peroz","Ashish"
"Sales",89931,"Sundgren","Vincent"
"Sales",89860,"Gyorkos","Serap"
"Sales",89857,"Remmele","Hidde"
"Sales",89776,"Remmers","Seongbae"
"Sales",84629,"Kaltofen","Heon"
"Sales",84833,"Openshaw","Ebru"
"Sales",84876,"Heuter","Suzette"
"Sales",84885,"Ambroszkiewicz","Gaetan"
"Sales",89667,"Wilharm","Phule"
"Sales",89645,"Kadhim","Joydip"
"Sales",84911,"Birdsall","Moheb"
"Sales",89642,"Begiun","Armond"
"Sales",248808,"Valiente","Tran"
"Sales",84965,"Magliocco","Sudharsan"
"Sales",89518,"Kusakari","Yuuichi"
"Sales",89325,"Kinley","Jessie"
"Sales",85333,"Suomi","Radhika"
"Sales",89066,"Bamford","Mads"
"Sales",85399,"Gomatam","Fei"
"Sales",85400,"Dalton","Manibrata"
"Sales",88817,"Undy","Hitofumi"
"Sales",248812,"Champarnaud","Mahmut"
"Sales",88776,"Kaiser","Bedir"
"Sales",88754,"Thorensen","Garnet"
"Sales",85677,"Jervis","Kristina"
"Sales",88667,"Jayawardene","Odysseas"
"Sales",408544,"Cardazo","Trygve"
"Sales",88625,"Marzano","Ingmar"
"Sales",88592,"Masada","Jiong"
"Sales",88547,"Sadowski","Mihalis"
"Sales",85731,"Baba","Weiwu"
"Sales",88408,"Skrikant","Rasiah"
"Sales",407034,"Baak","Mostafa"
"Sales",88297,"Bharadwaj","Nidapan"
"Sales",88258,"Birsak","Mototsugu"
"Sales",88222,"Geffroy","Karsten"
"Sales",88199,"Talmon","Baruch"
"Sales",86000,"Nitsch","Mohua"
"Sales",88185,"Mahnke","JiYoung"
"Sales",87998,"Gruenwald","Yunming"
"Sales",86088,"Ballarin","Feiyu"
"Sales",87983,"Murtha","Aiichiro"
"Sales",87959,"Gecseg","Douadi"
"Sales",248844,"Leppanen","Remmert"
"Sales",87931,"Selvestrel","Ingmar"
"Sales",87926,"Rodite","Sorina"
"Sales",86154,"Lund","Heon"
"Sales",86525,"Matzen","Tsvetan"
"Sales",86533,"Zykh","Seongbae"
"Sales",87893,"Hagimont","Shridhar"
"Sales",87628,"Alameldin","Sibyl"
"Sales",87603,"Hellwagner","Mostafa"
"Sales",86591,"Remmers","Arch"
"Sales",87535,"Jayawardene","Vidar"
"Sales",87526,"Lanphier","Turgut"
"Sales",86608,"Shigei","Honglan"
"Sales",87522,"Driscoll","Nishit"
"Sales",87473,"Ballarin","Zejun"
"Sales",86645,"Kading","Guther"
"Sales",87414,"Plesums","Fen"
"Sales",86830,"Waleschkowski","Nikolaos"
"Sales",87374,"Maraist","Sampalli"
"Sales",87368,"Matheson","Nevin"
"Sales",87366,"Rubsam","Aria"
"Sales",87360,"Matzov","Makato"
"Sales",86877,"Jiafu","Mingdong"
"Sales",86724,"Tibblin","Shirish"
"Sales",86694,"Spieker","Shounak"
"Sales",86661,"Stassinopoulos","Jiang"
"Sales",86393,"Anily","KayLiang"
"Sales",86383,"Klassen","Akeno"
"Sales",86355,"Radwan","Hongzue"
"Sales",86352,"Gien","Masamitsu"
"Sales",86346,"Ulupinar","Kristina"
"Sales",86262,"Sooriamurthi","Mana"
"Sales",87164,"Montemayor","Georgi"
"Sales",86200,"Thummel","Danel"
"Sales",86194,"Borovoy","Lubomir"
"Sales",85904,"Rosar","Guangming"
"Sales",85884,"Birge","Younwoo"
"Sales",85827,"Schach","Basant"
"Sales",85647,"Waymire","Kristian"
"Sales",85646,"Nittel","Remmert"
"Sales",85626,"Egerstedt","Matt"
"Sales",87234,"Mungall","Boriana"
"Sales",87251,"Molenaar","Theirry"
"Sales",85592,"Kroft","Moto"
"Sales",85503,"Danlos","Duangkaew"
"Sales",87268,"Junot","Susanna"
"Sales",85501,"Iacovou","Kirk"
"Sales",85313,"Luef","Abdelghani"
"Sales",85310,"Harnett","Niteen"
"Sales",406612,"Ruther","Goetz"
"Sales",85307,"Hiyoshi","Anestis"
"Sales",85161,"Karner","Terresa"
"Sales",85106,"Leaver","Constantine"
"Sales",87768,"Solares","Munehiro"
"Sales",87806,"Shokrollahi","Khatoun"
"Sales",85079,"Wossner","Shan"
"Sales",85063,"Bierbaum","Goetz"
"Sales",84774,"Itzigehl","Aram"
"Sales",84717,"Attimonelli","Zhongwei"
"Sales",88040,"Prenel","Franziska"
"Sales",88041,"Braunmuhl","Georgy"
"Sales",84447,"Ossenbruggen","Sachin"
"Sales",406551,"Casley","Thanasis"
"Sales",84435,"Zlotek","Toong"
"Sales",84411,"Chvatal","Sadun"
"Sales",84371,"Asrin","Ranga"
"Sales",84355,"Kavraki","Hyuckchul"
"Sales",84324,"Salinas","Yongmao"
"Sales",88118,"Bolsens","Lena"
"Sales",84052,"Decleir","Mary"
"Sales",88157,"Beilner","Aimee"
"Sales",84019,"Broder","Persi"
"Sales",88855,"Zweizig","Bojan"
"Sales",406354,"Anguita","Halsur"
"Sales",83775,"Iivonen","Toney"
"Sales",83694,"Uhrig","Ottavia"
"Sales",83680,"Antonakopoulos","Jaques"
"Sales",88906,"Riexinger","Pranjal"
"Sales",83672,"Danecki","Mayumi"
"Sales",83665,"Knightly","Horward"
"Sales",83597,"Llado","Sajjan"
"Sales",83523,"Litecky","Shuho"
"Sales",83501,"Lammel","Ferdinand"
"Sales",83494,"Zirintsis","Stafford"
"Sales",83169,"Buescher","Tsz"
"Sales",89480,"Angelov","Palash"
"Sales",89482,"Birrer","Yechezkel"
"Sales",82892,"Matzov","Shawna"
"Sales",82855,"Biron","Aimee"
"Sales",90027,"Maliniak","Tesuro"
"Sales",82631,"Bugrara","Shunichi"
"Sales",82611,"Akiyama","Mabo"
"Sales",90049,"Fetvedt","Weiye"
"Sales",90053,"Stifter","Uzi"
"Sales",82489,"Condotta","Hairong"
"Sales",76447,"Varley","Shakhar"
"Sales",406255,"Kawashimo","Hsiangchu"
"Sales",76321,"Turnbull","Atreye"
"Sales",76307,"Solares","Valeska"
"Sales",90160,"Malabarba","Shaz"
"Sales",76247,"Azuma","Mads"
"Sales",76133,"Munch","Xiping"
"Sales",90362,"Schwartzburd","Tooru"
"Sales",90363,"Lundstrom","Dipankar"
"Sales",76125,"Klerer","Valery"
"Sales",90390,"Kadhim","Marko"
"Sales",90391,"Michaels","Christfried"
"Sales",75946,"Litzkow","Akemi"
"Sales",75919,"Riexinger","Mountaz"
"Sales",75868,"Sadowski","Marko"
"Sales",90428,"Braunschweig","Niranjan"
"Sales",90448,"Malabarba","Zsolt"
"Sales",406251,"Edelhoff","Sajjad"
"Sales",75858,"Lunt","Etsuo"
"Sales",75817,"Biran","Sreekrishna"
"Sales",75794,"Katzenelson","Tomoyuki"
"Sales",75614,"Laurillard","Hsiangchu"
"Sales",90595,"Koshiba","Byong"
"Sales",90597,"Redmiles","Surveyors"
"Sales",75601,"Merel","Teiji"
"Sales",90605,"Bage","Danco"
"Sales",75558,"Pehl","Ulf"
"Sales",75474,"Orsini","Mari"
"Sales",75256,"Nishimukai","Zhiwei"
"Sales",75208,"Georgatos","Kazuhito"
"Sales",75201,"Basagni","Boguslaw"
"Sales",90706,"Flexer","Collette"
"Sales",74876,"Rahimi","Mechthild"
"Sales",74870,"Cochrane","Roselyn"
"Sales",406212,"Lipner","Rimli"
"Sales",90748,"Giveon","Monique"
"Sales",74692,"Krupka","Shaibal"
"Sales",74631,"Schwaller","Taegyun"
"Sales",90806,"Nitta","Hyuckchul"
"Sales",90812,"Thibadeau","Marie"
"Sales",74625,"Matzen","Shugo"
"Sales",74613,"Hiroyama","Sumant"
"Sales",74037,"Dechter","Taizo"
"Sales",73991,"Duclos","Gio"
"Sales",91718,"Gubsky","Yuuichi"
"Sales",73487,"Khamsi","Subbu"
"Sales",91750,"Bolotov","Masanao"
"Sales",73474,"Stiles","Ranan"
"Sales",248925,"Driscoll","Eran"
"Sales",73224,"Schurmann","Ziya"
"Sales",73202,"Pellegrinelli","Goetz"
"Sales",73194,"Castellani","Perry"
"Sales",73166,"Murrill","Toshimi"
"Sales",73144,"Limongiello","Marc"
"Sales",73135,"Brodal","Thanasis"
"Sales",92021,"Brlek","Owen"
"Sales",72707,"Lamparter","Doohun"
"Sales",72674,"Lamparter","Weiru"
"Sales",72669,"Nations","Xuejia"
"Sales",92074,"Randt","Gaetan"
"Sales",72567,"Iivonen","Patricio"
"Sales",72507,"Rossi","Adel"
"Sales",72454,"Valtorta","Anoosh"
"Sales",72441,"Bain","Christoph"
"Sales",92145,"Schueller","Marl"
"Sales",92153,"Versino","Shigeo"
"Sales",72438,"Skogmar","Gudjon"
"Sales",71958,"Siprelle","Faiza"
"Sales",71957,"Zongker","Radhakrishnan"
"Sales",71946,"Kuzuoka","Khalil"
"Sales",71936,"Aamodt","Kish"
"Sales",92247,"Knightly","Mang"
"Sales",71359,"Velasco","Jamaludin"
"Sales",71335,"Rusterholz","Khalil"
"Sales",92278,"Rosenbaum","Foong"
"Sales",71317,"Pouyioutas","Anneli"
"Sales",70731,"Azevdeo","Martijn"
"Sales",70558,"Stavenow","Arie"
"Sales",70538,"Benveniste","Pascal"
"Sales",70515,"Carrere","Wanqing"
"Sales",70494,"Busillo","Aimee"
"Sales",92553,"Zolotykh","Phule"
"Sales",70453,"Jakobus","Henk"
"Sales",70436,"Siepmann","Goa"
"Sales",70435,"Sommen","Shiv"
"Sales",70427,"Swiss","Kwangho"
"Sales",92602,"Shokrollahi","Bojan"
"Sales",406202,"Plotkin","Vitaly"
"Sales",70059,"Tiemann","Valeri"
"Sales",70012,"Giarratana","Jouni"
"Sales",70011,"Oppitz","Suzette"
"Sales",69943,"Bernick","Margareta"
"Sales",69934,"Hiyoshi","Phillip"
"Sales",92871,"Radivojevic","Yannik"
"Sales",92874,"Gronowski","Ortrun"
"Sales",69867,"Rothe","Miyeon"
"Sales",92902,"Walstra","Dmitri"
"Sales",69811,"Talmor","Collette"
"Sales",92918,"Giaccio","Katsuo"
"Sales",92956,"Garigliano","Kristinn"
"Sales",69779,"Murtha","Takanari"
"Sales",69533,"Christ","Kazuhide"
"Sales",92998,"Perz","Kellyn"
"Sales",93001,"Pusterhofer","Kersti"
"Sales",69521,"Woycyznski","Bedir"
"Sales",69514,"Vilarrasa","Angel"
"Sales",69457,"Itzfeldt","Wuxu"
"Sales",69448,"Sidje","Teiji"
"Sales",93202,"Pettey","Barton"
"Sales",69372,"Hasham","Huan"
"Sales",69342,"Emden","Visit"
"Sales",93243,"Wegerle","Nidapan"
"Sales",93255,"Wegerle","Mihalis"
"Sales",93256,"Aingworth","Claudi"
"Sales",93265,"Broomell","Bokyung"
"Sales",69266,"Pfau","Masadi"
"Sales",93275,"Iisaka","Brewster"
"Sales",69258,"Brendel","Mara"
"Sales",93303,"Matzen","Michaela"
"Sales",69080,"Sessa","Jiann"
"Sales",69050,"Anily","Nidapan"
"Sales",405966,"Kushner","Jayesh"
"Sales",93699,"Basawa","Chriss"
"Sales",93703,"Birjandi","Sushant"
"Sales",69023,"Slobodova","Kazuhisa"
"Sales",93722,"Kavraki","Tetsurou"
"Sales",68986,"Cappello","Tadahiro"
"Sales",68955,"Montemayor","Honglan"
"Sales",68915,"Busillo","Oddvar"
"Sales",68854,"Perfilyeva","Souichi"
"Sales",68776,"Bratten","Demos"
"Sales",68767,"Gomatam","Rimli"
"Sales",68725,"Siegrist","Xinyu"
"Sales",68641,"Perly","Florina"
"Sales",68599,"Zucker","Alair"
"Sales",68407,"Peternell","Jahangir"
"Sales",68360,"Hiyoshi","Amalendu"
"Sales",68332,"Teitelbaum","Kristian"
"Sales",68092,"Gulak","Aleksandar"
"Sales",249197,"Theuretzbacher","Lena"
"Sales",94410,"Schieder","Iara"
"Sales",67865,"Valiente","Aria"
"Sales",67862,"Brizzi","Sven"
"Sales",67841,"Baer","Pranay"
"Sales",94434,"Terkki","Shushma"
"Sales",249201,"Kushnir","Jaber"
"Sales",94459,"Unni","Uta"
"Sales",94466,"Nannarelli","Mayuri"
"Sales",67752,"Levergood","Yuchang"
"Sales",67685,"Pettis","Gao"
"Sales",67660,"Pena","Kwangjo"
"Sales",67610,"Kitsuregawa","Ugo"
"Sales",94524,"Rosti","Branimir"
"Sales",67576,"Hertweck","Petter"
"Sales",94702,"Boyle","Lidong"
"Sales",67513,"Fendler","Tetsushi"
"Sales",67497,"Rosay","Marsal"
"Sales",94749,"Schlenzig","Brewster"
"Sales",405925,"Azevdeo","Woody"
"Sales",67430,"Penttonen","Hauke"
"Sales",67197,"Trogemann","Nevin"
"Sales",67161,"Luby","Taisook"
"Sales",67125,"Rindone","Jayson"
"Sales",67118,"Kroft","Hideyuki"
"Sales",67090,"Hofmeyr","Aiichiro"
"Sales",94859,"Vasanthakumar","Stella"
"Sales",94871,"Chenney","Kasidit"
"Sales",94876,"Karlin","Djenana"
"Sales",66729,"Salinas","Alejandro"
"Sales",66718,"Rothenberg","Jianwen"
"Sales",66602,"Luon","Duri"
"Sales",66595,"Flowers","Tooru"
"Sales",66538,"Malinowski","Kokou"
"Sales",66501,"Rande","Udo"
"Sales",66489,"Worfolk","Fumino"
"Sales",66451,"Eugenio","Hitofumi"
"Sales",66431,"Biros","Qunsheng"
"Sales",66052,"Waleschkowski","Toney"
"Sales",66006,"Curless","Paddy"
"Sales",65924,"Schaft","Shigeo"
"Sales",95035,"Trumbly","Yoshinari"
"Sales",65922,"Boudaillier","Zhenbing"
"Sales",405873,"Zaumen","Shaleah"
"Sales",65910,"Kroll","Weicheng"
"Sales",405678,"Marakhovsky","Sumali"
"Sales",65903,"Jakobus","Srinidhi"
"Sales",65864,"Minakawa","Dzung"
"Sales",95127,"Liedekerke","Kristian"
"Sales",65779,"Litecky","Lansing"
"Sales",95187,"Yurov","Satoru"
"Sales",65740,"Kalsbeek","Nagui"
"Sales",65737,"Birdsall","Shiv"
"Sales",95428,"Conde","Shuzo"
"Sales",95435,"Baar","Xiadong"
"Sales",95443,"Kitai","Shigeo"
"Sales",95454,"Lamma","Zissis"
"Sales",65662,"Kirkerud","Temple"
"Sales",65620,"Merkl","Radhia"
"Sales",65587,"Emiris","Nigel"
"Sales",95708,"Kornatzky","Koichi"
"Sales",95709,"Thambidurai","Evgueni"
"Sales",95760,"Hofman","Tetsurou"
"Sales",65215,"Garnham","Joydip"
"Sales",65199,"Spataro","Ipke"
"Sales",95814,"Dulli","Hidefumi"
"Sales",65175,"Coombs","Uma"
"Sales",65135,"Bonifati","Kellyn"
"Sales",65132,"Benantar","Berni"
"Sales",65121,"Hegner","Marsha"
"Sales",65103,"Bael","Mariusz"
"Sales",249261,"Pettis","Gil"
"Sales",249284,"Gopalakrishnan","Bingning"
"Sales",64881,"Stamatiou","Arie"
"Sales",64813,"Schaar","Arup"
"Sales",96039,"Lampe","Stamatina"
"Sales",64799,"Lorcy","Matt"
"Sales",96058,"Chaudhuri","Berni"
"Sales",64781,"Koyama","Flemming"
"Sales",96060,"Ginesta","Geoff"
"Sales",64658,"Rousseau","Aloke"
"Sales",96122,"Onuegbe","Muzhong"
"Sales",64587,"Dehkordi","Oddvar"
"Sales",63819,"Erde","Holgard"
"Sales",405607,"Guardalben","Koldo"
"Sales",63797,"Raney","Lena"
"Sales",63485,"Gaughan","Xiaoqiu"
"Sales",63483,"Bojadziev","Christoper"
"Sales",96190,"Schaar","Zito"
"Sales",63417,"Dredge","Niclas"
"Sales",63115,"Hettesheimer","Yakkov"
"Sales",96427,"Luga","Ipke"
"Sales",63104,"Pleszkun","Shounak"
"Sales",62842,"Alvarado","Ulises"
"Sales",96485,"Pokrovskii","Mariusz"
"Sales",96486,"Orsini","Ulf"
"Sales",96500,"Sadowsky","Chikako"
"Sales",405604,"Dusink","Yannik"
"Sales",62833,"Callaway","Pramod"
"Sales",62778,"Dratva","Hidefumi"
"Sales",62747,"Yeung","Kwok"
"Sales",96525,"Busillo","Ioana"
"Sales",62719,"Stanfel","Odoardo"
"Sales",62709,"Fujisaki","Kersti"
"Sales",62695,"Jenevein","Guangming"
"Sales",96753,"Giveon","Claude"
"Sales",62624,"Noriega","Kinh"
"Sales",96764,"Siochi","Wanqing"
"Sales",96770,"Solovay","Shirish"
"Sales",96852,"Kroll","Jacopo"
"Sales",62334,"Aseltine","Uta"
"Sales",97078,"Ushiama","Remzi"
"Sales",62214,"Strehl","Amabile"
"Sales",62179,"Joslin","Kazunori"
"Sales",97095,"Cannata","Phule"
"Sales",62170,"Frolund","Stamatina"
"Sales",97139,"Takanami","Chinhyun"
"Sales",405584,"Danner","Tomofumi"
"Sales",62052,"Stassinopoulos","Lihong"
"Sales",61901,"Takanami","Thanasis"
"Sales",61891,"Vesel","Nectarios"
"Sales",97566,"Parascandalo","Phule"
"Sales",97569,"Jenevein","Nathan"
"Sales",405542,"Makrucki","Zissis"
"Sales",97617,"Akazan","Mahmut"
"Sales",97651,"Furedi","Clyde"
"Sales",61816,"Rebaine","Aleksandar"
"Sales",61741,"Beeson","Aron"
"Sales",296763,"Brookman","Aran"
"Sales",296709,"Kobuchi","Jianhua"
"Sales",403338,"Naudin","Toney"
"Sales",61697,"Hoppenstand","Miquel"
"Sales",61680,"Templeman","Hauke"
"Sales",61648,"Kemmerer","Amalendu"
"Sales",97996,"Czaja","Garnik"
"Sales",61634,"Panwar","Shigehito"
"Sales",98223,"Avouris","Kristina"
"Sales",61588,"Byoun","Doohun"
"Sales",61528,"Serot","King"
"Sales",61520,"Rindone","Jingling"
"Sales",61493,"Chvatal","Sigeru"
"Sales",61464,"Dengi","Zejun"
"Sales",98322,"Kaiser","Yuping"
"Sales",403316,"Hoogerwoord","Chiradeep"
"Sales",61440,"Potthoff","Susanne"
"Sales",98359,"Benveniste","Pranay"
"Sales",61244,"Peternell","Xiaoqiang"
"Sales",61212,"Stassinopoulos","Berni"
"Sales",61173,"Simmen","Xiping"
"Sales",61148,"Wrigley","Arlette"
"Sales",403270,"Cooman","Waiman"
"Sales",61140,"Serre","TRUE"
"Sales",252291,"Rikino","Eldridge"
"Sales",98939,"Oaver","Genta"
"Sales",98941,"Erbe","Yongdong"
"Sales",61090,"Chaudhuri","Stella"
"Sales",403249,"Kaltofen","Zita"
"Sales",61057,"Stille","Barun"
"Sales",98996,"Kalloufi","Parke"
"Sales",99023,"Kusakabe","Gill"
"Sales",61018,"Zallocco","Marco"
"Sales",99056,"Hertweck","Mads"
"Sales",60964,"Snedden","Koichi"
"Sales",60881,"Nourani","Ugo"
"Sales",249594,"Pramanik","Vatsa"
"Sales",99140,"Cummings","Amstein"
"Sales",60813,"Garnham","Shaowen"
"Sales",60635,"Callaway","Khue"
"Sales",60631,"Marletta","Khue"
"Sales",60611,"Baba","Feixiong"
"Sales",60598,"Sadowski","Izaskun"
"Sales",60589,"Erie","Shuichi"
"Sales",60307,"Langford","Nimmagadda"
"Sales",99532,"Picco","Percy"
"Sales",60253,"Szilard","Hinrich"
"Sales",60036,"Stifter","Tuval"
"Sales",100077,"Ebeling","Chinya"
"Sales",100095,"Kilgore","Mohua"
"Sales",100111,"Kornyak","Mayuri"
"Sales",59876,"Tischendorf","Moriyoshi"
"Sales",59830,"Thiria","Qunsheng"
"Sales",59773,"Lanteri","Arunas"
"Sales",100166,"Peek","Shichao"
"Sales",100178,"Broomell","Haldun"
"Sales",403198,"Basagni","Rajmohan"
"Sales",59653,"Marrakchi","Ramzi"
"Sales",403190,"Constantine","Leen"
"Sales",59632,"Manders","Hausi"
"Sales",403152,"Rosin","Moheb"
"Sales",59611,"Fraisse","Wanqing"
"Sales",296691,"Welham","Yuping"
"Sales",403113,"Papsdorf","Shawna"
"Sales",59499,"Furedi","Lijie"
"Sales",100486,"Maksimenko","Radhakrishnan"
"Sales",100487,"Yeung","Tran"
"Sales",59498,"Calkin","Zhensheng"
"Sales",59467,"Verspoor","Juichirou"
"Sales",59464,"Koyama","Selwyn"
"Sales",59457,"Raoux","Gopalakrishnan"
"Sales",59455,"Constantine","Gennady"
"Sales",100521,"Bernardinello","Constantijn"
"Sales",403112,"Laventhal","Toshimitsu"
"Sales",59382,"Ducloy","Gal"
"Sales",59190,"Lukaszewicz","Dmitri"
"Sales",59114,"Vieri","Xumin"
"Sales",59091,"Remmele","Boriana"
"Sales",59040,"Vecchio","Hatsukazu"
"Sales",58865,"Ranka","Xinglin"
"Sales",58785,"Welham","Leif"
"Sales",403079,"Haraldson","Kwangho"
"Sales",58761,"Brookner","Ekawit"
"Sales",58512,"Msuda","Odysseas"
"Sales",100891,"Snedden","Nahum"
"Sales",403062,"Kakkar","Sumant"
"Sales",100952,"Terekhov","Tzvetan"
"Sales",58509,"Laurillard","Anneli"
"Sales",58462,"Paciorek","Ronnie"
"Sales",100965,"Bultermann","Lucian"
"Sales",58458,"Koshiba","Turgut"
"Sales",58416,"Plavsic","Zeydy"
"Sales",403038,"Facello","Mitsuyuki"
"Sales",58343,"Vidal","Moto"
"Sales",403003,"Ramaiah","Filipp"
"Sales",58330,"Huxford","Rildo"
"Sales",58323,"Azadmanesh","Dhritiman"
"Sales",101114,"Leuchs","Jinpo"
"Sales",101128,"Veccia","Sedat"
"Sales",101133,"Heuter","Val"
"Sales",58291,"Matheson","Shaowei"
"Sales",58274,"Ligten","Chirstian"
"Sales",58205,"Adachi","Yuchang"
"Sales",58199,"Karnin","Yechiam"
"Sales",58173,"England","Zhanqiu"
"Sales",58129,"Schnabel","Chuanyi"
"Sales",58121,"Bugaenko","Yuqun"
"Sales",58090,"Spelt","Dmitri"
"Sales",249686,"Halloran","Maren"
"Sales",57840,"Jullig","Panayotis"
"Sales",101410,"Luce","Kensei"
"Sales",57832,"Herber","Niranjan"
"Sales",57702,"Rothe","Shaowen"
"Sales",57629,"Vendrig","Gretta"
"Sales",57611,"Bojadziev","Arun"
"Sales",101525,"Chaudhuri","Manibrata"
"Sales",57593,"Asrin","Charlene"
"Sales",57577,"Holburn","Piyush"
"Sales",101555,"Erez","Lihong"
"Sales",57567,"Pettit","George"
"Sales",402920,"Bernardinello","Peternela"
"Sales",57554,"Anandan","Moie"
"Sales",57552,"Gargeya","Pranav"
"Sales",57550,"Gihr","Zongyan"
"Sales",57542,"Lichtner","Gift"
"Sales",57338,"Rouquie","Mostafa"
"Sales",57303,"Oskamp","Kiyotoshi"
"Sales",57262,"Yavatkar","Steve"
"Sales",101822,"Peternell","Augustine"
"Sales",101843,"Cannard","Bedrich"
"Sales",57018,"Ossenbruggen","Weiyi"
"Sales",101875,"Tsunoo","Karoline"
"Sales",56950,"Edelhoff","Saeed"
"Sales",56943,"Mapelli","Kendra"
"Sales",56890,"Rajaraman","Zvonko"
"Sales",101941,"Litzkow","Oscal"
"Sales",56686,"Wallrath","Mostafa"
"Sales",56673,"Bahi","Bokyung"
"Sales",56602,"Ananiadou","Mack"
"Sales",56599,"Hooghiemstra","Hugh"
"Sales",56576,"Rodiger","Rimli"
"Sales",101990,"Wursthorn","Mang"
"Sales",56570,"Dredge","Kazuhiko"
"Sales",56224,"Solares","Jasminko"
"Sales",55965,"Mitzlaff","Basim"
"Sales",55898,"Talmor","Heather"
"Sales",402918,"Denos","Behnaam"
"Sales",55865,"Bach","Kensei"
"Sales",55675,"Molenkamp","Rimli"
"Sales",102256,"Pettis","Djelloul"
"Sales",102271,"Maliniak","Utz"
"Sales",402869,"Garigliano","Aruna"
"Sales",55643,"Harllee","Martins"
"Sales",102340,"Pargas","Takahira"
"Sales",55631,"Garrabrants","Arunachalam"
"Sales",55618,"Heering","Terresa"
"Sales",102405,"Danlos","Kagan"
"Sales",55617,"Bage","Sanjeeva"
"Sales",102435,"Yavatkar","Garnik"
"Sales",55595,"Vidya","Otmar"
"Sales",55537,"Begiun","Vitaly"
"Sales",102455,"Menhardt","Urs"
"Sales",55511,"Marshall","Bernt"
"Sales",55424,"Dayang","Mori"
"Sales",102510,"Perelgut","Jayson"
"Sales",55370,"Prenel","Ebbe"
"Sales",55368,"Heinisuo","Rosine"
"Sales",55355,"Thorelli","Sreenivas"
"Sales",55187,"Kambil","Margareta"
"Sales",55168,"Carrera","Rimli"
"Sales",102763,"Benzaken","Bernd"
"Sales",55088,"Businaro","Heng"
"Sales",102772,"Yurov","JoAnne"
"Sales",402810,"Fiebach","Bangqing"
"Sales",55085,"Dratva","Dekang"
"Sales",55084,"Erev","Hyuncheol"
"Sales",55056,"Erez","Lein"
"Sales",102824,"Lally","Amalendu"
"Sales",54848,"Chappelet","Fay"
"Sales",102874,"Middleton","Leon"
"Sales",102876,"Diderrich","Zejun"
"Sales",102884,"Valette","Dinkar"
"Sales",54811,"Vasanthakumar","Munenori"
"Sales",54498,"Waschkowski","Fun"
"Sales",102965,"Engelmann","Gilbert"
"Sales",54461,"Masaki","Satoru"
"Sales",103007,"Openshaw","Zhiguo"
"Sales",54449,"Gien","Duri"
"Sales",54420,"Rajcani","Youngkon"
"Sales",54406,"Stavenow","Hirochika"
"Sales",103037,"Malabarba","Gro"
"Sales",103039,"Camarinopoulos","Premsyl"
"Sales",54359,"Melski","Charmane"
"Sales",54149,"Pietracaprina","Arumugam"
"Sales",54148,"Apsitis","Alain"
"Sales",54092,"Brendel","Steve"
"Sales",53810,"Vadhan","Martien"
"Sales",53773,"Hambrick","Shigehiro"
"Sales",103375,"Fioravanti","Khue"
"Sales",53742,"Narahara","Chinya"
"Sales",249739,"Salinas","Janalee"
"Sales",53694,"Riefers","Jeanne"
"Sales",296428,"Simmen","Charmane"
"Sales",53663,"Segond","Mamdouh"
"Sales",53633,"Heinisuo","Masadi"
"Sales",53582,"Bauknecht","Bilhanan"
"Sales",53568,"Buescher","Shuky"
"Sales",103492,"Suppi","Mori"
"Sales",53553,"Luby","Jiann"
"Sales",53552,"Berztiss","Thodoros"
"Sales",53537,"Nooteboom","Shugo"
"Sales",103514,"Schmezko","Marsha"
"Sales",53520,"Asrin","Vitali"
"Sales",53333,"Luon","Mingsen"
"Sales",53289,"Matzat","Mohammed"
"Sales",53285,"Anily","Pantung"
"Sales",53239,"Osgood","Arunas"
"Sales",53218,"Francisci","Mari"
"Sales",103744,"Rissanen","Remmert"
"Sales",52972,"Kirkerud","Luerbio"
"Sales",52885,"Navazio","Oguz"
"Sales",52334,"Cronin","Suzette"
"Sales",103799,"Michaeli","Takanari"
"Sales",103803,"Bolsens","Temple"
"Sales",103804,"DeMori","Pranay"
"Sales",52254,"Nations","Yuguang"
"Sales",103808,"Chachaty","Mircea"
"Sales",52236,"Tchuente","Nishit"
"Sales",103827,"Staudhammer","Shen"
"Sales",249759,"Pusterhofer","Raimond"
"Sales",51966,"Luiz","Adil"
"Sales",51910,"Chenoweth","Rosli"
"Sales",51858,"Melter","Xiahua"
"Sales",51612,"Jahnichen","Heon"
"Sales",51605,"Nannarelli","Martijn"
"Sales",103919,"Verhaegen","Chikara"
"Sales",51552,"Markovitch","Mariusz"
"Sales",51542,"Marciano","Froduald"
"Sales",103955,"Taubman","Bikash"
"Sales",51430,"Mellouli","Kazuhira"
"Sales",51357,"Rissanen","Valter"
"Sales",104019,"Rissanen","Fumiko"
"Sales",104035,"Chandrasekhar","Sivanarayana"
"Sales",51079,"Denos","Frazer"
"Sales",51071,"Schade","Goetz"
"Sales",51047,"Matteis","Seshu"
"Sales",104247,"Kuszyk","Xinyu"
"Sales",50724,"Strehl","Anneli"
"Sales",50711,"Krybus","Matk"
"Sales",50680,"Lienhardt","Vasilii"
"Sales",402755,"Lunn","Nikolaus"
"Sales",104359,"Beetstra","Howell"
"Sales",50409,"Ranft","Fox"
"Sales",50372,"Majewski","Masamitsu"
"Sales",50135,"Hebert","Clyde"
"Sales",50063,"Trogemann","Aemilian"
"Sales",104404,"Usery","Yoshinari"
"Sales",49998,"Piancastelli","Shaz"
"Sales",49822,"Luiz","Adamantios"
"Sales",104433,"Peot","Mari"
"Sales",104442,"Bratsberg","Itzchak"
"Sales",104450,"Zeleznik","Guther"
"Sales",104454,"Tsukuda","Sachin"
"Sales",49804,"Cappelli","Mountaz"
"Sales",49737,"Honiden","Irena"
"Sales",49705,"Rousseau","Jaideep"
"Sales",49671,"Terlouw","Mohamadou"
"Sales",49670,"Pillow","Jaihie"
"Sales",49582,"Farris","Hausi"
"Sales",49503,"Narwekar","Gift"
"Sales",49315,"Gihr","Debaprosad"
"Sales",104573,"Cronau","Suebskul"
"Sales",49241,"Einsfeld","Tsz"
"Sales",49209,"Kossowski","Edwin"
"Sales",104776,"Genin","Geoff"
"Sales",48943,"Atchley","Arno"
"Sales",48913,"Facello","Danny"
"Sales",104883,"Birke","Shaw"
"Sales",48862,"Farrag","Kersti"
"Sales",48838,"Meszaros","Gay"
"Sales",104904,"Valtorta","Ugo"
"Sales",105079,"Janocha","Shimshon"
"Sales",48826,"Fujisaki","Diederik"
"Sales",48647,"Bergere","Khatoun"
"Sales",105128,"Jarecki","Susanne"
"Sales",48549,"Broomell","Ferdinand"
"Sales",48507,"Luiz","Oscal"
"Sales",402738,"Baaz","Wanqing"
"Sales",48493,"Molenaar","Toshimi"
"Sales",105603,"Sommer","Masoud"
"Sales",47925,"Kamble","Angel"
"Sales",105641,"Soicher","Etsuo"
"Sales",47916,"Azulay","Kamran"
"Sales",402693,"Hmelo","Laurentiu"
"Sales",47876,"Orlowska","Shigeaki"
"Sales",105715,"Roccetti","Xianlong"
"Sales",47503,"Litecky","Irena"
"Sales",105727,"Chinin","Karoline"
"Sales",47427,"Gerteisen","Divier"
"Sales",47341,"Domenig","Jeanna"
"Sales",47319,"Chartres","Tuval"
"Sales",105936,"Thibadeau","Vidar"
"Sales",47053,"Fabrizio","Yonghong"
"Sales",105964,"Rouquie","Baziley"
"Sales",47010,"Nannarelli","Goh"
"Sales",47004,"Melichar","Mabhin"
"Sales",46797,"Lamparter","Shin"
"Sales",106011,"Takanami","Youpyo"
"Sales",46755,"Frezza","Jenwei"
"Sales",46689,"Schurmann","Weiyi"
"Sales",46680,"Fairtlough","Phuoc"
"Sales",46468,"Onuegbe","Navid"
"Sales",402515,"Compeau","Stafford"
"Sales",106069,"Genin","Emran"
"Sales",106428,"Hasenauer","Subhankar"
"Sales",46432,"Ermel","Manibrata"
"Sales",46401,"Baby","Janalee"
"Sales",46388,"Pluym","Valery"
"Sales",46351,"Speckmann","Becky"
"Sales",106464,"Vakili","Heejo"
"Sales",46325,"Calkin","Filipp"
"Sales",46148,"Zallocco","Roddy"
"Sales",46117,"Karunanithi","Constantino"
"Sales",46115,"Thimonier","Xiadong"
"Sales",46109,"Kragelund","Kiyotoshi"
"Sales",46059,"DuCasse","Susumu"
"Sales",46021,"Barriga","Ziya"
"Sales",45806,"Horswill","Heeju"
"Sales",106559,"Ghalwash","Cristinel"
"Sales",45744,"Bahi","Zhensheng"
"Sales",45733,"Melski","Cathie"
"Sales",106598,"Remmers","Chaitali"
"Sales",45711,"Schmezko","Yinghua"
"Sales",45698,"Melichar","Sanjoy"
"Sales",45649,"Peltason","Dinkar"
"Sales",106657,"Mandell","Goa"
"Sales",45103,"Gente","Shir"
"Sales",106681,"Ghandeharizadeh","Kwangjo"
"Sales",106686,"Pulkowski","Phillip"
"Sales",45096,"Luce","Yolla"
"Sales",45076,"Gerlach","Kensyu"
"Sales",45075,"Denis","Wilmer"
"Sales",402453,"Pezzoli","Souichi"
"Sales",45064,"Baar","Rutger"
"Sales",45036,"Heijenga","Dmitri"
"Sales",402420,"Delgrange","Boalin"
"Sales",107455,"Denny","Amstein"
"Sales",44788,"Birdsall","Shahaf"
"Sales",44780,"Goodrum","Miyeon"
"Sales",107500,"Masada","Karoline"
"Sales",44775,"Cooman","Abdelwaheb"
"Sales",107508,"Mapelli","Rajmohan"
"Sales",107517,"Nannarelli","Haldon"
"Sales",43603,"Garigliano","Sadun"
"Sales",107527,"Ranka","Freyja"
"Sales",107539,"Eldridge","Shahab"
"Sales",43599,"Kornyak","Sashi"
"Sales",43559,"Levasseur","Shuji"
"Sales",43516,"Giaccio","Marc"
"Sales",107554,"Conry","Zvonko"
"Sales",43506,"Piazza","Parviz"
"Sales",107755,"Kitai","Yagil"
"Sales",43473,"Lanteri","Itzchak"
"Sales",43129,"Keohane","Munir"
"Sales",43089,"Ferriere","Pantung"
"Sales",107821,"Murtagh","Ewing"
"Sales",107822,"Kroll","Hatem"
"Sales",107827,"Perez","Vishu"
"Sales",107828,"Walston","Ramya"
"Sales",42977,"Schaar","Mountaz"
"Sales",42793,"Siksek","Tetsushi"
"Sales",42779,"Bain","Rosita"
"Sales",107911,"Jervis","Yagil"
"Sales",107912,"Yemenis","Yonghong"
"Sales",42703,"Schrift","Zissis"
"Sales",42691,"Piveteau","Yongdong"
"Sales",42674,"Limongiello","Chaoyi"
"Sales",108122,"Terkki","Moti"
"Sales",42641,"Czap","Otmar"
"Sales",108151,"Leslie","Shakhar"
"Sales",108153,"Puppo","Lene"
"Sales",108180,"Grospietsch","Eberhardt"
"Sales",108185,"Schaar","Uri"
"Sales",42096,"Ranst","Zongyan"
"Sales",108211,"Reghbati","Gian"
"Sales",108215,"Mukaidono","Temple"
"Sales",41998,"Brodie","Vishwani"
"Sales",108217,"Munoz","Mohan"
"Sales",41995,"Ermel","King"
"Sales",108228,"Harllee","Nikolaus"
"Sales",108233,"Wilfing","Gladys"
"Sales",41258,"Hutton","Shaw"
"Sales",108445,"Isard","Gretta"
"Sales",108451,"Bahl","Ayakannu"
"Sales",41169,"Ghazalie","Torsten"
"Sales",41127,"Kilgour","Frederique"
"Sales",296416,"Markovitch","Demin"
"Sales",402293,"Duclos","Pragnesh"
"Sales",40760,"Yetto","Munehiro"
"Sales",40759,"Cannard","Xiahua"
"Sales",40748,"Mundy","Paloma"
"Sales",40746,"Jumpertz","Kotesh"
"Sales",252551,"Socorro","Erzsebet"
"Sales",40727,"Ishibashi","Hisao"
"Sales",108564,"Brookner","Hsiangchu"
"Sales",40689,"Leppanen","Ortrun"
"Sales",108573,"Swan","Boutros"
"Sales",40667,"Kaiserswerth","Chenye"
"Sales",108608,"Lorch","Taiji"
"Sales",40451,"Hettesheimer","Percy"
"Sales",40413,"Serna","Shaw"
"Sales",40352,"Felder","Mack"
"Sales",40343,"Vilarrasa","Chandrasekaran"
"Sales",401960,"Silva","Kazuhiro"
"Sales",250058,"Llado","Pranjal"
"Sales",40083,"Kusakari","Hilary"
"Sales",108681,"Rosen","Gretta"
"Sales",40062,"Nollmann","Divier"
"Sales",108731,"Zongker","Kazuhide"
"Sales",39998,"Monarch","Nimmagadda"
"Sales",401956,"Meszaros","Perry"
"Sales",39777,"Pusterhofer","Shuho"
"Sales",39653,"Wilfing","Boalin"
"Sales",39627,"Cooley","Zhaofang"
"Sales",109061,"Gulak","Chaosheng"
"Sales",401955,"Peak","Marie"
"Sales",39437,"Haldar","Goncalo"
"Sales",39360,"Alameldin","Xiaobin"
"Sales",39296,"Attimonelli","Eldridge"
"Sales",39061,"Anick","Oscal"
"Sales",109272,"Navazio","Heping"
"Sales",39031,"Schiettecatte","Yagil"
"Sales",109288,"Peng","Shigehito"
"Sales",39002,"Peek","Wojceich"
"Sales",109318,"Brlek","Gift"
"Sales",109320,"Benveniste","Bedir"
"Sales",38983,"Stille","Sachem"
"Sales",109337,"Koprowski","Yongqiao"
"Sales",38771,"Fontet","Muneo"
"Sales",109360,"Zeidenstein","Arnould"
"Sales",109367,"Rousseau","Filipp"
"Sales",109380,"Luan","Kagan"
"Sales",109412,"Rajala","Lansing"
"Sales",109620,"Cannata","Mani"
"Sales",38648,"Pearson","Leif"
"Sales",401931,"Rabehasaina","Yongmao"
"Sales",38569,"Kropf","Gully"
"Sales",38553,"Bage","Dinkar"
"Sales",38532,"Gomatam","Jaber"
"Sales",38522,"Joslin","Aksel"
"Sales",109749,"Milicia","Denny"
"Sales",38168,"Deverell","Fumiko"
"Sales",38145,"Munos","Nobuyoshi"
"Sales",38117,"Hiraishi","Stevo"
"Sales",37903,"Alencar","Sibyl"
"Sales",37897,"Madeira","Adit"
"Sales",109994,"Takkinen","Guangming"
"Sales",250088,"Baek","Volkmar"
"Sales",37849,"Maginnis","Jayesh"
"Sales",37594,"Tanemo","Hercules"
"Sales",37510,"Chappelet","Sakthirel"
"Sales",37499,"Plump","Kazuhiko"
"Sales",37491,"Bojadziev","Douadi"
"Sales",37488,"Copas","Mary"
"Sales",200063,"Szilard","Sahrah"
"Sales",200099,"Roohalamini","Rafael"
"Sales",200166,"Feldmann","Huan"
"Sales",200171,"Gyorkos","Hilari"
"Sales",37219,"Granlund","Akhilish"
"Sales",200242,"Munke","Xiadong"
"Sales",200259,"Hockney","Ult"
"Sales",37183,"Kilgour","Sachar"
"Sales",37180,"Rebaine","Arup"
"Sales",37146,"Schiper","Yinghua"
"Sales",37129,"Yemenis","Suzette"
"Sales",36926,"Meriste","Lene"
"Sales",401924,"Harbusch","Xiaoheng"
"Sales",36752,"Spieker","Trygve"
"Sales",200584,"Antonisse","Stabislas"
"Sales",200585,"Krohn","Rosita"
"Sales",36687,"Engelmann","Moto"
"Sales",36644,"Tanemo","Lalit"
"Sales",36610,"Furedi","Girolamo"
"Sales",36574,"Bernick","Cheong"
"Sales",36540,"Verspoor","Djenana"
"Sales",36424,"Nooteboom","Morrie"
"Sales",36414,"Kakkar","Duke"
"Sales",36351,"Munch","Tesuya"
"Sales",401916,"Itzigehl","Chinhyun"
"Sales",36333,"Maraist","Masadi"
"Sales",36262,"Homond","Abdelwaheb"
"Sales",36258,"Kampfer","Przemyslawa"
"Sales",36244,"Hoppenstand","Gift"
"Sales",36241,"Bahk","Miomir"
"Sales",252568,"Alblas","Alselm"
"Sales",201186,"Bamford","Suebskul"
"Sales",36225,"Vecchio","Barton"
"Sales",250115,"Muhlberg","Rimon"
"Sales",201267,"Kavraki","Aiichiro"
"Sales",36205,"Falco","Kwangjo"
"Sales",36139,"Papadias","Bikash"
"Sales",36123,"Gajiwala","Sreenivas"
"Sales",36121,"Guerreiro","Mohua"
"Sales",36097,"Buchter","Feixiong"
"Sales",201315,"Sankaranarayanan","Iara"
"Sales",36059,"Dulli","Stamatina"
"Sales",36012,"Pews","Krisda"
"Sales",201376,"Swiss","Shuky"
"Sales",35966,"Kornatzky","Jinxi"
"Sales",201403,"Kandlur","Arno"
"Sales",35712,"Marrakchi","Shuky"
"Sales",35680,"Demizu","Sanjai"
"Sales",35658,"Baig","Lech"
"Sales",35398,"Brodal","Kamakshi"
"Sales",35388,"Merle","Gopalakrishnan"
"Sales",201467,"Domenig","Danny"
"Sales",35345,"Tiemann","Divier"
"Sales",35310,"Zobel","Moon"
"Sales",201516,"Negoita","Beshir"
"Sales",35074,"Maksimenko","Atilio"
"Sales",35005,"Nanard","Akeno"
"Sales",34725,"Pollock","Weijing"
"Sales",34676,"Salvesen","Shigehiro"
"Sales",34674,"Lundstrom","Harjit"
"Sales",201558,"Kleiser","Alexius"
"Sales",34653,"Kobuchi","Magy"
"Sales",401889,"Siksek","Chinya"
"Sales",34621,"Munch","Jasminko"
"Sales",34403,"Gilg","Hilary"
"Sales",34382,"Ravishankar","Kayoko"
"Sales",201699,"Lorie","Aamod"
"Sales",34291,"Wissmann","Sorina"
"Sales",201712,"Winter","Xiaobin"
"Sales",34271,"Alpin","Insup"
"Sales",201732,"Mondadori","Murthy"
"Sales",34241,"Ariola","Remco"
"Sales",34191,"Ranta","Kazunori"
"Sales",34146,"Matteis","Fun"
"Sales",33929,"Crabtree","Nahla"
"Sales",33904,"Bisiani","Haldun"
"Sales",33861,"Neimat","Diederik"
"Sales",202014,"Bernatsky","Mara"
"Sales",33533,"Grabner","Nobuyoshi"
"Sales",33482,"Reinhard","Fun"
"Sales",33481,"Dredge","Tzu"
"Sales",33444,"Staelin","Guiseppe"
"Sales",33440,"Munoz","Eishiro"
"Sales",202278,"Marakhovsky","Szabolcs"
"Sales",33436,"Showalter","Jeane"
"Sales",250132,"Improta","Teiji"
"Sales",202354,"Siochi","Jeong"
"Sales",33192,"Schach","Lansing"
"Sales",33152,"Melter","Shridhar"
"Sales",202419,"Conde","Mona"
"Sales",33128,"Kushnir","Peer"
"Sales",250135,"Tagansky","Genki"
"Sales",202440,"Kobara","Mabo"
"Sales",401858,"Backhouse","Dipankar"
"Sales",33122,"Kalorkoti","Angel"
"Sales",33111,"Talmon","Rutger"
"Sales",32912,"Willoner","Kenroku"
"Sales",32896,"Tiemann","Bikash"
"Sales",32881,"Sanella","Guoxiang"
"Sales",32867,"Lanphier","Huei"
"Sales",32790,"Heuter","Hilari"
"Sales",202572,"Perin","Marit"
"Sales",202764,"Grandbois","Oddvar"
"Sales",32511,"Condotta","Shaw"
"Sales",202801,"Lund","Subhada"
"Sales",32132,"Juneja","Bikash"
"Sales",202861,"Gini","TRUE"
"Sales",32060,"Hambrick","Anneke"
"Sales",32056,"Lieblein","Parviz"
"Sales",202909,"Taubman","Sukumar"
"Sales",32013,"Fendler","Bader"
"Sales",32005,"Spataro","Filipe"
"Sales",203108,"Itzigehl","Kwok"
"Sales",31944,"Bottner","Behnaam"
"Sales",31750,"DuBourdieux","Fabrizio"
"Sales",31728,"Basart","Leni"
"Sales",31408,"Sullins","Huei"
"Sales",31387,"Segond","Kazuyasu"
"Sales",250207,"Rando","Trygve"
"Sales",31374,"Renear","Shirish"
"Sales",31310,"Azulay","Jaideep"
"Sales",31301,"Krichel","Yongmao"
"Sales",203248,"Denna","Mokhtar"
"Sales",31077,"Skrikant","Kellie"
"Sales",31057,"Wixon","Halsur"
"Sales",30740,"Plesums","Zhonghua"
"Sales",30687,"Soicher","Bodh"
"Sales",30682,"Rijckaert","Juichirou"
"Sales",204808,"Salverda","Olivera"
"Sales",30680,"Unni","Larisa"
"Sales",204809,"Atrawala","Yannis"
"Sales",30670,"Zizka","Lillian"
"Sales",30305,"Chappelet","Pramod"
"Sales",30266,"Luders","Yongdong"
"Sales",204855,"Lieblein","Keiichiro"
"Sales",204864,"Ruther","Steen"
"Sales",30019,"Baer","Ashish"
"Sales",204923,"Raney","Subhada"
"Sales",29936,"Koblitz","Laurentiu"
"Sales",29693,"Taubman","Sumant"
"Sales",29690,"Fioravanti","Eran"
"Sales",29686,"Lovengreen","Jiafu"
"Sales",29651,"Knightly","Divier"
"Sales",205390,"McAlpine","Zito"
"Sales",29587,"Kushner","Maren"
"Sales",205407,"England","Charmane"
"Sales",29583,"Waymire","Subhada"
"Sales",205431,"Wursthorn","Tadanori"
"Sales",29366,"Ohori","Domenico"
"Sales",205618,"Zultner","Mona"
"Sales",29306,"Akazan","Perla"
"Sales",29074,"Kawashima","Susanne"
"Sales",28849,"Tsukune","Youpyo"
"Sales",205740,"Ruther","Marko"
"Sales",28790,"Vesel","Ronghao"
"Sales",28757,"Poupard","Branimir"
"Sales",28569,"Larfeldt","Uzi"
"Sales",28549,"McAffer","Vidya"
"Sales",28543,"Grandbois","Aimee"
"Sales",28457,"Haddadi","Arun"
"Sales",28429,"Hempstead","Lillian"
"Sales",28240,"Lorcy","Reuven"
"Sales",28209,"Millington","Gadiel"
"Sales",28204,"Binding","Rasiah"
"Sales",28164,"Fabrizio","Sudharsan"
"Sales",206029,"Debuse","Atilio"
"Sales",206051,"Lowrie","Jeane"
"Sales",206064,"Braunmuhl","Masami"
"Sales",206073,"Nyrup","Tristan"
"Sales",206094,"Linares","Moni"
"Sales",27062,"Glinert","Franziska"
"Sales",26965,"Camurati","Hatsukazu"
"Sales",206281,"Matzat","Adly"
"Sales",26930,"Hennings","Younwoo"
"Sales",26820,"Randi","Jahangir"
"Sales",26800,"Majewski","Theirry"
"Sales",26393,"Delaune","Tomofumi"
"Sales",26305,"Junot","Ortrud"
"Sales",26278,"Trachtenberg","Zorica"
"Sales",26276,"Narlikar","Sigeru"
"Sales",26249,"Peyn","Pascal"
"Sales",26224,"Minakawa","Shrikanth"
"Sales",206427,"Otillio","Nobuyoshi"
"Sales",206430,"Taubenfeld","Jiong"
"Sales",206646,"Quaggetto","Augustine"
"Sales",206656,"Oehlmann","Jeane"
"Sales",26143,"Miyakawa","Rosine"
"Sales",26070,"Mamelak","Tonia"
"Sales",26062,"Ranft","Ingemar"
"Sales",26047,"Glinert","Hironobu"
"Sales",25997,"Boreale","Steen"
"Sales",206942,"Billawala","Tesuro"
"Sales",206977,"Fiutem","Lene"
"Sales",25963,"Fandrianto","Jiakeng"
"Sales",401157,"Sewelson","Zhanqiu"
"Sales",25668,"Eugenio","Navin"
"Sales",25653,"Schaaf","Visit"
"Sales",207015,"Setiz","Alagu"
"Sales",207019,"Takanami","Aamod"
"Sales",25622,"Zirintsis","Berthier"
"Sales",25603,"Desikan","Kwangsub"
"Sales",207093,"Ebeling","Tua"
"Sales",25259,"Merey","Shin"
"Sales",25051,"Schapire","Ioana"
"Sales",25014,"Granlund","Saeed"
"Sales",25001,"Schaap","Maris"
"Sales",207303,"Cromarty","Sedat"
"Sales",24988,"Improta","Martijn"
"Sales",24976,"Vakili","Khun"
"Sales",207352,"Morton","Yannis"
"Sales",24942,"Stasinski","Atilio"
"Sales",24923,"Docker","Domenick"
"Sales",24839,"Brendel","Guadalupe"
"Sales",24812,"Heuter","Saniya"
"Sales",401148,"Marrakchi","Hyuckchul"
"Sales",207409,"Iwayama","Vatsa"
"Sales",207487,"Kabayashi","Aleksander"
"Sales",401145,"Condotta","Ravishankar"
"Sales",24761,"Bierbaum","Goh"
"Sales",207518,"Reinhart","Jeanna"
"Sales",24737,"Ouhyoung","Saeko"
"Sales",24522,"Hopewell","Shunichi"
"Sales",207526,"Angelopoulos","Satoru"
"Sales",207532,"Jeansoulin","Lidong"
"Sales",207533,"Akazan","Faiza"
"Sales",250275,"Kropf","Shaowen"
"Sales",207538,"Deverell","Shuzo"
"Sales",24500,"Falster","Marsja"
"Sales",207573,"Klassen","Shao"
"Sales",401093,"Steenbeek","Vitaly"
"Sales",24422,"Taubman","Anwar"
"Sales",24417,"Stentiford","Yefim"
"Sales",207805,"Siegrist","Mads"
"Sales",24326,"Rodite","Cullen"
"Sales",24319,"Baer","Adel"
"Sales",24297,"Poupard","Gritta"
"Sales",207844,"Adachi","Moheb"
"Sales",24246,"Azulay","Marek"
"Sales",24118,"Monarch","Elliott"
"Sales",207875,"Slaats","Poornachandra"
"Sales",24102,"Thorelli","Elvis"
"Sales",207921,"Sifakis","Jaewoo"
"Sales",24089,"Karner","Zeydy"
"Sales",207935,"Peng","Theirry"
"Sales",208115,"Ritzmann","Huai"
"Sales",400971,"Isaac","Make"
"Sales",24078,"Einsfeld","Sachem"
"Sales",24055,"Staelin","Venkatesan"
"Sales",24049,"Ramaiah","Yurij"
"Sales",24006,"Kulisch","Subir"
"Sales",23972,"Vesna","Zvonko"
"Sales",23956,"Maraist","Jongsuk"
"Sales",208199,"Zykh","Sigeru"
"Sales",208226,"Gerlach","Samphel"
"Sales",23898,"Braccini","Leucio"
"Sales",208273,"Radhakrishnan","Kagan"
"Sales",23877,"Motley","Tesuro"
"Sales",23821,"Schoegge","Chandrasekaran"
"Sales",208459,"Nivat","Lobel"
"Sales",23786,"Zastre","Cullen"
"Sales",208488,"Strooper","Naftaly"
"Sales",208492,"Deverell","Cullen"
"Sales",208503,"Cooke","Jixiang"
"Sales",23767,"Junot","Mohamadou"
"Sales",23760,"Einsfeld","Moie"
"Sales",208534,"Hanratty","Marit"
"Sales",23744,"Solovay","Jingling"
"Sales",208584,"Hettesheimer","Kien"
"Sales",23689,"Chappelet","Tooru"
"Sales",23677,"Sevcikova","Rafael"
"Sales",250338,"Vitiello","Alejandra"
"Sales",23604,"Foote","Chinhyun"
"Sales",208713,"Reeker","Morris"
"Sales",208716,"Servi","Bikash"
"Sales",208734,"Sundgren","Makato"
"Sales",208774,"Weiland","Sastry"
"Sales",208952,"Conry","Almudena"
"Sales",208962,"Willoner","Reinhold"
"Sales",23552,"Pashtan","Yinlin"
"Sales",250357,"Zweizig","Mabhin"
"Sales",23525,"Biran","Nirmal"
"Sales",209003,"Kitai","Maik"
"Sales",23496,"Bale","Shigenori"
"Sales",23406,"Masada","Masadi"
"Sales",23370,"Bodoff","Morris"
"Sales",23319,"Atrawala","Shugo"
"Sales",400924,"Braccini","Rance"
"Sales",23298,"Thummel","Hongzue"
"Sales",209089,"Bolotov","Zengping"
"Sales",209285,"Dredge","Fan"
"Sales",23231,"Puoti","Eishiro"
"Sales",23223,"Loncour","Radoslaw"
"Sales",400915,"Gien","Sigeru"
"Sales",209352,"Wiegley","Dayanand"
"Sales",23146,"Chvatal","Collette"
"Sales",209356,"Jansen","Tesuro"
"Sales",23120,"Vuskovic","Jenwei"
"Sales",23070,"Jeong","Heejo"
"Sales",23063,"Isaak","Marla"
"Sales",22159,"Thorensen","Constantijn"
"Sales",22083,"Prenel","Conor"
"Sales",22069,"Back","Pohua"
"Sales",22052,"Michaeli","Mohd"
"Sales",21866,"Peak","Uri"
"Sales",250392,"Gelosh","Alenka"
"Sales",21822,"Sabnani","Uma"
"Sales",209535,"Chinal","Hirochika"
"Sales",21693,"Schurmann","Palash"
"Sales",21683,"Velasco","Jiang"
"Sales",21601,"Gente","Maya"
"Sales",21568,"Itzfeldt","Leaf"
"Sales",21299,"Navazio","Tamiya"
"Sales",209642,"Randi","Stabislas"
"Sales",209665,"Stentiford","Takanari"
"Sales",21017,"Baer","Tetsurou"
"Sales",20954,"Kolinko","Dipankar"
"Sales",19857,"Boreale","Taisook"
"Sales",209744,"Conta","Steve"
"Sales",209753,"Basagni","Xiaoqiu"
"Sales",19836,"Levasseur","Gladys"
"Sales",19824,"Zykh","Kinh"
"Sales",19509,"Velasco","Shushma"
"Sales",19496,"Thorelli","Mircea"
"Sales",19492,"Hutton","Kwun"
"Sales",19490,"Heuter","Odoardo"
"Sales",209895,"Baca","Herb"
"Sales",209906,"Fadgyas","Joydip"
"Sales",209923,"Percebois","Valter"
"Sales",209942,"Diderrich","Tzvetan"
"Sales",19432,"Kambil","Barton"
"Sales",19420,"Byoun","Howell"
"Sales",209977,"Anily","Doowon"
"Sales",19181,"Stroustrup","Aiman"
"Sales",19153,"Zedlitz","Subbu"
"Sales",210038,"Aloia","Emdad"
"Sales",400828,"Kroll","Fusako"
"Sales",210088,"Kinley","Flemming"
"Sales",18839,"Cichocki","Shaw"
"Sales",18812,"Lueh","Uriel"
"Sales",18809,"Munoz","Laurentiu"
"Sales",18759,"Malabarba","Keung"
"Sales",18463,"Chenney","Inderjeet"
"Sales",18407,"Luit","Marsja"
"Sales",18369,"Backhouse","Pintsang"
"Sales",18363,"Peres","Mamdouh"
"Sales",18224,"Spelt","Kristin"
"Sales",18018,"Schrooten","Sasan"
"Sales",18016,"Kaminger","Somnath"
"Sales",250411,"Sommen","Ranga"
"Sales",17963,"Gecsel","Danil"
"Sales",17945,"Broomell","Jovan"
"Sales",210235,"Katzenelson","Toshimo"
"Sales",17924,"Mitchem","Mikhail"
"Sales",210250,"Merlo","Chenxi"
"Sales",17607,"Kawashima","Ayakannu"
"Sales",210272,"Krichel","Taisook"
"Sales",210331,"Swift","Shin"
"Sales",16856,"Schaad","Yefim"
"Sales",210334,"Sifakis","Mohua"
"Sales",16855,"Berztiss","Sashi"
"Sales",16853,"Picci","Sachem"
"Sales",16834,"Peng","Jiafu"
"Sales",16806,"Dayana","Sreekrishna"
"Sales",16782,"Redmiles","Premsyl"
"Sales",16772,"Giveon","Baruch"
"Sales",16331,"Garnham","Giap"
"Sales",210435,"Waymire","Xudong"
"Sales",15837,"Showalter","Margareta"
"Sales",15836,"Sewelson","Christophe"
"Sales",210468,"Melski","Bouchung"
"Sales",15783,"Engberts","Margareta"
"Sales",400819,"Plesums","Wojceich"
"Sales",210543,"Terwilliger","Zhensheng"
"Sales",210571,"Peot","Hirochika"
"Sales",14842,"Godskesen","Anneke"
"Sales",210597,"Trachtenberg","Lijie"
"Sales",14827,"Lortz","Wuxu"
"Sales",14826,"Radivojevic","Pohua"
"Sales",210612,"Puoti","Bernice"
"Sales",14354,"Bojadziev","Mong"
"Sales",210673,"Restivo","Dipankar"
"Sales",210676,"Tsukuda","Nahla"
"Sales",13949,"Perna","Fai"
"Sales",210726,"Nicolson","Sachio"
"Sales",13941,"Schapire","IEEE"
"Sales",13930,"Chartres","Sukumar"
"Sales",13898,"Hiroyama","Oguz"
"Sales",400809,"Fujisawa","Hisao"
"Sales",400764,"Melton","Shay"
"Sales",13447,"Lortz","Yucel"
"Sales",13432,"Armand","Masadi"
"Sales",210852,"McConalogue","Yahiko"
"Sales",13308,"Melter","Demin"
"Sales",13305,"Herath","Bikash"
"Sales",210912,"Zeilberger","Babette"
"Sales",13241,"Narahari","Uta"
"Sales",13227,"Pell","Goncalo"
"Sales",400742,"Ranst","Kristina"
"Sales",13187,"Pusterhofer","Maria"
"Sales",12993,"Sessa","Subhash"
"Sales",211125,"Osgood","Alassane"
"Sales",211128,"Trachtenberg","Ayonca"
"Sales",12964,"Bennis","Hidefumi"
"Sales",400741,"Sifakis","Toong"
"Sales",12922,"Porenta","Jacqueline"
"Sales",12893,"Crouzet","Licheng"
"Sales",12537,"Gonthier","Avishai"
"Sales",12318,"Vesna","Jingling"
"Sales",12296,"Garnier","Kendra"
"Sales",12284,"Khasidashvili","Hatim"
"Sales",12253,"Gimarc","Amabile"
"Sales",211241,"Alblas","Elzbieta"
"Sales",211260,"Chepyzhov","Masadi"
"Sales",213480,"Srimani","Dinah"
"Sales",12224,"Lenart","Nikolaus"
"Sales",12129,"Isaac","Hairong"
"Sales",12099,"Kuzuoka","Nobuyoshi"
"Sales",12097,"Serdy","Mostafa"
"Sales",12046,"Ranum","Xiong"
"Sales",213571,"Eterovic","Becky"
"Sales",11882,"Manders","Zhonghua"
"Sales",11666,"Chimia","Uno"
"Sales",213646,"Polajnar","Perla"
"Sales",213651,"Serra","Huan"
"Sales",11619,"Ozeki","Taiji"
"Sales",11609,"Marrakchi","Sigeru"
"Sales",213732,"Ventosa","Niteen"
"Sales",213775,"Glinert","Giap"
"Sales",11144,"Heinisuo","Carrsten"
"Sales",213785,"Sgarro","Lijia"
"Sales",213786,"Deyuan","Adas"
"Sales",213792,"Kropp","Bernd"
"Sales",11120,"Curless","Masato"
"Sales",11044,"Cherinka","Elvia"
"Sales",11008,"Menhoudj","Gennady"
"Sales",10836,"Leivant","Jianhua"
"Sales",10828,"Gammage","Godehard"
"Sales",10813,"Shumilov","Shalesh"
"Sales",10701,"Zolotykh","Hyuncheol"
"Sales",215061,"Cullers","Hauke"
"Sales",10629,"Francisci","Lalit"
"Sales",10573,"Speel","Tetsushi"
"Sales",215101,"Baaz","Mark"
"Sales",10541,"Eiter","Godehard"
"Sales",400683,"Manders","Kamakshi"
"Sales",10536,"Sambasivam","Yechiam"
"Sales",10525,"Lunt","Yuchang"
"Sales",250504,"Syrzycki","Genki"
"Sales",10510,"Slobodova","Keung"
"Sales",400680,"Gerteisen","Ewing"
"Sales",10505,"Auria","Isamu"
"Sales",10499,"Luft","Maik"
"Sales",10449,"Sudkamp","Aleksandar"
"Sales",10448,"Oxenboll","Phule"
"Sales",10442,"Unno","Volkmar"
"Sales",10431,"Bugrara","Patricio"
"Sales",10369,"Toyoshima","Qunsheng"
"Sales",215303,"Kakkad","Gurbir"
"Sales",215308,"Tramer","Djelloul"
"Sales",400660,"Koblitz","Sumant"
"Sales",10148,"Azumi","Douadi"
"Sales",10136,"Pintelas","Zissis"
"Sales",10095,"Morton","Hilari"
"Sales",10050,"Dredge","Yinghua"
"Sales",10041,"Lenart","Uri"
"Sales",10002,"Simmel","Bezalel"
"Sales",215443,"Gladwell","Radhakrishnan"
"Sales",499953,"Pulkowski","Leszek"
"Sales",499902,"Wuwongse","Aloke"
"Sales",215462,"Mansanne","Abdulah"
"Sales",499836,"Schnelling","Doohun"
"Sales",499828,"Slobodova","Rosalie"
"Sales",216847,"Haraldson","Lalit"
"Sales",499808,"Deyuan","Paris"
"Sales",499795,"Riefers","Idoia"
"Sales",499778,"Sommer","Billie"
"Sales",216875,"Mayerwieser","Conor"
"Sales",499722,"Cesareni","Amabile"
"Sales",216903,"Middleton","Ennio"
"Sales",499711,"Haldar","Xiadong"
"Sales",216915,"Rajaraman","Arunachalam"
"Sales",499661,"Demeyer","Eric"
"Sales",499628,"Wendorf","Dinkar"
"Sales",499625,"Denny","Nechama"
"Sales",499603,"Birdsall","Atreye"
"Sales",499587,"Ghazalie","Zine"
"Sales",216974,"Matzen","Yuguang"
"Sales",499574,"Qiwen","Claudi"
"Sales",499570,"Desikan","Perla"
"Sales",217010,"Sommer","Chaoyi"
"Sales",217019,"Sifakis","Sukumar"
"Sales",217029,"Rahier","Tadanori"
"Sales",499555,"Bernardeschi","Zhaofang"
"Sales",499476,"Peyn","Kazunori"
"Sales",499418,"Waeselynck","Carrsten"
"Sales",499392,"Nollmann","Rayond"
"Sales",499390,"Shinomoto","Zhaofang"
"Sales",499389,"Ferretti","Katsuo"
"Sales",499369,"Koprowski","Hirochika"
"Sales",499235,"Gecsei","Marsha"
"Sales",499141,"Glinert","Charmane"
"Sales",499122,"Rajaraman","Fan"
"Sales",250528,"Barvinok","Abdulla"
"Sales",218040,"Kushnir","Macha"
"Sales",400611,"Birke","Alain"
"Sales",499046,"Krzyzanowski","Weiyi"
"Sales",499040,"Vieth","Giri"
"Sales",499038,"Pluym","Foong"
"Sales",499001,"Braccini","Debaprosad"
"Sales",498974,"Bala","Abdelwaheb"
"Sales",498702,"Heijenga","Mizuhito"
"Sales",498682,"Bierbaum","Odinaldo"
"Sales",498396,"Lindenbaum","Sachem"
"Sales",218148,"Marletta","Hatem"
"Sales",498358,"Peltason","Nobuyoshi"
"Sales",498337,"Docker","Naraig"
"Sales",498335,"Masamoto","Krassimir"
"Sales",498288,"Schlumberger","Bingning"
"Sales",218172,"Mansanne","Odysseas"
"Sales",498266,"Axelband","Kenroku"
"Sales",218205,"Bondorf","Sedat"
"Sales",498258,"Demir","Jahangir"
"Sales",498067,"Kadhim","Theirry"
"Sales",498051,"Hofman","Indrajit"
"Sales",497568,"Boissier","Mark"
"Sales",497507,"Marletta","Idoia"
"Sales",497498,"Broomell","Ekawit"
"Sales",497470,"Irland","Bernd"
"Sales",497446,"Muhlberg","Premsyl"
"Sales",497444,"Gimarc","Hercules"
"Sales",497109,"Khalid","Bernice"
"Sales",218357,"Lally","Dines"
"Sales",400605,"Stenning","Berthier"
"Sales",218377,"Maccarone","Stevo"
"Sales",400566,"Gecsei","Munir"
"Sales",218400,"Staelin","Conor"
"Sales",497050,"Mukaidono","Troy"
"Sales",497045,"Matzov","Jeong"
"Sales",497040,"Erdi","Maik"
"Sales",497011,"Kermarrec","Susumu"
"Sales",496976,"Nannarelli","Kerhong"
"Sales",496969,"Bahr","Jinya"
"Sales",496940,"Zastre","Abdelwaheb"
"Sales",218439,"Jonsson","Amstein"
"Sales",496874,"Zaiane","Kwun"
"Sales",218481,"Zaiane","Weijing"
"Sales",496846,"Bach","Yuriy"
"Sales",496843,"Katalagarianos","Mikhail"
"Sales",496779,"Schahn","Aria"
"Sales",496649,"England","Caolyn"
"Sales",218587,"Curless","Radhakrishnan"
"Sales",496583,"Shinomoto","Toshiki"
"Sales",496545,"Rabehasaina","Hyuncheol"
"Sales",496481,"Kilgore","Girolamo"
"Sales",496460,"Peron","Takanari"
"Sales",496446,"Alpay","Jinpo"
"Sales",496418,"Fortenbacher","Nevio"
"Sales",496396,"Przulj","Stein"
"Sales",496383,"Krogh","Arvin"
"Sales",496368,"Hatcliff","Genta"
"Sales",496362,"Brodie","Sungwon"
"Sales",218708,"Lorys","Marsal"
"Sales",218729,"Vieth","Sadun"
"Sales",496333,"Greenaway","Shigeichiro"
"Sales",496326,"Angelopoulos","Xuejun"
"Sales",496260,"Showalter","Mary"
"Sales",496174,"Staudhammer","Mary"
"Sales",496150,"Marrakchi","Dmitry"
"Sales",496063,"Redmiles","Ramzi"
"Sales",496039,"Bellone","Masamitsu"
"Sales",496036,"Remmers","DeForest"
"Sales",496011,"Lorho","Lein"
"Sales",250591,"Osgood","Mechthild"
"Sales",495933,"Ohori","Zhanqiu"
"Sales",495790,"Quaggetto","Licheng"
"Sales",218910,"Encarnacion","Aria"
"Sales",495702,"Setia","Ziva"
"Sales",495584,"Bamford","Chrisa"
"Sales",495567,"Molberg","Subhada"
"Sales",495556,"Jenevein","Bingning"
"Sales",495520,"Deville","Stafford"
"Sales",495498,"Peir","JiYoung"
"Sales",495459,"Genin","Leen"
"Sales",219050,"Uchoa","Feixiong"
"Sales",495407,"Veeraraghavan","Sashi"
"Sales",495234,"Pero","Tokuyasu"
"Sales",495228,"Selvestrel","Ramya"
"Sales",219086,"Glowinski","Persi"
"Sales",495144,"Vidya","Katsuo"
"Sales",495115,"Hainaut","Yishay"
"Sales",494875,"Mitzlaff","Berto"
"Sales",219179,"Pardalos","Venkatesan"
"Sales",494872,"Picaronny","Tomofumi"
"Sales",219221,"Antonisse","Gretta"
"Sales",494821,"Chiodo","Gay"
"Sales",494510,"DuCasse","Fumiyo"
"Sales",219327,"Liesche","Brigham"
"Sales",494455,"Fasbender","Hein"
"Sales",494453,"Itschner","Arun"
"Sales",494452,"Peng","Chinho"
"Sales",494417,"Gargeya","Eberhardt"
"Sales",494405,"Syrotiuk","Angus"
"Sales",494347,"Pehl","Suzette"
"Sales",494321,"Swab","Paris"
"Sales",494303,"Schonegge","Elgin"
"Sales",219404,"Peron","Rosita"
"Sales",219413,"Improta","Shigehito"
"Sales",219415,"Kowalchuk","Hsiangchu"
"Sales",494288,"Figueira","Bojan"
"Sales",494285,"Jansch","Djelloul"
"Sales",494250,"Ligten","Kristina"
"Sales",494152,"Baranowski","Masaru"
"Sales",494130,"Marchegay","Diederik"
"Sales",219480,"Remmele","Yurii"
"Sales",219491,"Stranks","Shaowei"
"Sales",219517,"Fabrizio","Sungwon"
"Sales",219521,"Lemarechal","Jeanne"
"Sales",400386,"Fortenbacher","Serif"
"Sales",219565,"Madeira","Sverrir"
"Sales",219574,"Gerteisen","Shimshon"
"Sales",493918,"Parascandalo","Shushma"
"Sales",493903,"Kornyak","Takahiro"
"Sales",219587,"Maraist","Bojan"
"Sales",219591,"Guardalben","Poorav"
"Sales",493888,"Axelband","Muneo"
"Sales",493857,"Ecklund","Alagu"
"Sales",493812,"Brizzi","Bernardo"
"Sales",493787,"McAffer","Guadalupe"
"Sales",219642,"Gimarc","Khalid"
"Sales",493701,"Kuhnemann","Susumu"
"Sales",493696,"Chandrasekhar","Woody"
"Sales",219670,"Domenig","Demos"
"Sales",493625,"Merli","Mani"
"Sales",493605,"Giveon","Sailaja"
"Sales",219696,"Levasseur","Gad"
"Sales",493587,"Taubenfeld","Shuky"
"Sales",493576,"Prochazka","Margareta"
"Sales",219712,"Hertweck","Charmane"
"Sales",493529,"Keohane","Michaela"
"Sales",493520,"Sambasivam","Yongmao"
"Sales",219763,"Garrabrants","Martins"
"Sales",493440,"Angelov","Oscal"
"Sales",493376,"Stanfel","Barton"
"Sales",493349,"Falco","Jungsoon"
"Sales",493303,"Schneeberger","Berry"
"Sales",219837,"Impagliazzo","Vitaly"
"Sales",493232,"Bamford","Cathie"
"Sales",493091,"Panwar","Jinya"
"Sales",493067,"Attimonelli","Tsz"
"Sales",219874,"Greibach","Changho"
"Sales",219898,"Felcyn","Tonny"
"Sales",493037,"Schwaller","Elrique"
"Sales",493024,"Guerreiro","Mahmut"
"Sales",219952,"Sanella","Alagu"
"Sales",219962,"Gill","Goncalo"
"Sales",250631,"Rahier","Abdelaziz"
"Sales",492787,"Pileggi","Oldrich"
"Sales",492700,"Yemenis","Morrie"
"Sales",220056,"Maksimenko","Ugo"
"Sales",220064,"Ramras","Mark"
"Sales",492671,"Docker","Zengping"
"Sales",492612,"Matzke","Guangming"
"Sales",220132,"Thimonier","Patricio"
"Sales",492584,"Maginnis","Mantis"
"Sales",492559,"Vrecion","Yurij"
"Sales",492469,"Neimat","Seongbin"
"Sales",492434,"Sinitsyn","Hitomi"
"Sales",492406,"Georg","Emdad"
"Sales",220199,"Pero","Marek"
"Sales",220201,"Krichel","Zhensheng"
"Sales",492377,"Pollacia","Jianhua"
"Sales",492345,"Spelt","Hidekazu"
"Sales",492330,"Dalphin","Keiichiro"
"Sales",400338,"Horswill","Adil"
"Sales",220285,"Vitiello","Lidong"
"Sales",492290,"Schmittgen","Domenico"
"Sales",492276,"Leivant","Parto"
"Sales",492239,"Diderrich","Theron"
"Sales",492222,"Mitzlaff","Menkae"
"Sales",492210,"Chandrasekhar","Takushi"
"Sales",492161,"Fetvedt","Junsik"
"Sales",400331,"Turnbull","Boriana"
"Sales",492004,"Manderick","Chandrasekaran"
"Sales",491969,"Tokunaga","Piyawadee"
"Sales",220448,"Koblick","Marsha"
"Sales",491932,"Krupka","Ibibia"
"Sales",491874,"Denis","Debaprosad"
"Sales",491827,"Stranks","Mayuko"
"Sales",491802,"Bazzichi","Gill"
"Sales",220521,"Beutelspacher","Ymte"
"Sales",491793,"Zolotykh","Mizuhito"
"Sales",220527,"Petersohn","Tonia"
"Sales",220552,"Dulli","Bernice"
"Sales",491686,"Tempesti","Chuanti"
"Sales",250807,"Thiria","Martijn"
"Sales",491679,"Lunt","Salvador"
"Sales",491559,"Taubman","Sanjay"
"Sales",220653,"Flanders","Guenter"
"Sales",491501,"Gyorkos","Kwan"
"Sales",491474,"Emmart","Luise"
"Sales",491466,"Rettelbach","Reinhold"
"Sales",491441,"Beeson","Lene"
"Sales",491420,"Diderrich","Hauke"
"Sales",491406,"Mondadori","Karlis"
"Sales",491034,"Garnham","Kaijung"
"Sales",491025,"Kroon","Garnik"
"Sales",221264,"Juneja","Jeane"
"Sales",490673,"Cincotta","Snehasis"
"Sales",490666,"Ferretti","Tzu"
"Sales",490622,"Itzigehl","Yechiam"
"Sales",490560,"Schauser","Pasqua"
"Sales",490351,"Vilarrasa","Stella"
"Sales",490299,"Ruther","Anyuan"
"Sales",490284,"Emmart","Mang"
"Sales",221716,"Navazio","Ebbe"
"Sales",490239,"Baranowski","Doowon"
"Sales",490019,"Roisin","Geoffry"
"Sales",490006,"Pargas","Serif"
"Sales",489951,"Gist","Adib"
"Sales",489602,"Hoogerwoord","Nadjib"
"Sales",489579,"Veeraraghavan","Francesca"
"Sales",400252,"Collette","Nalini"
"Sales",489357,"Chinal","Marla"
"Sales",400201,"Crelier","Demin"
"Sales",489224,"Heping","Anoosh"
"Sales",489031,"Dulin","Kinh"
"Sales",250852,"Awdeh","Ottavia"
"Sales",488992,"Pileggi","Hilary"
"Sales",222469,"Uchoa","Fay"
"Sales",488984,"Junet","Kendra"
"Sales",400164,"Gecseg","Tomoyuki"
"Sales",488977,"Janetzko","Shaz"
"Sales",488969,"Benzmuller","Remko"
"Sales",222493,"Setlzner","Kauko"
"Sales",488924,"Boguraev","Iara"
"Sales",488674,"Ressouche","Uri"
"Sales",488511,"Penttonen","Mitchel"
"Sales",223067,"Yoshimura","Kristof"
"Sales",488433,"Vuskovic","Dipankar"
"Sales",488405,"Conia","Jordanka"
"Sales",223139,"Iacovou","Bowen"
"Sales",488176,"Bashian","Iara"
"Sales",250879,"Kohling","Bedir"
"Sales",223164,"Raney","Fumiyo"
"Sales",488133,"Streit","Aleksandar"
"Sales",488085,"Larfeldt","Sanjay"
"Sales",488058,"Leppanen","Fen"
"Sales",487845,"Szmurlo","Lidong"
"Sales",487796,"Bashian","Gunilla"
"Sales",487757,"Ramamoorthy","Pascal"
"Sales",487700,"Mayerwieser","Kazuhira"
"Sales",487696,"Redmiles","Valdiodio"
"Sales",223645,"Shumilov","Tomokazu"
"Sales",487590,"Vecchi","Shakhar"
"Sales",487532,"Fandrianto","Make"
"Sales",487514,"Falco","Kristine"
"Sales",487506,"Peltason","Edwin"
"Sales",224215,"Kawashimo","Sivanarayana"
"Sales",224245,"Vecchi","Tuval"
"Sales",487476,"Lindqvist","Sivanarayana"
"Sales",487393,"Hebert","Keung"
"Sales",487369,"Syang","Insup"
"Sales",487061,"Bierbaum","Christfried"
"Sales",486836,"Klerer","Remko"
"Sales",486830,"Unni","Marsal"
"Sales",224698,"Shimshoni","Reinhold"
"Sales",400143,"Baik","Salvador"
"Sales",224720,"Orlowska","Guttorm"
"Sales",486659,"Makrucki","Takahiro"
"Sales",486643,"Heuser","Mahmut"
"Sales",486562,"Angelopoulos","Radoslaw"
"Sales",224757,"Nilsson","Premal"
"Sales",486553,"Schiper","Toshiki"
"Sales",224771,"Ernst","Nikolaus"
"Sales",224779,"Basagni","Souichi"
"Sales",486537,"Orlowska","Mayuri"
"Sales",486468,"Middleton","Nikolaos"
"Sales",486412,"Harnett","Tommaso"
"Sales",485856,"Zobel","Paraskevi"
"Sales",400100,"Callaway","Gilbert"
"Sales",485841,"Coney","Nikolaos"
"Sales",485809,"Bressoud","Macha"
"Sales",224912,"Pavlopoulou","Zeydy"
"Sales",485808,"Holburn","Tran"
"Sales",485766,"Esteva","Horward"
"Sales",485765,"Bodoff","Baruch"
"Sales",485714,"Pettey","Zhonghua"
"Sales",485708,"Tagansky","Steve"
"Sales",224999,"Swiss","Kazuhiko"
"Sales",400047,"Panienski","Uriel"
"Sales",485696,"Nitta","Susanne"
"Sales",485583,"Melter","Nidapan"
"Sales",400041,"Birge","Hidefumi"
"Sales",485568,"Oskamp","Inderjeet"
"Sales",485562,"Shigei","Junichi"
"Sales",485547,"Verspoor","Ayonca"
"Sales",485500,"Kroon","Kristian"
"Sales",485490,"Brattka","Zengping"
"Sales",485487,"Roohalamini","Goetz"
"Sales",225096,"Ritcey","Hatem"
"Sales",485399,"Thibadeau","Shaw"
"Sales",485120,"Pearson","Mitsuyuki"
"Sales",485116,"Lowrie","Toshimitsu"
"Sales",485104,"Bergere","Kamran"
"Sales",485083,"Huxford","Holgard"
"Sales",485044,"Angelov","Josyula"
"Sales",485022,"Ramsak","Berry"
"Sales",484943,"Iivonen","Danel"
"Sales",484920,"Bridgland","Marco"
"Sales",225199,"Picaronny","Mechthild"
"Sales",484504,"Orlowski","Gou"
"Sales",484475,"Cheshire","Hiroyasu"
"Sales",484446,"Comte","Hyuncheol"
"Sales",225254,"Tzvieli","Sanjoy"
"Sales",484426,"Cullers","Munehiro"
"Sales",484421,"Hanratty","Serge"
"Sales",225263,"Dulin","Hongzhu"
"Sales",225275,"Ishibashi","Baocai"
"Sales",225281,"Mitsuhashi","Noritoshi"
"Sales",484102,"Srimani","Bilhanan"
"Sales",225342,"Hambrick","Moty"
"Sales",483282,"Thisen","Masoud"
"Sales",225406,"Waeselynck","Domenick"
"Sales",483201,"Khalil","Frazer"
"Sales",225416,"Molenaar","Tremaine"
"Sales",482656,"Pocchiola","Zijian"
"Sales",225438,"Quaggetto","Remmert"
"Sales",482598,"Hutter","Saddek"
"Sales",482542,"Iwayama","Mototsugu"
"Sales",481833,"Morrey","Paddy"
"Sales",481816,"Savasere","Junsik"
"Sales",481801,"Birta","Giap"
"Sales",225482,"Veccia","Basant"
"Sales",481746,"Barinka","Odoardo"
"Sales",225513,"Fortenbacher","Alenka"
"Sales",225527,"Heuter","Shichao"
"Sales",225538,"Miara","Masasuke"
"Sales",481434,"Mondadori","Magy"
"Sales",481364,"Klassen","Kazunori"
"Sales",481171,"Kading","Jeong"
"Sales",481154,"Schwartzbauer","Abdulla"
"Sales",225558,"Vesel","Manibrata"
"Sales",481110,"Isaac","Beshir"
"Sales",481087,"Rajcani","Anneke"
"Sales",481075,"Braunmuhl","Uriel"
"Sales",481040,"Serdy","Shahaf"
"Sales",480794,"Delgrange","Hinrich"
"Sales",480748,"Isard","Zhongwei"
"Sales",480717,"Luders","Bouchung"
"Sales",480697,"Lammel","Aram"
"Sales",480464,"Cesareni","Maha"
"Sales",480422,"Merks","Yuqun"
"Sales",225706,"Pepe","Gian"
"Sales",480386,"Sidou","Takahira"
"Sales",480379,"Merks","Guther"
"Sales",225810,"Demizu","Sreekrishna"
"Sales",480361,"Thummel","Xuejun"
"Sales",479974,"Mandell","Turgut"
"Sales",479611,"Tetzlaff","Adam"
"Sales",479566,"Manderick","Paraskevi"
"Sales",479545,"Lalonde","Gian"
"Sales",479534,"Brookner","Berthier"
"Sales",479210,"Haldar","Kristof"
"Sales",478985,"Gubsky","Katsuo"
"Sales",299738,"Wossner","Luerbio"
"Sales",478957,"Gulla","Pintsang"
"Sales",478905,"Iwayama","Gilbert"
"Sales",478880,"Radhakrishnan","Billie"
"Sales",478606,"Rettelbach","Fumino"
"Sales",226000,"Gerteisen","Hongzhu"
"Sales",478531,"Lunt","Herb"
"Sales",478309,"Pleszkun","Ugo"
"Sales",299695,"Choobineh","Moie"
"Sales",478230,"Weedman","Weiru"
"Sales",478217,"Falco","Mayumi"
"Sales",226113,"Talmor","Szabolcs"
"Sales",477791,"Zweizig","Valdiodio"
"Sales",477784,"Taubman","Kazuhisa"
"Sales",477763,"Cmelik","Kwun"
"Sales",226164,"Solares","Xiping"
"Sales",477683,"Gulak","Volkmar"
"Sales",477674,"Cochrane","Mona"
"Sales",477476,"Ellozy","Clyde"
"Sales",477419,"Ghandeharizadeh","Lijia"
"Sales",477378,"Munawer","Zengping"
"Sales",250994,"Karnin","Yucai"
"Sales",477377,"Domenig","Wojceich"
"Sales",477364,"Akaboshi","TRUE"
"Sales",226241,"Farrow","Hideo"
"Sales",226243,"Perfilyeva","Toshimi"
"Sales",226253,"Bouloucos","Kazuhide"
"Sales",226276,"Cangellaris","Fuqing"
"Sales",477059,"Parveen","Ohad"
"Sales",476792,"Kalsbeek","Toshiko"
"Sales",476766,"Thiria","Anneli"
"Sales",226301,"Ecklund","Almudena"
"Sales",476713,"Salvesen","Zongyan"
"Sales",476711,"Onuegbe","Yakkov"
"Sales",299433,"Syang","Gudjon"
"Sales",226387,"Eterovic","Inderjeet"
"Sales",476671,"Winter","KayLiang"
"Sales",250998,"Emden","Takahiro"
"Sales",226399,"Leonhardt","Pranay"
"Sales",226417,"Chiola","Mads"
"Sales",476443,"Asmuth","Ziya"
"Sales",476407,"Feinberg","Guiseppe"
"Sales",476107,"Thimonier","Rafail"
"Sales",476106,"Mitsuhashi","Guiseppe"
"Sales",476073,"Peris","Sudharsan"
"Sales",476056,"Mundy","Tremaine"
"Sales",226464,"Huxford","Shigeo"
"Sales",475990,"Serre","Zhilian"
"Sales",475623,"Barriga","Takanari"
"Sales",475620,"Siegrist","Alassane"
"Sales",475593,"Morrow","Mamdouh"
"Sales",226502,"Nollmann","Atreye"
"Sales",475522,"Stille","Yonghong"
"Sales",475511,"Gluchowski","Rosalie"
"Sales",475299,"Cincotta","Luigi"
"Sales",475298,"Eiter","Jagoda"
"Sales",226565,"Kroft","Quingbo"
"Sales",475285,"Fiebach","Tokuyasu"
"Sales",475264,"Speek","Phillip"
"Sales",475248,"Sinicrope","Shuho"
"Sales",475215,"Fordan","Dulce"
"Sales",226620,"Levasseur","Nalini"
"Sales",475191,"Detkin","Kazuhito"
"Sales",475173,"Nyanchama","Khoa"
"Sales",474965,"Feinberg","Heekeun"
"Sales",474897,"Dayang","Radhika"
"Sales",226663,"Rotem","Nalini"
"Sales",474896,"Garnick","Tua"
"Sales",474894,"Clemencon","Zhensheng"
"Sales",226677,"Karcich","Urs"
"Sales",474840,"Dayana","Xiping"
"Sales",474606,"Biros","Hsiangchu"
"Sales",474525,"Wilharm","Jovan"
"Sales",226757,"Pezzoli","Marke"
"Sales",474219,"Junet","Deborah"
"Sales",226779,"Cyne","Neven"
"Sales",226793,"Baez","Bluma"
"Sales",226803,"Hinsberger","Moss"
"Sales",226811,"Kavvadias","Isaac"
"Sales",226827,"Badache","Uri"
"Sales",474061,"Macedo","Tua"
"Sales",474041,"Bruckman","Jouni"
"Sales",251017,"Murthy","LiMin"
"Sales",299412,"Veeraraghavan","Arfst"
"Sales",226855,"Lukaszewicz","Aloke"
"Sales",226861,"Bahi","Amalendu"
"Sales",299383,"Leuchs","Hailing"
"Sales",474017,"Nitto","Jaihie"
"Sales",474012,"Vendrig","Subhrajyoti"
"Sales",226918,"Zhang","Olivera"
"Sales",473611,"Akazan","Yechiam"
"Sales",473580,"Copas","Herbert"
"Sales",473542,"Waschkowski","Shuzo"
"Sales",473521,"Katalagarianos","Malu"
"Sales",226964,"Shrader","Lakshmi"
"Sales",473278,"Garigliano","Kien"
"Sales",473276,"Gente","Hyuckchul"
"Sales",473238,"Camurati","Pranjal"
"Sales",473231,"Pehl","Jordanka"
"Sales",227031,"Fasbender","Jiafu"
"Sales",227040,"Grospietsch","Janalee"
"Sales",227052,"Calkin","Macha"
"Sales",227055,"Granlund","Tetsushi"
"Sales",473115,"Gimarc","Zhanqiu"
"Sales",473104,"Cincotta","Quingbo"
"Sales",473091,"Zambonelli","Luigi"
"Sales",473068,"Puppo","Spyrose"
"Sales",473043,"Redmiles","Yuchang"
"Sales",299330,"Isaak","Raimond"
"Sales",227147,"Servieres","Yucel"
"Sales",227176,"Demeyer","Ebru"
"Sales",299314,"Dayang","Shietung"
"Sales",227208,"Daescu","Kristinn"
"Sales",472976,"Rusmann","Hyuncheol"
"Sales",472939,"Dalton","Naraig"
"Sales",227227,"Peyn","Paraskevi"
"Sales",227256,"Androutsos","Jasminko"
"Sales",472779,"Ohori","Yongmin"
"Sales",299269,"Bernatsky","Nevin"
"Sales",472772,"Frijda","Xiaoqiu"
"Sales",227284,"Fujisawa","Dulce"
"Sales",227293,"Carrere","Hilary"
"Sales",472610,"Perng","Honesty"
"Sales",299260,"Verspoor","Bodo"
"Sales",227389,"Claffy","Naftaly"
"Sales",472514,"McClure","Mads"
"Sales",227418,"Suomi","Zsolt"
"Sales",472278,"Yurov","Weiwu"
"Sales",472265,"Shiratori","Kitty"
"Sales",472207,"Detkin","Bedrich"
"Sales",471785,"Bierman","Siddarth"
"Sales",227474,"Kirkerud","Mona"
"Sales",227500,"Valette","Prasadram"
"Sales",471723,"Ramaiah","Fay"
"Sales",227513,"Majewski","Bernice"
"Sales",227523,"Bierman","Masato"
"Sales",299179,"Luit","Oldrich"
"Sales",471454,"Keohane","Pramod"
"Sales",228238,"Henders","Filipe"
"Sales",471435,"Atrawala","Remko"
"Sales",471392,"Rousseau","Eric"
"Sales",471324,"Kugler","Sorina"
"Sales",471074,"Validov","Shimshon"
"Sales",471063,"Hasham","Rildo"
"Sales",471021,"Lemarechal","Bilhanan"
"Sales",471007,"Bridgland","Giri"
"Sales",228296,"Ozery","Chaosheng"
"Sales",228322,"Sgarro","Boriana"
"Sales",465366,"Dahlbom","Youssef"
"Sales",465340,"Tsukune","Kristin"
"Sales",465287,"Sadowski","Dietrich"
"Sales",463578,"Klerer","Moto"
"Sales",463565,"Thisen","Gianluca"
"Sales",463553,"Passino","Fumiya"
"Sales",463526,"Sluis","Vasiliy"
"Sales",251102,"Sabnani","Prodip"
"Sales",228645,"Cappelletti","Jouko"
"Sales",462964,"Ressouche","Mantis"
"Sales",462910,"Luff","Maria"
"Sales",462884,"Bazzichi","Poorav"
"Sales",462880,"Trumbly","Godehard"
"Sales",299162,"Georgakopoulos","Rutger"
"Sales",228875,"Zeleznik","Kazuhiro"
"Sales",228896,"Baezner","Bernt"
"Sales",462849,"Pintelas","Tadahiro"
"Sales",462805,"Savasere","Marin"
"Sales",462788,"Pleszkun","Xuedong"
"Sales",228980,"Eugenio","Shichao"
"Sales",462768,"Rouquie","Parke"
"Sales",462743,"Peral","Ranan"
"Sales",229707,"Nanard","Yaghout"
"Sales",251118,"Yetto","Foong"
"Sales",229728,"Shackel","Hausi"
"Sales",462553,"Herber","Kellie"
"Sales",229789,"Baby","Feipei"
"Sales",462543,"Shigei","Fabrizio"
"Sales",229793,"Papsdorf","Olivera"
"Sales",462500,"Lunn","Takahira"
"Sales",462435,"Kenevan","Padma"
"Sales",462432,"Morris","Tonny"
"Sales",462429,"Schahn","Bingning"
"Sales",462415,"Giaccio","Ulf"
"Sales",462313,"Figueira","Shaowei"
"Sales",229891,"Babb","Zhenbing"
"Sales",229899,"Lund","Genevieve"
"Sales",462284,"Farrow","Samphel"
"Sales",229911,"Jansen","Ingmar"
"Sales",462074,"Ernst","Fox"
"Sales",461954,"Camarinopoulos","Kasturi"
"Sales",461406,"Bolsens","Horward"
"Sales",229947,"Katzenelson","Mabhin"
"Sales",461391,"Hertweck","Mart"
"Sales",461369,"Munawer","Ipke"
"Sales",461365,"Khasidashvili","Yuqun"
"Sales",461336,"Harnett","Shigehito"
"Sales",229984,"Danlos","Kankanahalli"
"Sales",461285,"Pintelas","Yefim"
"Sales",230030,"Engberts","Sarita"
"Sales",461265,"Figueira","Anwar"
"Sales",460880,"Denna","Lorien"
"Sales",460869,"Liesche","Sanjeeva"
"Sales",230231,"Dulin","Monique"
"Sales",460817,"Worfolk","Ewing"
"Sales",230260,"Willoner","Vincent"
"Sales",460777,"Auria","Martins"
"Sales",460776,"Toyoshima","Leaf"
"Sales",460751,"Thorelli","Odinaldo"
"Sales",460745,"Schaft","Toshimitsu"
"Sales",460657,"Stentiford","Shichao"
"Sales",460640,"Ramsay","Guozhong"
"Sales",460628,"Kaiserswerth","Nalini"
"Sales",460609,"Sadowsky","Sham"
"Sales",460595,"Bazzichi","LiMin"
"Sales",460393,"Kohling","Dmitri"
"Sales",230490,"Picco","Berna"
"Sales",460303,"Lunn","Sushant"
"Sales",230519,"Avouris","Masato"
"Sales",460243,"Jiang","Kousuke"
"Sales",230711,"Arlazarov","Xiaobin"
"Sales",460200,"Schaft","Yurij"
"Sales",299105,"Minakawa","Mayuri"
"Sales",230750,"Vigier","Magy"
"Sales",230759,"Gihr","Saeko"
"Sales",460106,"Whittlesey","Vidya"
"Sales",299095,"Merlo","Zhenbing"
"Sales",460086,"Zolotykh","Christoper"
"Sales",460071,"Krzyzanowski","Tamiya"
"Sales",230791,"Quadeer","Gennadi"
"Sales",460022,"Clouatre","Bikash"
"Sales",230813,"Shumilov","Tesuya"
"Sales",230832,"Kropp","Khue"
"Sales",299087,"Zuberek","Kensyu"
"Sales",459250,"Ushiama","Yunming"
"Sales",459241,"Champarnaud","Niranjan"
"Sales",459166,"Thummel","Kwok"
"Sales",251164,"Mateescu","Tsutomu"
"Sales",459146,"Moffat","Kellie"
"Sales",230945,"Gulak","Foong"
"Sales",459106,"Lambe","Shaibal"
"Sales",230986,"Angelopoulos","Mantis"
"Sales",459092,"Emiris","Berry"
"Sales",459051,"Pell","Trygve"
"Sales",459031,"Raoux","Kazuhiro"
"Sales",231037,"Vieth","Mostafa"
"Sales",459021,"Menhardt","Teruyuki"
"Sales",231067,"Isaak","Qingxiang"
"Sales",251170,"Dechter","Akeno"
"Sales",231086,"Boissier","Guoxiang"
"Sales",231104,"Linares","Giao"
"Sales",458936,"Siksek","Jacqueline"
"Sales",231117,"Chepyzhov","Reinhard"
"Sales",457384,"Prampolini","Limsoon"
"Sales",457358,"Cunliffe","Xinyu"
"Sales",457351,"Baezner","Ziva"
"Sales",457330,"Mitzlaff","Shuji"
"Sales",457051,"Bain","Rosli"
"Sales",457009,"Botman","Gudjon"
"Sales",231206,"Servi","Sadegh"
"Sales",456509,"Schlegelmilch","Gio"
"Sales",456503,"Peek","Haldon"
"Sales",231266,"Basawa","Masato"
"Sales",456457,"Berendt","Irene"
"Sales",456419,"Bahl","Gritta"
"Sales",455779,"Olivero","Masali"
"Sales",455770,"Picci","Petter"
"Sales",455233,"Simmel","Ronnie"
"Sales",231325,"Zweizig","Uli"
"Sales",298990,"Yetim","Naftali"
"Sales",455224,"Samarati","Arlette"
"Sales",455189,"Szmurlo","Sumant"
"Sales",455078,"Baaz","Seongbae"
"Sales",452001,"Malabarba","Akeno"
"Sales",451988,"Apsitis","Amabile"
"Sales",231420,"Leslie","Lorien"
"Sales",451959,"Suermann","Kendra"
"Sales",451875,"Atchley","Katsuyuki"
"Sales",231457,"Ratnaker","Mads"
"Sales",451873,"Maginnis","Sreenivas"
"Sales",451864,"Lorho","Toshimori"
"Sales",451811,"Rabehasaina","Nalini"
"Sales",451770,"Merks","Subir"
"Sales",451759,"Ressouche","Josyula"
"Sales",451756,"Fasbender","Huiqun"
"Sales",451745,"Khasidashvili","Shai"
"Sales",451739,"McDermid","Lakshmi"
"Sales",451692,"Montemayor","Jiang"
"Sales",231558,"Karcich","Percy"
"Sales",451668,"Osgood","Collette"
"Sales",231571,"Broomell","Lena"
"Sales",231647,"Provine","Angus"
"Sales",451589,"Naudin","Angus"
"Sales",451550,"Terkki","Bodh"
"Sales",231681,"Vrecion","Conrado"
"Sales",451470,"Hertweck","Lubomir"
"Sales",451463,"Zedlitz","Gita"
"Sales",451416,"Baig","Tru"
"Sales",231706,"Pettey","Achilleas"
"Sales",451392,"Sadowski","Sachar"
"Sales",451322,"Journel","Gadiel"
"Sales",451238,"Standera","Zhaofang"
"Sales",231767,"Butterworth","Bezalel"
"Sales",231781,"Angiulli","Pantung"
"Sales",451225,"Birge","Pranjal"
"Sales",298784,"Brendel","Bouchung"
"Sales",451222,"Domenig","Berhard"
"Sales",451114,"Horswill","Rimli"
"Sales",231845,"Pardalos","Sigeru"
"Sales",451058,"Hoogerwoord","Xumin"
"Sales",451020,"Masada","Abdelwaheb"
"Sales",450944,"Luff","Itzchak"
"Sales",231909,"Nicolson","Torsten"
"Sales",231911,"Sury","Lucien"
"Sales",450907,"Jarecki","Mitsuyuki"
"Sales",450863,"Halevi","Nathan"
"Sales",450859,"Parfitt","Neven"
"Sales",231946,"Talmon","Jamaludin"
"Sales",231962,"Bardell","Morris"
"Sales",450730,"Bennet","Volkmar"
"Sales",298772,"Chenney","Arra"
"Sales",232012,"Veldwijk","Yefim"
"Sales",450377,"Lamba","Bedir"
"Sales",298767,"Kuzuoka","Abdelwaheb"
"Sales",450328,"Pauthner","Lenore"
"Sales",450278,"Joslin","Nevio"
"Sales",450101,"Pavlopoulou","Yahiko"
"Sales",450070,"Baja","Gudjon"
"Sales",449876,"Terekhov","Valeska"
"Sales",449871,"Stanger","Jiong"
"Sales",232312,"Msuda","Achilleas"
"Sales",232324,"Yeung","Hidefumi"
"Sales",449853,"Stille","Jaana"
"Sales",449745,"Imataki","Jeong"
"Sales",449743,"Mateescu","Jaana"
"Sales",449723,"Seuren","Toney"
"Sales",232362,"Kruskal","Serap"
"Sales",449615,"Kilgour","Vishv"
"Sales",449606,"Yoshizawa","Mayuri"
"Sales",449579,"Trystram","Shigeaki"
"Sales",232663,"Cincotta","Lihong"
"Sales",232667,"Ranze","Hiroyasu"
"Sales",449541,"Rusterholz","Hugh"
"Sales",449487,"Codenie","Yonghong"
"Sales",232685,"Hambrick","Ult"
"Sales",449460,"Bennis","Berry"
"Sales",449374,"Heping","Vitaly"
"Sales",449314,"Dichev","Lucian"
"Sales",449307,"Pepe","Dines"
"Sales",449263,"Leaver","Aemilian"
"Sales",448958,"Baez","Rance"
"Sales",251248,"Gihr","Foong"
"Sales",448938,"Koshino","Sadegh"
"Sales",448937,"Passafiume","Wonhee"
"Sales",448934,"Motley","Lalit"
"Sales",448883,"Langford","Mana"
"Sales",448880,"Cullers","Khoa"
"Sales",298758,"Furedi","Harjit"
"Sales",448640,"Seiwald","Steve"
"Sales",233082,"Candan","Eben"
"Sales",448588,"Broder","Sukumar"
"Sales",233098,"Sommer","Persi"
"Sales",448576,"Bellmore","Matk"
"Sales",448550,"Kalloufi","Houman"
"Sales",448205,"Coorg","Gino"
"Sales",448187,"Axelband","Achilleas"
"Sales",298738,"Wolniewicz","Susumu"
"Sales",233153,"Brodie","Huan"
"Sales",448118,"Pramanik","Nigel"
"Sales",233195,"Matzov","Breannda"
"Sales",448063,"Antonisse","Ayonca"
"Sales",298704,"Bach","Cedric"
"Sales",448045,"Perly","Chinya"
"Sales",233397,"Sundgren","Fay"
"Sales",233409,"Ginneken","Shigeo"
"Sales",447863,"Lichtman","Falguni"
"Sales",233431,"Flowers","Jingling"
"Sales",447815,"Gronowski","Mountaz"
"Sales",233509,"Vural","Sukumar"
"Sales",447777,"Bonifati","Yongmao"
"Sales",447768,"Brizzi","Subbu"
"Sales",233544,"Champarnaud","Rosine"
"Sales",447469,"Cappelli","Xiaobin"
"Sales",447408,"McAlpine","Ronghao"
"Sales",233601,"Journel","Aiichiro"
"Sales",233606,"Kalorkoti","Adas"
"Sales",233609,"Asrin","Jacopo"
"Sales",447346,"Conta","Zine"
"Sales",447317,"Henders","Shounak"
"Sales",233678,"Soicher","Adib"
"Sales",233686,"Winter","Chenye"
"Sales",447281,"Velasco","Akemi"
"Sales",447261,"Erdmenger","Basil"
"Sales",233697,"Mawatari","Prasadram"
"Sales",233702,"Sambasivam","Nahid"
"Sales",233704,"Baby","Bluma"
"Sales",447179,"Basart","Yongqiao"
"Sales",447155,"Hasenauer","Eishiro"
"Sales",233724,"Douceur","Marco"
"Sales",447133,"Sifakis","Aamer"
"Sales",447097,"Velardi","Shushma"
"Sales",447050,"Albarhamtoshy","Satosi"
"Sales",233791,"Zhiwei","Hideyuki"
"Sales",446828,"Streit","Adib"
"Sales",446777,"Rabehasaina","Younwoo"
"Sales",446722,"Siprelle","Kwok"
"Sales",298502,"Perna","Lene"
"Sales",446645,"Ranst","Ferdinand"
"Sales",446596,"Raoux","Shir"
"Sales",446587,"Coney","Goncalo"
"Sales",446580,"Cairo","Arnd"
"Sales",233989,"Gulik","Mohamadou"
"Sales",446497,"Bahi","Kyoichi"
"Sales",446490,"Lueh","Jaewon"
"Sales",446375,"Kragelund","Arunachalam"
"Sales",446292,"Mandelberg","Keung"
"Sales",234065,"Erol","Hironobu"
"Sales",446148,"Brender","Khue"
"Sales",446129,"Schmezko","Herb"
"Sales",446119,"Zuberek","Nahid"
"Sales",446077,"Keirsey","Hironoby"
"Sales",446075,"Waleschkowski","Xinyu"
"Sales",445982,"Driscoll","Mahendra"
"Sales",234125,"Kolinko","Navin"
"Sales",234129,"Angelopoulos","Jaihie"
"Sales",234154,"Liedekerke","Khaled"
"Sales",445945,"Tasistro","Gill"
"Sales",445883,"Attimonelli","Yongdong"
"Sales",234170,"Bala","Prasadram"
"Sales",445811,"Basawa","Genevieve"
"Sales",445802,"Kilgour","Tomoyuki"
"Sales",234394,"Sichman","Kazuhide"
"Sales",445705,"Perko","Eberhardt"
"Sales",445178,"Sevcikova","Weijing"
"Sales",234428,"Perin","Bodh"
"Sales",298458,"Huxford","Jeanne"
"Sales",445077,"Marquardt","Parke"
"Sales",444801,"Jayawardene","Kamran"
"Sales",251472,"Huxford","Anwar"
"Sales",234492,"Brandsma","Vasilii"
"Sales",444747,"Kaltofen","Shigeaki"
"Sales",234529,"Shinomoto","Uma"
"Sales",298409,"Kampfer","Ugo"
"Sales",444580,"Fioravanti","Trygve"
"Sales",444518,"Kaelbling","Uwe"
"Sales",296108,"Karnin","Marsha"
"Sales",444446,"Vural","Luerbio"
"Sales",444340,"Tsukune","Mahendra"
"Sales",444293,"Klerer","Cullen"
"Sales",298377,"Gniady","Hercules"
"Sales",444248,"Bonifati","Gianluca"
"Sales",234841,"Guardalben","Erzsebet"
"Sales",234888,"Bashian","Moss"
"Sales",443242,"Boreale","Stabislas"
"Sales",443239,"Quaggetto","Arunas"
"Sales",298152,"Garnham","Barry"
"Sales",443210,"Dusink","Kazunori"
"Sales",443139,"Fortenbacher","Ferdinand"
"Sales",298136,"Pena","Morris"
"Sales",443137,"Perez","Zhiguo"
"Sales",443103,"Miara","Sudhanshu"
"Sales",443082,"Morrey","Bluma"
"Sales",234991,"Heiserman","Kensyu"
"Sales",442988,"Streit","Moheb"
"Sales",235031,"Fioravanti","Aamer"
"Sales",442877,"Bharadwaj","Arra"
"Sales",235115,"Byoun","Sandeepan"
"Sales",440856,"Servi","Masako"
"Sales",439969,"Gini","Ohad"
"Sales",439960,"Vanwelkenhuysen","Shuzo"
"Sales",439959,"Legleitner","Serif"
"Sales",439930,"Brandsma","Ennio"
"Sales",235141,"Ramamoorthy","Nimmagadda"
"Sales",235156,"Ligten","Conrado"
"Sales",439902,"Munoz","Feixiong"
"Sales",298058,"Erol","Gererd"
"Sales",439894,"Suessmith","Jayesh"
"Sales",439890,"Kaiser","Geoffry"
"Sales",439628,"Sooriamurthi","Mototsugu"
"Sales",235214,"Axelband","Mary"
"Sales",439597,"Francisci","Alselm"
"Sales",235252,"Zeidenstein","Ortrud"
"Sales",298019,"Emiris","Gift"
"Sales",439577,"Schlumberger","Yannik"
"Sales",439532,"Yamaashi","Marke"
"Sales",439514,"Kisuki","Kristen"
"Sales",439322,"Waeselynck","Jaihie"
"Sales",439307,"Parveen","Paloma"
"Sales",439298,"Auyong","Christoph"
"Sales",235309,"Junot","Ennio"
"Sales",439056,"Ranta","Morrie"
"Sales",235338,"Kolvik","Minghong"
"Sales",439010,"Dayang","Woody"
"Sales",438981,"Wuwongse","Pranjal"
"Sales",235379,"Cronin","Parke"
"Sales",235403,"Maierhofer","Herb"
"Sales",438940,"Shackell","Mayumi"
"Sales",438899,"Feldmann","Bartek"
"Sales",438889,"Millington","Insup"
"Sales",438462,"Krybus","Ronghao"
"Sales",438399,"Kavvadias","Satoru"
"Sales",235476,"Kusalik","JoAnne"
"Sales",438395,"Danlos","Freyja"
"Sales",235546,"Speer","Tianruo"
"Sales",438164,"Linnainmaa","Bojan"
"Sales",438154,"Kenevan","Karsten"
"Sales",235641,"Haraldson","Billie"
"Sales",438047,"Ritcey","Shuzo"
"Sales",438026,"Rahier","Utpal"
"Sales",251584,"Baek","Kristina"
"Sales",437683,"Ranst","Yolla"
"Sales",235666,"Pocchiola","Mohua"
"Sales",437491,"Lichtman","Pragnesh"
"Sales",235673,"Leonhardt","Danil"
"Sales",235675,"Zykh","Yahiko"
"Sales",437434,"Vieri","Vitali"
"Sales",235694,"Brattka","Kasturi"
"Sales",436473,"Braunmuhl","Nakhoon"
"Sales",297911,"Matzov","Gita"
"Sales",436461,"Kroll","Sudhanshu"
"Sales",436431,"Hutton","Uriel"
"Sales",235804,"Stille","Subhada"
"Sales",436426,"Ramaiah","Chenye"
"Sales",235823,"Matzke","Jayesh"
"Sales",436378,"Klyachko","Goh"
"Sales",235843,"Peir","Cordelia"
"Sales",435984,"Schauser","Abdelaziz"
"Sales",235853,"Albarhamtoshy","Sadegh"
"Sales",435883,"Moffat","Jiann"
"Sales",235891,"Pfau","Yuguang"
"Sales",435834,"Etalle","Shaw"
"Sales",435654,"Conry","Maren"
"Sales",435622,"Crabtree","Prodip"
"Sales",435612,"Bail","Satyanarayana"
"Sales",435605,"Morrey","Sakthirel"
"Sales",297890,"Kirkerud","Berna"
"Sales",235943,"Denos","Nevin"
"Sales",435545,"Tsukuda","Michaela"
"Sales",235993,"Oaver","Jiang"
"Sales",435435,"Piancastelli","Qingxiang"
"Sales",236007,"Peris","Malu"
"Sales",236042,"Birge","Ulises"
"Sales",236060,"Vandervoorde","Toshiki"
"Sales",236242,"Deverell","Luigi"
"Sales",251601,"Vural","Jessie"
"Sales",236264,"Parascandalo","Genevieve"
"Sales",236274,"Sambasivam","Shahid"
"Sales",435371,"Lamma","Ramalingam"
"Sales",435369,"Bage","Paraskevi"
"Sales",435341,"Conti","Kish"
"Sales",435275,"Eterovic","Arto"
"Sales",236338,"Rusmann","Peer"
"Sales",435142,"Serra","Charmane"
"Sales",236346,"Sudkamp","Yongdong"
"Sales",236373,"Fujisaki","Mahendra"
"Sales",434912,"Hagimont","Hidde"
"Sales",434826,"Androutsos","Zito"
"Sales",434649,"Reghbati","Xiping"
"Sales",236627,"McClurg","Kwee"
"Sales",434611,"Fontet","Serge"
"Sales",434546,"Whitcomb","Mahmut"
"Sales",434539,"Mukaidono","Zhilian"
"Sales",434532,"Wroclawski","Mariusz"
"Sales",434530,"Stentiford","Keiichiro"
"Sales",236697,"Navazio","Toshimitsu"
"Sales",434518,"Kushnir","Fei"
"Sales",236716,"Gils","Morrie"
"Sales",434295,"Rothe","Mingdong"
"Sales",434275,"Schueller","Erez"
"Sales",236778,"Androutsos","Djelloul"
"Sales",434234,"Rothenberg","Younwoo"
"Sales",434215,"Clouatre","Ramalingam"
"Sales",434209,"Naumovich","Xiong"
"Sales",434207,"Douceur","Bowen"
"Sales",434201,"Erbe","Larisa"
"Sales",434195,"Mellouli","Mabhin"
"Sales",434150,"Pashtan","Vidar"
"Sales",236843,"Hertweck","Kayoko"
"Sales",433768,"Madeira","Abdulah"
"Sales",433755,"Pardalos","Duke"
"Sales",433737,"McDermid","Sajjan"
"Sales",236925,"Argence","Leaf"
"Sales",236960,"Eastman","Karoline"
"Sales",236964,"Foote","Adel"
"Sales",236966,"Luck","Geoff"
"Sales",433671,"Markovitch","Mohit"
"Sales",433670,"Bresenham","Mohamadou"
"Sales",433665,"Kusalik","Aimee"
"Sales",237001,"Raczkowsky","Mountaz"
"Sales",433616,"Gihr","Zhenbing"
"Sales",237062,"Asser","Mads"
"Sales",433575,"Ventosa","Mabo"
"Sales",433562,"Gruenwald","Chrisa"
"Sales",237084,"Luff","Marie"
"Sales",433546,"Huhdanpaa","Jaideep"
"Sales",237120,"Panienski","Weiyi"
"Sales",237129,"Baak","Shiv"
"Sales",237149,"Reinhart","Lucian"
"Sales",433329,"Antonakopoulos","Minghong"
"Sales",433212,"Bierman","Gererd"
"Sales",433197,"Litvinov","Pragnesh"
"Sales",251645,"Tsunoo","Bezalel"
"Sales",433178,"Wossner","Katsuyuki"
"Sales",432763,"Lanzelotte","Ramalingam"
"Sales",432703,"DuBourdieux","Zhilian"
"Sales",432679,"Penn","Kazunori"
"Sales",432677,"Ventosa","Gift"
"Sales",432676,"Borovoy","Leaf"
"Sales",237325,"Passino","Jayson"
"Sales",237336,"Mukaidono","Isamu"
"Sales",432414,"Penn","Arfst"
"Sales",432378,"Gornas","Gilbert"
"Sales",432353,"Diderrich","Uri"
"Sales",237354,"Kading","Flemming"
"Sales",237361,"Kopetz","Baocai"
"Sales",432329,"Michaeli","Arra"
"Sales",432091,"Dayang","Guther"
"Sales",432090,"Fetvedt","Chiradeep"
"Sales",432031,"Matzat","Adamantios"
"Sales",431998,"Ranon","Petter"
"Sales",431683,"Khalil","Vivian"
"Sales",431645,"Rusterholz","Boriana"
"Sales",431626,"Karlin","Mads"
"Sales",237486,"Sevcikova","Mountaz"
"Sales",237504,"Cappello","Howell"
"Sales",431539,"Mattern","Michaela"
"Sales",297795,"Baez","Aksel"
"Sales",431538,"Jeong","Dzung"
"Sales",237625,"Peak","Apostol"
"Sales",431516,"Landherr","Arvin"
"Sales",431511,"Babb","Marko"
"Sales",297682,"Kobara","Gurbir"
"Sales",431439,"Brlek","Christoper"
"Sales",431325,"Egerstedt","Valter"
"Sales",431308,"Birge","Lunjin"
"Sales",431294,"Ossenbruggen","Oguz"
"Sales",431252,"Stellhorn","Radhia"
"Sales",297330,"Rikino","Gianluca"
"Sales",431218,"Bernardeschi","Vishu"
"Sales",297315,"Irland","Georgi"
"Sales",237777,"Fiebach","Anneli"
"Sales",237809,"Levergood","Moon"
"Sales",431167,"Merle","Candida"
"Sales",430920,"Serre","Dines"
"Sales",430867,"Chiodo","IEEE"
"Sales",430842,"Goodrum","Constantijn"
"Sales",237865,"Giaccio","Aram"
"Sales",430814,"Buchter","Herb"
"Sales",430786,"Beetstra","Niteen"
"Sales",237906,"Braccini","Chriss"
"Sales",430778,"Rothenberg","Ishfaq"
"Sales",430757,"Dulin","Ekawit"
"Sales",430707,"Escriba","Jayson"
"Sales",430615,"Stanfel","Babette"
"Sales",430568,"Azumi","Sahrah"
"Sales",430480,"Honiden","Yongmao"
"Sales",430393,"Trystram","Jiong"
"Sales",430386,"Pappas","Fabrizio"
"Sales",238158,"Schnabel","Huai"
"Sales",238194,"Christianini","Hatsukazu"
"Sales",238204,"Plessier","Yuguang"
"Sales",238209,"Comellas","Manohar"
"Sales",238223,"Mapelli","Noritoshi"
"Sales",238227,"Geffroy","Toshiki"
"Sales",430196,"Fasbender","Mechthild"
"Sales",430130,"Pettis","Deniz"
"Sales",238759,"Hiraishi","Susanta"
"Sales",430101,"Veeraraghavan","Dekang"
"Sales",430090,"Morrey","Alper"
"Sales",430078,"Ginesta","Kirk"
"Sales",430024,"Emmerich","Utpal"
"Sales",251678,"Chenoweth","Xianlong"
"Sales",429983,"Ponthieu","Gay"
"Sales",429906,"Billawala","Zhaofang"
"Sales",429886,"Improta","Christfried"
"Sales",238905,"Zielinski","Alain"
"Sales",429817,"Antonakopoulos","Jackson"
"Sales",429810,"Tzvieli","Mari"
"Sales",429665,"Piazza","Snehasis"
"Sales",238935,"Jakobus","Janalee"
"Sales",429656,"Gniady","Golgen"
"Sales",429123,"Gewali","Sanjoy"
"Sales",238990,"Lunn","Gor"
"Sales",429016,"Stentiford","Bilhanan"
"Sales",239078,"Narwekar","Szabolcs"
"Sales",428745,"Honglei","Gad"
"Sales",428724,"Matzke","Ingemar"
"Sales",428634,"Garrabrants","Lucien"
"Sales",428430,"Hasham","Basem"
"Sales",428417,"Reutenauer","Kendra"
"Sales",428399,"Karcich","Ingemar"
"Sales",239338,"Polupanov","Nitsan"
"Sales",239355,"Leonhardt","Zissis"
"Sales",239403,"Casperson","Sanjiv"
"Sales",428270,"Fordan","Sudharsan"
"Sales",239410,"Feldhoffer","Fumitaka"
"Sales",428258,"Raoux","Trygve"
"Sales",428224,"Pollacia","Michaela"
"Sales",239448,"Pettis","Giri"
"Sales",428156,"Dolinsky","Salvador"
"Sales",427953,"Jansen","Basem"
"Sales",427910,"Cincotta","Kiyokazu"
"Sales",239559,"Fasbender","Qingxiang"
"Sales",239572,"Tyugu","Jayson"
"Sales",239577,"Kossowski","Yonghong"
"Sales",239582,"Whitcomb","Bikash"
"Sales",239589,"Zockler","Chaoyi"
"Sales",427840,"Gihr","Holgard"
"Sales",427835,"Tsukune","Chaoyi"
"Sales",427821,"Zultner","Yuguang"
"Sales",427067,"Frijda","Bernice"
"Sales",239643,"Shrader","Gaetan"
"Sales",427059,"Levergood","Mohan"
"Sales",297192,"Peir","Ute"
"Sales",426992,"Negoita","Harjit"
"Sales",426717,"Murtagh","Lillian"
"Sales",426675,"Gewali","Boutros"
"Sales",251728,"Sabnani","Kasturi"
"Sales",426650,"Lund","Uzi"
"Sales",426641,"Chandrasekhar","Shem"
"Sales",239971,"Baalen","Arunachalam"
"Sales",425201,"Lortz","Gregory"
"Sales",239996,"Beutelspacher","Behnaam"
"Sales",425154,"Ghazalie","Mohamadou"
"Sales",297169,"Rousseau","Vincent"
"Sales",425124,"Merle","Lein"
"Sales",251745,"Rosch","Yolla"
"Sales",424098,"Kalloufi","Phillip"
"Sales",424042,"Waeselynck","Yakichi"
"Sales",423984,"Karcich","Zorica"
"Sales",297149,"Busillo","Alagu"
"Sales",423715,"Condotta","Tayeb"
"Sales",251782,"Aamodt","Somnath"
"Sales",240316,"Assaf","Chikara"
"Sales",422934,"Gladwell","Irene"
"Sales",422820,"Pluym","Kersti"
"Sales",240353,"Roisin","Leon"
"Sales",422093,"Angot","Yucel"
"Sales",422006,"Ranft","Nidapan"
"Sales",421998,"Bonifati","Shugo"
"Sales",421996,"Theuretzbacher","Zvonko"
"Sales",421990,"Lorin","Sariel"
"Sales",421981,"Gente","Kwangyoen"
"Sales",240464,"Tiemann","Dhritiman"
"Sales",421718,"Shumilov","Mantis"
"Sales",240491,"Eiter","Nakhoon"
"Sales",421693,"Ligten","Krisda"
"Sales",421666,"Emmerich","Moheb"
"Sales",421388,"Bernatsky","Elzbieta"
"Sales",420717,"Masaki","Zorica"
"Sales",420644,"Bojadziev","Magdalena"
"Sales",420620,"Schade","Xiaoqiu"
"Sales",420557,"Eastman","Mabhin"
"Sales",420519,"Veeraraghavan","Vishu"
"Sales",420518,"Valtorta","Ioana"
"Sales",240551,"Xiaoshan","Pohua"
"Sales",420164,"Beeson","Jamaludin"
"Sales",420151,"Maierhofer","Khoa"
"Sales",420144,"Bernini","Tzvetan"
"Sales",240616,"Passino","Moie"
"Sales",240617,"Noriega","Leah"
"Sales",420109,"Waymire","Vishwani"
"Sales",420096,"Markovitch","Radhakrishnan"
"Sales",420083,"Shackel","Xuedong"
"Sales",420020,"Engberts","Khosrow"
"Sales",240662,"Keustermans","Zsolt"
"Sales",419999,"Bugaenko","Shahar"
"Sales",419985,"Siegrist","Fox"
"Sales",419957,"Kirkerud","Weidon"
"Sales",419915,"Lampe","Bingning"
"Sales",240747,"Perez","Harngdar"
"Sales",240771,"Gyorkos","Menkae"
"Sales",419821,"Anger","Stella"
"Sales",240794,"McClure","Aruna"
"Sales",240836,"Kulisch","Vivian"
"Sales",240869,"Hasham","Kirk"
"Sales",419619,"Chappelet","Hironoby"
"Sales",419610,"Lamparter","Marlo"
"Sales",240877,"Pehl","Zorica"
"Sales",240878,"Angot","Atilio"
"Sales",419595,"Dichev","Roselyn"
"Sales",419403,"Farrow","Xudong"
"Sales",241103,"Shimshoni","Yucel"
"Sales",419373,"Sambasivam","Nadjib"
"Sales",419367,"Gelosh","Moto"
"Sales",297119,"Maksimenko","Ekawit"
"Sales",419339,"Rousseau","Volkmar"
"Sales",419332,"Ranai","Ioana"
"Sales",419275,"Ghandeharizadeh","Demin"
"Sales",419251,"Munke","Ghassan"
"Sales",419243,"Gecsei","Toong"
"Sales",419216,"Munck","Kwangho"
"Sales",419187,"Goodrum","Chrisa"
"Sales",241195,"Oehlmann","Krister"
"Sales",419172,"Morris","Parke"
"Sales",419106,"Kushnir","Kersti"
"Sales",477302,"Budinsky","Chenxi"
"Sales",477606,"Miyakawa","Shim"
"Sales",477610,"Levergood","Giao"
"Sales",477244,"Navazio","Tokuyasu"
"Sales",477832,"Benzmuller","Baoqiu"
"Sales",477234,"Kandlur","Shimshon"
"Sales",476923,"Benveniste","Fuqing"
"Sales",476920,"Heering","Dinkar"
"Sales",477906,"Varley","Mahendra"
"Sales",419099,"Broomell","Heon"
"Sales",477932,"Mahnke","Becky"
"Sales",419088,"Bergere","Abdulah"
"Sales",476883,"Iivonen","Suvo"
"Sales",476872,"Stifter","Gao"
"Sales",476845,"Basawa","Zhonghua"
"Sales",476841,"Valiente","Margareta"
"Sales",476586,"Felcyn","Mara"
"Sales",478012,"Leivant","Mostafa"
"Sales",478015,"Lortz","Barry"
"Sales",476584,"Noriega","Gonzalo"
"Sales",476554,"Antonakopoulos","Reinhard"
"Sales",476511,"Skrikant","Vatsa"
"Sales",476251,"Peternell","Toshiko"
"Sales",476248,"Majewski","Guttorm"
"Sales",478088,"Vanwelkenhuysen","Ung"
"Sales",478092,"Tischendorf","Vidya"
"Sales",419004,"Karlin","Lalit"
"Sales",478150,"Scallan","Martial"
"Sales",475852,"Bondorf","Sachar"
"Sales",475831,"Orlowski","Shir"
"Sales",475829,"Remmers","Jaques"
"Sales",475791,"Pileggi","Arie"
"Sales",475740,"Decleir","Sanjiv"
"Sales",475664,"Barinka","Hilari"
"Sales",475416,"Chenoweth","Stein"
"Sales",475396,"Fiutem","Xiahua"
"Sales",475108,"Hoppenstand","Basim"
"Sales",475059,"Radwan","Christophe"
"Sales",478482,"Kinley","Koichi"
"Sales",474753,"Luce","Stafford"
"Sales",478683,"Matheson","Irena"
"Sales",474728,"Fandrianto","Kousuke"
"Sales",474681,"Nitta","Padma"
"Sales",474454,"McClure","Quingbo"
"Sales",474433,"Velasco","Lene"
"Sales",418989,"Lorch","Gio"
"Sales",474417,"Curless","Florina"
"Sales",241640,"Schiper","Sailaja"
"Sales",474315,"Shrader","Badri"
"Sales",473770,"Ranze","Tianruo"
"Sales",473680,"Schrift","Lena"
"Sales",478800,"Siegrist","Terresa"
"Sales",473476,"Luit","Mariusz"
"Sales",473437,"Hutton","Samphel"
"Sales",473419,"Mellouli","Uriel"
"Sales",479018,"Lambe","Narain"
"Sales",473383,"Hasham","Christ"
"Sales",472443,"Varley","Sakthirel"
"Sales",472431,"Jumpertz","Khun"
"Sales",472374,"Montemayor","Xuedong"
"Sales",472350,"Collavizza","Rafail"
"Sales",472312,"Cools","Masami"
"Sales",472132,"Atchley","Yucai"
"Sales",479163,"Peres","Shigeichiro"
"Sales",472128,"Millington","Aloys"
"Sales",479361,"Rouquie","Evgueni"
"Sales",472004,"Thummel","Willard"
"Sales",472002,"Percebois","Denis"
"Sales",471984,"Nyanchama","Sachin"
"Sales",479403,"Peral","Gadiel"
"Sales",471821,"Bergere","Moty"
"Sales",418952,"Chiola","Monique"
"Sales",471520,"Panienski","Kirk"
"Sales",471507,"Junot","Heeju"
"Sales",479467,"Sommer","Gully"
"Sales",471505,"Debuse","Amalendu"
"Sales",471491,"Ponthieu","Shim"
"Sales",471288,"Thambidurai","Shay"
"Sales",471280,"Pluym","Odoardo"
"Sales",418948,"Sidou","Badri"
"Sales",471259,"Danner","Yuchang"
"Sales",479705,"Laurillard","Subhrajyoti"
"Sales",471168,"Gunderson","Berto"
"Sales",471154,"Pulkowski","Lenore"
"Sales",470862,"Trogemann","Muneo"
"Sales",479780,"Mayerwieser","Shietung"
"Sales",479820,"Schieder","Valeska"
"Sales",479829,"Nicolson","Becky"
"Sales",470836,"Thummel","Chiranjit"
"Sales",418717,"Magliocco","Arunachalam"
"Sales",480037,"Weiland","Mahendra"
"Sales",470771,"Garnick","Reinhard"
"Sales",470766,"Stamatiou","Tiina"
"Sales",470689,"Koprowski","Tomofumi"
"Sales",480159,"Buescher","Kazuhiko"
"Sales",418679,"Quadeer","Toong"
"Sales",470643,"Kawashimo","Patricia"
"Sales",470572,"Melski","Randy"
"Sales",470545,"Murtha","Jacqueline"
"Sales",418667,"Miara","Masasuke"
"Sales",480254,"Molenkamp","Zhongwei"
"Sales",470533,"Comellas","Sakthirel"
"Sales",470528,"Plump","Sanjiv"
"Sales",480276,"Douceur","Chenxi"
"Sales",470524,"Angelov","Jinya"
"Sales",418628,"Magalhaes","Danil"
"Sales",470458,"Erez","Tremaine"
"Sales",470396,"Bhattacharjee","Licheng"
"Sales",480330,"Jansch","Georgy"
"Sales",470294,"Kusakari","Alenka"
"Sales",470184,"Lundstrom","Ranan"
"Sales",470176,"Lubachevsky","Richard"
"Sales",480562,"Szilard","Wojceich"
"Sales",470120,"Picel","Djenana"
"Sales",480591,"Kumaresan","Mary"
"Sales",470062,"Murrill","Jixiang"
"Sales",470052,"Middleton","Serge"
"Sales",480632,"Bahl","Reinhard"
"Sales",470034,"Weedon","Nahum"
"Sales",480653,"Serot","Etsuo"
"Sales",480670,"Penz","Sanjoy"
"Sales",480845,"Beidas","Adamantios"
"Sales",480857,"Poujol","Dzung"
"Sales",469958,"Orlowska","Mikhail"
"Sales",469957,"Munro","Junichi"
"Sales",469930,"Muntz","Jeane"
"Sales",480918,"Ghazalie","DAIDA"
"Sales",481191,"Suwa","Goh"
"Sales",469777,"Anick","Hatsukazu"
"Sales",481218,"Vural","Xiaocheng"
"Sales",469769,"Pelz","Ewing"
"Sales",469767,"Pramanik","Serge"
"Sales",481245,"Bael","Mong"
"Sales",418520,"Rosiles","Visit"
"Sales",481258,"DiGiano","Sudharsan"
"Sales",481272,"Baalen","Chrisa"
"Sales",481274,"Dulli","Djenana"
"Sales",481282,"Zirintsis","Masali"
"Sales",469591,"Borovoy","Morrie"
"Sales",481290,"Ritcey","Xiong"
"Sales",469427,"Werthner","Przemyslawa"
"Sales",481314,"Kilgour","Basim"
"Sales",469386,"Cangellaris","Cristinel"
"Sales",481330,"Asser","Odysseas"
"Sales",481520,"Hartvigsen","Etsuo"
"Sales",481532,"Chaudhury","Gadiel"
"Sales",481537,"Munch","Yucai"
"Sales",481544,"Riexinger","Georg"
"Sales",418515,"Chachaty","Naftali"
"Sales",469264,"Lindenbaum","Murthy"
"Sales",469255,"DiGiano","Serenella"
"Sales",469252,"Picel","Slavian"
"Sales",469242,"Cheshire","Kirk"
"Sales",469228,"Legleitner","Taisook"
"Sales",469204,"Madeira","Kayoko"
"Sales",469179,"Talmor","Yannik"
"Sales",481849,"Krone","Mayumi"
"Sales",469101,"Angot","Remmert"
"Sales",418491,"Constantine","Aram"
"Sales",469019,"Pietracaprina","Tokuyasu"
"Sales",468993,"Brobst","Dietrich"
"Sales",481958,"Serre","Zhilian"
"Sales",468884,"Cusworth","Marin"
"Sales",481963,"Collette","Giri"
"Sales",481975,"Gruenwald","Dayanand"
"Sales",418466,"Huttel","Reuven"
"Sales",468839,"Dalphin","Satyanarayana"
"Sales",468823,"McFarlan","Owen"
"Sales",468807,"Bellmore","Malu"
"Sales",468725,"Shanbhogue","Eirik"
"Sales",482085,"Unni","Jolita"
"Sales",482096,"Speckmann","Ekawit"
"Sales",418315,"Nyrup","Alain"
"Sales",468693,"Eldridge","Udaiprakash"
"Sales",468555,"Gaughan","Shietung"
"Sales",468532,"Menhardt","Xuejun"
"Sales",468531,"Hooghiemstra","Dinkar"
"Sales",468527,"Luan","Sibyl"
"Sales",468516,"Murillo","Iara"
"Sales",482215,"Nations","Arto"
"Sales",468478,"Talmor","Shih"
"Sales",468389,"Tzvieli","Shuji"
"Sales",468376,"Rusmann","Maren"
"Sales",468342,"Birge","Golgen"
"Sales",482273,"Anick","Lunjin"
"Sales",468102,"Debuse","Harngdar"
"Sales",418311,"Tiemann","Chenxi"
"Sales",482334,"Speer","Kshitij"
"Sales",468063,"Henseler","Jungsoon"
"Sales",467925,"Cronau","Manu"
"Sales",482426,"Roison","Kwun"
"Sales",467837,"Makinen","Sanjit"
"Sales",418261,"Warwick","Mansur"
"Sales",482710,"Munch","Takahito"
"Sales",467804,"Merli","Billie"
"Sales",467741,"Hegner","Aluzio"
"Sales",467718,"Pews","Fatemeh"
"Sales",467704,"Demian","Shigeu"
"Sales",417904,"Schrift","Reinhard"
"Sales",467655,"Binkley","Kwan"
"Sales",467641,"Engberts","Masadi"
"Sales",467450,"Ciolek","Kitty"
"Sales",467402,"Stanfel","Marin"
"Sales",482839,"Ozeri","Jiakeng"
"Sales",482849,"Schaad","Matk"
"Sales",467363,"Peck","Thanasis"
"Sales",467345,"Kobuchi","Florian"
"Sales",467318,"Montresor","Fumiyo"
"Sales",467307,"Kuszyk","Niclas"
"Sales",467286,"Mitina","Aruna"
"Sales",467282,"Berendt","Chrisa"
"Sales",467244,"Christianini","Chiradeep"
"Sales",482922,"Cappelli","Van"
"Sales",467212,"Leonhardt","Laurentiu"
"Sales",467196,"Peyn","Hatsukazu"
"Sales",467171,"Baak","Juyoung"
"Sales",467120,"Ohori","Satosi"
"Sales",482944,"Journel","Duke"
"Sales",467078,"Bolsens","Mechthild"
"Sales",467068,"Christianini","Leon"
"Sales",467047,"Gronowski","Naraig"
"Sales",467042,"Backhouse","Shalesh"
"Sales",466939,"Ranst","Oscar"
"Sales",466934,"Schaaf","Taiji"
"Sales",466917,"Rande","Billur"
"Sales",466798,"Chinin","Debaprosad"
"Sales",466797,"Thimonier","Raimond"
"Sales",483048,"Schnelling","Saddek"
"Sales",466742,"Dalton","Shridhar"
"Sales",483084,"Rosenbaum","Maria"
"Sales",466726,"Rousseau","Georgi"
"Sales",483088,"Erdmenger","Christoper"
"Sales",483091,"Ramsay","Xuejun"
"Sales",483093,"Gischer","Randy"
"Sales",466701,"Ashish","Frederique"
"Sales",466684,"Ibel","Khue"
"Sales",466663,"Limongiello","Lokesh"
"Sales",483165,"Backhouse","Aluzio"
"Sales",466645,"Shokrollahi","Mamdouh"
"Sales",417879,"Demizu","Shunichi"
"Sales",466613,"Zlotek","Ult"
"Sales",466597,"Emmerich","Otmar"
"Sales",466526,"Petereit","Chenye"
"Sales",466513,"Fandrianto","Mabry"
"Sales",483420,"Baaz","Yoshinari"
"Sales",466507,"Speek","Gilbert"
"Sales",483441,"Sigstam","Remzi"
"Sales",466460,"Marquardt","Gina"
"Sales",466447,"Malabarba","Juyoung"
"Sales",483471,"Jayawardene","Jinya"
"Sales",466363,"Fontan","Weidon"
"Sales",483557,"Kossowski","Brigham"
"Sales",466287,"Speel","Gou"
"Sales",466219,"Merkl","Elrique"
"Sales",483592,"Claffy","Lein"
"Sales",483606,"Pollock","Samphel"
"Sales",466183,"Erie","Jiafu"
"Sales",466178,"Lipner","Mario"
"Sales",466147,"Coorg","Kenroku"
"Sales",483661,"Fairtlough","Shmuel"
"Sales",466064,"Danlos","Temple"
"Sales",483709,"Peternell","Goh"
"Sales",417851,"Monkewich","Kamran"
"Sales",483738,"Boreale","Siamak"
"Sales",483756,"Qiwen","JiYoung"
"Sales",466061,"Basawa","Francesca"
"Sales",417795,"Borstler","Ferdinand"
"Sales",466003,"Ratnaker","Jamaludin"
"Sales",465851,"Felder","Gilbert"
"Sales",465834,"Slutz","Nevin"
"Sales",465790,"Suomi","Masaru"
"Sales",465760,"Cullers","Tristan"
"Sales",465698,"Demos","Ranan"
"Sales",465681,"Peral","Stevo"
"Sales",465617,"Hempstead","Hideyuki"
"Sales",465603,"Lorch","Uma"
"Sales",483951,"Parhami","Teunis"
"Sales",465590,"Besselaar","Karsten"
"Sales",417791,"Nyanchama","Constantino"
"Sales",483983,"Ravishankar","Shigeu"
"Sales",417771,"Peir","Yishay"
"Sales",484003,"Irland","Vincent"
"Sales",465449,"Perko","Tadahiro"
"Sales",465264,"Pearson","Katsuyuki"
"Sales",465223,"Erva","Yishai"
"Sales",465146,"Naumovich","Naftaly"
"Sales",465126,"Eugenio","Szabolcs"
"Sales",484208,"Ebeling","Lidong"
"Sales",465108,"Rikino","Karlis"
"Sales",465077,"Lenart","JoAnne"
"Sales",465069,"Gurbaxani","Gregory"
"Sales",465034,"Socorro","Sven"
"Sales",484240,"Plavsic","Pranjal"
"Sales",465001,"Kavanagh","Guozhong"
"Sales",484278,"Klassen","Yuqun"
"Sales",464954,"Katalagarianos","Mana"
"Sales",464947,"Lanzelotte","Holgard"
"Sales",484301,"Undy","Neelam"
"Sales",484303,"Jiafu","Geraldo"
"Sales",464944,"Sullins","Sreenivas"
"Sales",464890,"Kermarrec","Chandrasekaran"
"Sales",484342,"Delgrange","Guangming"
"Sales",464857,"Magliocco","Limsoon"
"Sales",464766,"Hebert","Divine"
"Sales",484546,"Litzkow","Lijia"
"Sales",464694,"Lichtman","Piyawadee"
"Sales",484555,"Demos","Soenke"
"Sales",484582,"Kobara","Tsvetan"
"Sales",464689,"Gist","Juichirou"
"Sales",484619,"Fargier","Fei"
"Sales",464632,"Schmiedel","Fatemeh"
"Sales",417565,"Edelhoff","Pranjal"
"Sales",464570,"Panienski","Khatoun"
"Sales",464555,"Zastre","Kellyn"
"Sales",417192,"Lueh","Sailaja"
"Sales",464521,"Dichev","Hiroyasu"
"Sales",464513,"Coombs","Chenye"
"Sales",464491,"Osgood","Nadjib"
"Sales",464484,"Takanami","Naraig"
"Sales",464444,"Erbe","Kankanahalli"
"Sales",464365,"Krogh","Shaowen"
"Sales",464346,"Bazzichi","Bernardo"
"Sales",464321,"Melton","Charmane"
"Sales",484845,"Murillo","Arnould"
"Sales",464267,"Reghbati","Serge"
"Sales",464225,"Langford","Adin"
"Sales",485215,"Lampe","Zhigen"
"Sales",464192,"Buchter","Oksana"
"Sales",464148,"Siepmann","Hauke"
"Sales",485244,"Bage","George"
"Sales",464134,"Improta","Sumant"
"Sales",464028,"Panienski","Jamaludin"
"Sales",464009,"Pillow","Gian"
"Sales",463940,"Kroha","Jinya"
"Sales",485328,"Dichev","Basant"
"Sales",463866,"Riefers","Radoslaw"
"Sales",417185,"Heemskerk","Jongsuk"
"Sales",463801,"Vilarrasa","Reinhard"
"Sales",485879,"Waymire","Shugo"
"Sales",463763,"Hiyoshi","Alexius"
"Sales",485924,"Horswill","Djenana"
"Sales",485930,"Gecsel","Phule"
"Sales",485937,"Vanwelkenhuysen","Zsolt"
"Sales",463644,"Schneeberger","Zorica"
"Sales",463642,"Rosch","Nathan"
"Sales",485947,"Mersereau","Yuriy"
"Sales",463636,"Zongker","Taiji"
"Sales",463632,"Foote","Chinya"
"Sales",463620,"Bruckman","Sakthirel"
"Sales",485998,"Pews","Sakthirel"
"Sales",463611,"Valiente","Mori"
"Sales",463431,"Samarati","Lalit"
"Sales",463343,"Leonhardt","Shahid"
"Sales",462242,"Chepyzhov","Valdiodio"
"Sales",462222,"Shumilov","Kazuhiro"
"Sales",417160,"Benaini","Chandrasekaran"
"Sales",486088,"Bergere","Shalesh"
"Sales",486094,"Senzako","Keung"
"Sales",462170,"Thorelli","Vivian"
"Sales",461907,"Negoita","Van"
"Sales",461831,"Miculan","Yinghua"
"Sales",461753,"Mawatari","Hidde"
"Sales",461623,"Gewali","Valdiodio"
"Sales",486232,"Gammage","Mohammed"
"Sales",461561,"Lanteri","Larisa"
"Sales",461560,"Naumovich","Chriss"
"Sales",461490,"Blokdijk","Cristinel"
"Sales",461450,"Hinsberger","Xiaoshan"
"Sales",461448,"McClurg","Luisa"
"Sales",486306,"Peyn","DAIDA"
"Sales",461168,"Kushner","Anestis"
"Sales",486311,"Stemann","Brigham"
"Sales",461124,"Schmezko","Hiroyasu"
"Sales",461046,"Theuretzbacher","Gilbert"
"Sales",486359,"Frezza","Murthy"
"Sales",486867,"Gladwell","Honglan"
"Sales",460977,"Sigstam","Mansur"
"Sales",460975,"Miake","Filipe"
"Sales",460944,"Bruckman","Chikara"
"Sales",460939,"Szmurlo","Sailaja"
"Sales",486918,"Remmers","Yagil"
"Sales",460565,"Sgarro","Basim"
"Sales",460550,"Pauthner","Ung"
"Sales",486976,"Nanard","Jouko"
"Sales",460531,"Lagarias","Satyanarayana"
"Sales",460502,"Gente","Kristina"
"Sales",459880,"Strandh","Arvind"
"Sales",459877,"Demir","Shem"
"Sales",459865,"Bernick","Chrisa"
"Sales",459852,"Baaleh","Debatosh"
"Sales",459820,"Nyanchama","Pranay"
"Sales",487222,"Bahi","Arve"
"Sales",459756,"Lindqvist","Reinhold"
"Sales",459750,"Ernst","Danai"
"Sales",487258,"Kroll","Larisa"
"Sales",459666,"Claffy","Mary"
"Sales",487347,"Pleszkun","Masaru"
"Sales",487358,"Katalagarianos","Godehard"
"Sales",416904,"Koblick","Hauke"
"Sales",459632,"Riefers","Fayez"
"Sales",459589,"Baaz","Radhika"
"Sales",459572,"Sewelson","Houman"
"Sales",459565,"Massonet","Xinan"
"Sales",487893,"Marwedel","Jiang"
"Sales",487898,"Muntz","Yongmao"
"Sales",459429,"Verhaegen","Mohit"
"Sales",459385,"Rando","Gritta"
"Sales",487944,"Clouatre","Adhemar"
"Sales",459342,"Vidal","Niclas"
"Sales",458817,"Trystram","Torsten"
"Sales",488011,"Slaats","Mang"
"Sales",458788,"Munawer","Yuqun"
"Sales",458770,"Ranai","Sadegh"
"Sales",458767,"Raoux","Nalini"
"Sales",458758,"Kemmerer","Divine"
"Sales",488222,"Kleiser","Taisook"
"Sales",458659,"Kitsuregawa","Feixiong"
"Sales",458611,"Lemarechal","Mikhail"
"Sales",458567,"Demian","Vasilis"
"Sales",458541,"Daescu","Vivian"
"Sales",458444,"Lorie","Mahmut"
"Sales",458405,"Sundgren","Qiwen"
"Sales",458391,"Cangellaris","Martine"
"Sales",458322,"Benzaken","Chandrasekaran"
"Sales",488725,"Magliocco","Toshiki"
"Sales",458211,"Steenbeek","Gopalakrishnan"
"Sales",458194,"Kugler","Ranan"
"Sales",458149,"Lindqvist","Shahid"
"Sales",458017,"Pellegrinelli","Sampalli"
"Sales",458006,"Varley","Alexius"
"Sales",457903,"Bierbaum","Ferdinand"
"Sales",488842,"Figueira","Haldon"
"Sales",488852,"Staudhammer","Shen"
"Sales",416816,"Azulay","Abdelaziz"
"Sales",457817,"Carrere","JoAnne"
"Sales",488860,"Skrikant","Sukumar"
"Sales",457802,"Merle","Radoslaw"
"Sales",489079,"Gips","Conrado"
"Sales",242337,"Hiyoshi","Ymte"
"Sales",457689,"Sommen","Janalee"
"Sales",457681,"DuBourdieux","Peer"
"Sales",489137,"Miculan","Sergi"
"Sales",457497,"Quaggetto","Otmar"
"Sales",457459,"Schieder","Huei"
"Sales",457245,"Cannata","Naftaly"
"Sales",457166,"Deville","Sadun"
"Sales",457158,"Socorro","Isamu"
"Sales",457156,"Koblick","Shaleah"
"Sales",489410,"Ratnakar","Falguni"
"Sales",457110,"Brodal","Jayesh"
"Sales",456708,"Schaaf","Gita"
"Sales",456697,"Luff","Spyrose"
"Sales",489511,"Kalsbeek","Arto"
"Sales",456601,"Sanella","Zeljko"
"Sales",456409,"Bahk","Jaques"
"Sales",489722,"Mukaidono","Jiann"
"Sales",456276,"Krohn","Zorica"
"Sales",489753,"Muhling","Uri"
"Sales",456226,"Lorho","Remzi"
"Sales",489804,"Pavlopoulou","Moss"
"Sales",242347,"Heystek","Teunis"
"Sales",456209,"Usery","Ohad"
"Sales",456174,"Raczkowsky","Vojin"
"Sales",456155,"Luks","Maha"
"Sales",242350,"England","Marie"
"Sales",456095,"Birta","Toshimi"
"Sales",490397,"Heuter","Sorina"
"Sales",456021,"Shigei","Jiang"
"Sales",455919,"Delgrande","Vasilis"
"Sales",490439,"Schlegelmilch","Maha"
"Sales",455704,"Schlumberger","Greger"
"Sales",455577,"Chimia","Subbu"
"Sales",490468,"Vidal","Fayez"
"Sales",490473,"Wuwongse","Kasturi"
"Sales",455520,"Berztiss","Eirik"
"Sales",455517,"Brookman","Udi"
"Sales",455514,"Bierbaum","Rosita"
"Sales",455501,"Hebden","Zhonghui"
"Sales",490532,"Shiratori","Frazer"
"Sales",455464,"Crelier","Willard"
"Sales",490722,"Prochazka","Sumant"
"Sales",455383,"Foong","Behnaam"
"Sales",490746,"Wegerle","Rimli"
"Sales",455377,"Bail","Masali"
"Sales",455376,"Eickenmeyer","Basil"
"Sales",455364,"Plesums","Ranga"
"Sales",490827,"Vitiello","Hyuncheol"
"Sales",455326,"Baaz","Shaowen"
"Sales",455289,"Tomescu","Martine"
"Sales",455066,"Comte","Tru"
"Sales",455063,"Ravishankar","Ravishankar"
"Sales",455026,"Paludetto","Falguni"
"Sales",455021,"Hennebert","Danel"
"Sales",454978,"Chandrasekhar","Yannik"
"Sales",454955,"Byoun","Shahab"
"Sales",454859,"Shihab","Wojceich"
"Sales",491133,"Bergere","Theirry"
"Sales",491155,"Rubsam","Lene"
"Sales",454777,"Weedon","Theirry"
"Sales",454724,"Bamford","Gina"
"Sales",454672,"Syang","Ulf"
"Sales",491205,"Kuszyk","Ioana"
"Sales",491208,"Denti","Remco"
"Sales",454647,"Honiden","Kayoko"
"Sales",491244,"Berstel","Collette"
"Sales",454637,"Steenbeek","Wilmer"
"Sales",454623,"Eiter","Bernice"
"Sales",454570,"Staelin","Vasilii"
"Sales",491269,"Egerstedt","Jixiang"
"Sales",454512,"Conti","Isaac"
"Sales",454453,"Menyhert","Kayoko"
"Sales",491287,"Bodoff","Marin"
"Sales",491294,"Yeung","Siamak"
"Sales",491307,"Gronowski","Gad"
"Sales",454406,"Skafidas","Sushant"
"Sales",242391,"Auria","Reuven"
"Sales",491337,"Kornyak","Keiichiro"
"Sales",454330,"Lagarias","Sarita"
"Sales",494590,"Kirkerud","Lansing"
"Sales",454299,"Terkki","Roselyn"
"Sales",494600,"Plump","Qiwen"
"Sales",494620,"Litecky","Shao"
"Sales",454277,"Gimbel","Elvia"
"Sales",454253,"Gargeya","Kensyu"
"Sales",454233,"Bruckman","Ewing"
"Sales",454172,"Demri","Huan"
"Sales",454072,"Gien","Basil"
"Sales",454068,"Bellmore","Angel"
"Sales",453916,"Speek","Shichao"
"Sales",494720,"Chenoweth","King"
"Sales",494722,"Bhattacharjee","Joydip"
"Sales",453912,"Osgood","Inderjeet"
"Sales",494734,"Gammage","Denny"
"Sales",453903,"Minakawa","Kenroku"
"Sales",453857,"Maginnis","Chirstian"
"Sales",453769,"Besselaar","Stella"
"Sales",416487,"Anick","Marsja"
"Sales",494982,"Veldwijk","Gopalakrishnan"
"Sales",453753,"Cherinka","Masako"
"Sales",453727,"Uludag","Temple"
"Sales",453716,"Tsukuda","Kiyomitsu"
"Sales",453591,"Cullers","Odoardo"
"Sales",495061,"Zirintsis","Wojceich"
"Sales",416432,"Ranai","Rasikan"
"Sales",453568,"Boissier","Akemi"
"Sales",495287,"Fontet","Babette"
"Sales",495302,"Shanbhogue","Moss"
"Sales",453477,"Perl","Pantung"
"Sales",453451,"Bouloucos","Snehasis"
"Sales",453403,"Flowers","Tua"
"Sales",453395,"Vidya","Kristian"
"Sales",453378,"Lambe","Genevieve"
"Sales",453364,"Katalagarianos","Barry"
"Sales",453299,"Penttonen","Hyuckchul"
"Sales",453295,"Shokrollahi","Susuma"
"Sales",453235,"Harbusch","Unal"
"Sales",453232,"Begiun","Xianlong"
"Sales",453155,"Matzov","Rosella"
"Sales",453055,"Flowers","Kazuhiko"
"Sales",497330,"Vilarrasa","Ayakannu"
"Sales",453036,"Murthy","Geoffrey"
"Sales",453015,"Pesch","Cordelia"
"Sales",452935,"Masaki","Doowon"
"Sales",497383,"Suwa","Fatemeh"
"Sales",452916,"Shinomoto","Rosalyn"
"Sales",452828,"Remmele","Kolar"
"Sales",452761,"Hellwagner","Vishwani"
"Sales",497653,"Leaver","Changho"
"Sales",452737,"Comellas","Elliott"
"Sales",452659,"Liesche","Hairong"
"Sales",452643,"Kemmerer","Adit"
"Sales",452631,"Steenbeek","Demin"
"Sales",452618,"Ghelli","Xiaobin"
"Sales",452598,"Lampe","Sumant"
"Sales",452456,"Ranze","Valdiodio"
"Sales",452372,"Peris","Aram"
"Sales",452343,"Sadowski","Tua"
"Sales",497780,"Orsini","Josyula"
"Sales",497815,"Kulisch","Gal"
"Sales",452242,"Maksimenko","Neven"
"Sales",497868,"Roccetti","Weidon"
"Sales",452234,"Karunanithi","Remco"
"Sales",497883,"Stranks","Odoardo"
"Sales",450702,"Schneeberger","Giap"
"Sales",450555,"Berztiss","Hidde"
"Sales",449940,"Pettis","Charlene"
"Sales",498150,"Pellegrinelli","Yakkov"
"Sales",498165,"Stavenow","Christoph"
"Sales",449913,"Linares","Oscar"
"Sales",449173,"Birsak","Doowon"
"Sales",449089,"Sundgren","Nidapan"
"Sales",449074,"Trelles","Mechthild"
"Sales",449050,"Michaels","Shakhar"
"Sales",448853,"Cannane","Adas"
"Sales",416083,"Sommen","Jeane"
"Sales",448824,"Budinsky","Marke"
"Sales",448813,"Mullainathan","Khosrow"
"Sales",448809,"Radhakrishnan","Muneo"
"Sales",498461,"Zwicker","Hironobu"
"Sales",448795,"Brlek","Jolita"
"Sales",448788,"Junet","Ramzi"
"Sales",448783,"Crabtree","Parto"
"Sales",498478,"Feldmann","Kwee"
"Sales",498488,"Pokrovskii","Kotesh"
"Sales",448492,"Paciorek","Shaz"
"Sales",498554,"Iisaka","Munehiko"
"Sales",498583,"Angot","Juichirou"
"Sales",448394,"Atchley","Parke"
"Sales",498780,"Bharadwaj","Deniz"
"Sales",498786,"Rande","Takahiro"
"Sales",498807,"Halloran","Aleksander"
"Sales",448253,"Zaiane","Jaques"
"Sales",498814,"Gecsei","Alagu"
"Sales",448219,"Segond","Zhilian"
"Sales",448034,"Kumaresan","Juyoung"
"Sales",498899,"Akazan","Kasidit"
"Sales",448002,"Mapelli","Munir"
"Sales",447998,"Remmele","Oddvar"
"Sales",447939,"Rullman","Mandell"
"Sales",447899,"Schaar","Nadjib"
"Sales",416005,"DuCasse","Chenxi"
"Sales",10209,"Ellozy","Yolla"
"Sales",447646,"Kavanagh","Huican"
"Sales",447644,"Pesch","Zsolt"
"Sales",447638,"Kaelbling","Bojan"
"Sales",447630,"McDermid","Mart"
"Sales",447593,"Suwa","Serif"
"Sales",447592,"Muniz","Candido"
"Sales",447574,"Iisaka","Tayeb"
"Sales",447002,"Callaway","Ishfaq"
"Sales",446983,"Argence","Oguz"
"Sales",446965,"Tagansky","Stevo"
"Sales",10864,"Spieker","Elliott"
"Sales",446939,"Pocchiola","Arno"
"Sales",446891,"Heuser","Susanta"
"Sales",446889,"Millington","Gaurav"
"Sales",446875,"Cincotta","Arve"
"Sales",445693,"Lakshmanan","Leen"
"Sales",10924,"Atchley","Hironoby"
"Sales",445635,"Skogmar","Bilhanan"
"Sales",10962,"Kugler","Naraig"
"Sales",445610,"Bratsberg","Emdad"
"Sales",445583,"Bruckman","Morrie"
"Sales",445562,"Pietracaprina","Alair"
"Sales",415955,"Openshaw","Arvind"
"Sales",445535,"Jeansoulin","Zsolt"
"Sales",11189,"Bodoff","Dante"
"Sales",11190,"Mellouli","Saeko"
"Sales",445485,"Swiler","Nevin"
"Sales",445459,"Uehara","Petter"
"Sales",11214,"Ibel","Elgin"
"Sales",11239,"Kenevan","Gurbir"
"Sales",11269,"Slutz","Garnik"
"Sales",11282,"Schaad","Josyula"
"Sales",242489,"Beeson","Xiaoheng"
"Sales",445417,"Bugrara","Giri"
"Sales",445412,"Ratzlaff","Odinaldo"
"Sales",445391,"Hopewell","Tesuro"
"Sales",445363,"Tsukune","Filipp"
"Sales",445354,"Baja","Jianwen"
"Sales",445340,"Hanratty","Moie"
"Sales",11338,"Hanratty","Kwangsub"
"Sales",11360,"Schach","Fen"
"Sales",445270,"Przulj","Stamatina"
"Sales",445257,"Sinitsyn","Tamiya"
"Sales",445223,"Ruemmler","Sachin"
"Sales",445219,"Falster","Chinho"
"Sales",445199,"Piveteau","Ekawit"
"Sales",11412,"Demeyer","Werner"
"Sales",444990,"Terkki","Udo"
"Sales",415942,"Wendorf","Ult"
"Sales",444191,"Terlouw","Mong"
"Sales",444174,"Pluym","Hirochika"
"Sales",444163,"Gente","Uriel"
"Sales",11443,"Nivat","Szabolcs"
"Sales",415907,"Menyhert","Kwee"
"Sales",444071,"Hasham","Shaibal"
"Sales",11472,"Ghandeharizadeh","Constantino"
"Sales",444021,"Levasseur","Barry"
"Sales",11483,"Mateescu","Zine"
"Sales",11717,"Chaudhury","Mona"
"Sales",11728,"Makrucki","Serge"
"Sales",443949,"Uchoa","Caolyn"
"Sales",443877,"Melter","Arvin"
"Sales",443867,"Perelgut","Fumitake"
"Sales",242505,"Hockney","Yishay"
"Sales",12349,"Denos","Yannik"
"Sales",443794,"Kroll","Takahira"
"Sales",443772,"Delaune","Remko"
"Sales",12373,"Driscoll","Mooi"
"Sales",443753,"Snyers","Dekang"
"Sales",443732,"Dredge","Gopalakrishnan"
"Sales",12412,"Peres","Chaitali"
"Sales",415891,"Gustavson","Moti"
"Sales",443718,"Masand","Roselyn"
"Sales",443708,"Kabayashi","Bernardo"
"Sales",12438,"Mondadori","Yongmao"
"Sales",443704,"Buescher","Prodip"
"Sales",443689,"Panwar","Miomir"
"Sales",443653,"Asser","Gregory"
"Sales",443631,"Braunmuhl","Bingning"
"Sales",443612,"Bakhtari","Valter"
"Sales",443596,"Egerstedt","Vishv"
"Sales",443557,"Androutsos","Ute"
"Sales",443505,"Pargas","Ronghao"
"Sales",12800,"Hettesheimer","Tiina"
"Sales",443475,"Serna","Arif"
"Sales",443474,"Hiyoshi","Xiaopeng"
"Sales",443451,"Perfilyeva","Goa"
"Sales",443442,"Comellas","Goa"
"Sales",443427,"Roisin","Yonghong"
"Sales",442840,"Malinowski","Samphel"
"Sales",442800,"Azadmanesh","Herb"
"Sales",442785,"Tibblin","Jacqueline"
"Sales",415859,"Gonthier","Leon"
"Sales",442783,"Chaudhury","Hilary"
"Sales",442737,"Butterworth","Heekeun"
"Sales",442651,"Debuse","Bedrich"
"Sales",415858,"Dahlbom","Tesuro"
"Sales",442629,"Meszaros","Godehard"
"Sales",13147,"Ginesta","Shichao"
"Sales",297026,"Schaar","Niranjan"
"Sales",442612,"Peron","Huiqun"
"Sales",442606,"Penz","Atreye"
"Sales",442533,"Junet","Gianluca"
"Sales",442495,"Rande","Ipke"
"Sales",442440,"Siksek","Nakhoon"
"Sales",442426,"Coney","Fay"
"Sales",442422,"Luca","Harjit"
"Sales",442401,"Pouyioutas","Hein"
"Sales",13606,"Feldmann","Tuval"
"Sales",13608,"Ducloy","Charmane"
"Sales",442369,"Fiebach","Lunjin"
"Sales",442368,"Hofman","Piyawadee"
"Sales",442319,"Monkewich","Khue"
"Sales",442298,"Kaiser","Junichi"
"Sales",442251,"Pietracaprina","Ronghao"
"Sales",13656,"Ferretti","Oldrich"
"Sales",13660,"McConalogue","Ziya"
"Sales",442137,"Farrag","Sanjoy"
"Sales",442071,"Smailagic","Mandell"
"Sales",442060,"Sessa","Kousuke"
"Sales",442053,"Alpin","Weiwu"
"Sales",441953,"Sabnani","Martijn"
"Sales",441938,"Fadgyas","Toong"
"Sales",13754,"Bahr","Jongsuk"
"Sales",13769,"Trogemann","Yakichi"
"Sales",13790,"DiGiano","Hongzue"
"Sales",441898,"Kaltofen","Weiwu"
"Sales",13812,"Sury","Fumiko"
"Sales",441861,"Gihr","Mantis"
"Sales",441846,"Lubachevsky","Hsiangchu"
"Sales",441811,"Lichtner","Salvador"
"Sales",441773,"Cesareni","Shigenori"
"Sales",441729,"Kropp","Michaela"
"Sales",14054,"Borstler","Babette"
"Sales",441707,"Hegner","Kwun"
"Sales",242557,"Ranai","IEEE"
"Sales",441641,"Bakhtari","Candida"
"Sales",441543,"Hoogerwoord","Kerhong"
"Sales",441535,"Greibach","Barun"
"Sales",14119,"Georgakopoulos","Katsuo"
"Sales",14125,"Ertl","Taisook"
"Sales",441500,"Schaar","Bokyung"
"Sales",441484,"Baak","Boaz"
"Sales",441480,"Spataro","Bezalel"
"Sales",415800,"Bratsberg","Otilia"
"Sales",441454,"Oberman","Reinhold"
"Sales",441445,"Morris","Anestis"
"Sales",14184,"Barvinok","Nalini"
"Sales",441434,"Beetstra","Chenxi"
"Sales",415772,"Saoudi","Yuqun"
"Sales",14381,"Weedon","Danco"
"Sales",14382,"Sichman","Zhigen"
"Sales",14396,"Gubsky","Charmane"
"Sales",441382,"Garnham","Rosella"
"Sales",441378,"Brender","Itzchak"
"Sales",14413,"Masand","Shim"
"Sales",441371,"Leppanen","Vidya"
"Sales",441347,"Yurov","Tremaine"
"Sales",14487,"Molenkamp","Jungsoon"
"Sales",441344,"Keustermans","Roselyn"
"Sales",14524,"Trogemann","Nobuyoshi"
"Sales",441273,"Bottner","Yunming"
"Sales",441252,"Bennis","Arun"
"Sales",242584,"Calkin","Vasiliy"
"Sales",242586,"Gulik","Xinglin"
"Sales",441226,"Merks","Macha"
"Sales",441211,"Shackell","Jacqueline"
"Sales",14607,"Selvestrel","Suzette"
"Sales",441145,"Krzyzanowski","Panayotis"
"Sales",441057,"Segond","Boaz"
"Sales",415767,"Matzke","Kenton"
"Sales",440793,"Pauthner","Claudi"
"Sales",440777,"Hanratty","Jacopo"
"Sales",440695,"Ruemmler","Gaetan"
"Sales",415754,"Penz","Uriel"
"Sales",14894,"Picaronny","Achilleas"
"Sales",440616,"Syrotiuk","Naftaly"
"Sales",440562,"Skogmar","Chikako"
"Sales",440561,"Chinin","Zeljko"
"Sales",440527,"Engelmann","Weiye"
"Sales",14986,"Srimani","Perla"
"Sales",440497,"Leslie","Ohad"
"Sales",14991,"Bael","Odinaldo"
"Sales",440484,"Chaudhuri","Shigenori"
"Sales",440413,"Renear","Godehard"
"Sales",440324,"Veevers","Arvin"
"Sales",440323,"Radwan","Ravishankar"
"Sales",440222,"Panienski","Geoff"
"Sales",440167,"Werthner","Hein"
"Sales",440165,"Danecki","Navid"
"Sales",15097,"Winter","Gudjon"
"Sales",15134,"Luiz","Arun"
"Sales",439778,"Ouhyoung","Xinyu"
"Sales",15143,"Krupka","Chiradeep"
"Sales",439775,"Murrill","Uriel"
"Sales",439746,"Emmart","Sakthirel"
"Sales",15170,"Bale","Mana"
"Sales",439722,"Kaltofen","Weicheng"
"Sales",15360,"Neiman","Xianlong"
"Sales",15394,"Plessier","Limsoon"
"Sales",439479,"McClurg","Jinxi"
"Sales",439457,"Radivojevic","Tooru"
"Sales",439360,"Ozeki","Conrado"
"Sales",438728,"Gente","Zhanqiu"
"Sales",438716,"Schmiedel","Marin"
"Sales",438712,"Marletta","Xinan"
"Sales",438684,"Menyhert","Limsoon"
"Sales",242631,"Foote","Xiaocheng"
"Sales",438584,"Pero","Sangeeta"
"Sales",15558,"Pehl","Aron"
"Sales",15566,"Azuma","Baoqiu"
"Sales",438551,"Vingron","Randy"
"Sales",438535,"Halevi","Debaprosad"
"Sales",15577,"Menhardt","Matt"
"Sales",438527,"Berstel","Zissis"
"Sales",438323,"Hoppenstand","Mang"
"Sales",15590,"Kaminger","Shuichi"
"Sales",15601,"Anily","Carrsten"
"Sales",438317,"Tyugu","Sandeepan"
"Sales",438313,"Birke","Sugwoo"
"Sales",438302,"Huhdanpaa","Hiroyasu"
"Sales",438289,"Collavizza","Kiyokazu"
"Sales",438284,"Veccia","Berry"
"Sales",438213,"Zultner","Lorien"
"Sales",437650,"Fasbender","Ramalingam"
"Sales",437500,"Gecseg","Aiichiro"
"Sales",437330,"Ranai","Susumu"
"Sales",437241,"Moffat","Angus"
"Sales",437197,"Stanger","Supot"
"Sales",16006,"Matzen","Frederique"
"Sales",437185,"Rikino","Sanjay"
"Sales",16051,"Slutz","Yagil"
"Sales",437099,"Ulupinar","Pranjal"
"Sales",16062,"Peak","Jaques"
"Sales",437083,"Lukaszewicz","Mara"
"Sales",16105,"Tetzlaff","Alper"
"Sales",437063,"Werthner","Kristina"
"Sales",436793,"Juneja","Ramalingam"
"Sales",436657,"Veeraraghavan","Chikako"
"Sales",436594,"Baig","Makato"
"Sales",436299,"Schade","Shigeu"
"Sales",436246,"Tischendorf","Amabile"
"Sales",16173,"Ranka","Adhemar"
"Sales",16175,"Baik","Amabile"
"Sales",436104,"Nyanchama","Pintsang"
"Sales",16403,"Chelton","Houman"
"Sales",436099,"Delgrange","Yonghoan"
"Sales",436084,"Brodal","Eben"
"Sales",16502,"Honiden","Brigham"
"Sales",435814,"Isaac","Rosalie"
"Sales",435797,"Birge","Shaz"
"Sales",242647,"Itzigehl","Jiong"
"Sales",434816,"Chaudhuri","Halsur"
"Sales",16558,"Eppinger","Jiong"
"Sales",434800,"Ciolek","Hidekazu"
"Sales",434727,"Stanfel","Takahira"
"Sales",434710,"Fiebach","Odysseas"
"Sales",16651,"Marrakchi","Huiqun"
"Sales",434421,"Marletta","Odysseas"
"Sales",16659,"Yurov","Subhash"
"Sales",434412,"Hoppenstand","Xiahua"
"Sales",434056,"Millington","Arfst"
"Sales",434023,"Worfolk","Kristian"
"Sales",16873,"Wrigley","Gunilla"
"Sales",433110,"Garnier","Fun"
"Sales",433079,"Szemeredi","Evgueni"
"Sales",433062,"Erman","Kiam"
"Sales",433059,"Montresor","Bojan"
"Sales",242672,"Gewali","Petter"
"Sales",432934,"Luon","Avishai"
"Sales",16975,"Borovoy","Krisda"
"Sales",432908,"Nyrup","Faiza"
"Sales",432885,"Stille","Barton"
"Sales",242676,"Vitiello","Tremaine"
"Sales",432877,"Legleitner","Paddy"
"Sales",17019,"Sadowsky","Masoud"
"Sales",432848,"Fujisaki","Phule"
"Sales",432844,"Matzel","Arnd"
"Sales",432815,"Smailagic","Martins"
"Sales",432621,"Kuzuoka","Kazuhiro"
"Sales",432600,"Senzako","Peternela"
"Sales",17146,"Barbanera","Aemilian"
"Sales",432516,"Karcich","Arlette"
"Sales",432228,"Parveen","Teruyuki"
"Sales",432220,"Anguita","Laurentiu"
"Sales",17208,"Melichar","Kiyokazu"
"Sales",432192,"Ruemmler","Shridhar"
"Sales",432151,"Kitai","Zongyan"
"Sales",17238,"Schach","Achilleas"
"Sales",431949,"Gulla","Mark"
"Sales",17255,"Krybus","Guozhong"
"Sales",17266,"Velardi","Conrado"
"Sales",431946,"Serdy","Suvo"
"Sales",431875,"Quaggetto","Teruyuki"
"Sales",431835,"Berztiss","Mantis"
"Sales",431826,"Lorie","Serenella"
"Sales",17291,"Berendt","Heather"
"Sales",431136,"Penttonen","JoAnna"
"Sales",429603,"Ramamoorthy","Marsja"
"Sales",429542,"Sevcikova","Marco"
"Sales",17370,"Michaeli","Mostafa"
"Sales",17388,"Michaels","Jianhao"
"Sales",429532,"Vendrig","Bartek"
"Sales",429505,"Wielonsky","Gina"
"Sales",17436,"Munawer","Chirstian"
"Sales",17450,"Fairtlough","Jinpo"
"Sales",429435,"Perin","Fay"
"Sales",429283,"Argence","Uno"
"Sales",429275,"Caine","Garnik"
"Sales",429253,"Chvatal","Candida"
"Sales",429230,"Bierbaum","Lalit"
"Sales",429136,"Walston","Emdad"
"Sales",242679,"Awdeh","Domenico"
"Sales",429134,"Heering","Khalil"
"Sales",428881,"Back","Venkatesan"
"Sales",428866,"Bardell","Shigeichiro"
"Sales",428845,"Sabnani","Irena"
"Sales",428797,"Compeau","Zongyan"
"Sales",428606,"Suomi","Kayoko"
"Sales",428591,"Bernatsky","Heekeun"
"Sales",428581,"Dengi","Giri"
"Sales",428556,"Nannarelli","Jasminko"
"Sales",17851,"Millington","Manibrata"
"Sales",18038,"Otillio","Yechezkel"
"Sales",18065,"Wroclawski","Chriss"
"Sales",415707,"Antonakopoulos","Fumitaka"
"Sales",428039,"Emmart","Gully"
"Sales",18086,"Szmurlo","Brewster"
"Sales",427977,"Openshaw","Marit"
"Sales",427743,"Crouzet","Shawna"
"Sales",427715,"Rusmann","Vishu"
"Sales",18159,"Erde","Jenwei"
"Sales",18164,"Curless","Goetz"
"Sales",18166,"Murthy","Yucai"
"Sales",427591,"Zeleznik","Berthier"
"Sales",427570,"Papadias","Hideo"
"Sales",18179,"Heijenga","Owen"
"Sales",427529,"Feldmann","Magy"
"Sales",427481,"Bierbaum","Jungsoon"
"Sales",427448,"Tasistro","Oddvar"
"Sales",427278,"Kobuchi","Serap"
"Sales",415694,"Guardalben","Fox"
"Sales",427216,"Androutsos","Hugh"
"Sales",18590,"Laurillard","Vasiliy"
"Sales",427152,"Lung","Arunachalam"
"Sales",426917,"Stassinopoulos","Subbu"
"Sales",18641,"Ghemri","Padma"
"Sales",426599,"Vasanthakumar","Mahendra"
"Sales",18703,"Kowalchuk","Carrsten"
"Sales",426573,"Gonthier","Hausi"
"Sales",426493,"Lanzelotte","Pragnesh"
"Sales",18941,"Gire","Billie"
"Sales",426417,"Cardazo","Alenka"
"Sales",18958,"Norsworthy","Mabo"
"Sales",426407,"Serre","Jackson"
"Sales",426406,"Ritzmann","Irena"
"Sales",426338,"Rindone","Gao"
"Sales",19242,"Demri","Kenroku"
"Sales",426333,"Lundstrom","Atreyi"
"Sales",426257,"Pietracaprina","Fei"
"Sales",19260,"Baja","Giao"
"Sales",426193,"Rattan","Huiqun"
"Sales",426192,"Vilarrasa","Erzsebet"
"Sales",242729,"Kriebel","Shaowei"
"Sales",19282,"Demri","Yuping"
"Sales",426188,"Rosay","Danae"
"Sales",415638,"Cheshire","Oldrich"
"Sales",19311,"Nitto","Aleksandar"
"Sales",426103,"Iwayama","Zongyan"
"Sales",19330,"Eppinger","Suebskul"
"Sales",426043,"Jansch","Akeno"
"Sales",426033,"Couchot","Geoffrey"
"Sales",426007,"Roohalamini","Masaru"
"Sales",425974,"Begiun","Eberhardt"
"Sales",425962,"Lores","Steen"
"Sales",19373,"Bojadziev","Xumin"
"Sales",425942,"Litvinov","Frazer"
"Sales",19568,"Picel","Wilmer"
"Sales",425916,"Ramras","Horward"
"Sales",425835,"Pesch","Marco"
"Sales",425793,"Gire","Xiaocheng"
"Sales",425780,"Range","Paris"
"Sales",425714,"Ushiama","Richard"
"Sales",19613,"Rohrbach","Debaprosad"
"Sales",415619,"Pesch","Tokuyasu"
"Sales",425674,"Paludetto","Guoxiang"
"Sales",297022,"Swist","Kousuke"
"Sales",19668,"Kolinko","Goa"
"Sales",425568,"Ruther","Eran"
"Sales",425531,"Miake","Tristan"
"Sales",19708,"Biros","Ortrud"
"Sales",425530,"Gunderson","Rajmohan"
"Sales",425513,"Schiper","Danel"
"Sales",425461,"Kalsbeek","Alain"
"Sales",425453,"Restivo","Jackson"
"Sales",425432,"Fritzsche","Stepehn"
"Sales",425389,"Fiutem","Zhaofang"
"Sales",425361,"Junot","Shrikanth"
"Sales",425342,"Ferretti","Deborah"
"Sales",425325,"Rullman","Alejandro"
"Sales",425301,"Gien","Sangeeta"
"Sales",425062,"Veevers","Hatsukazu"
"Sales",20116,"Sadowski","Yoshinari"
"Sales",425012,"Suermann","Mohamadou"
"Sales",20124,"Valtorta","Troy"
"Sales",425002,"Sommen","Roddy"
"Sales",424987,"Bellone","Bernt"
"Sales",424932,"Conte","Pragnesh"
"Sales",424883,"Chartres","Kersti"
"Sales",424860,"Siepmann","Steen"
"Sales",424828,"Veeraraghavan","Pintsang"
"Sales",424763,"Valtorta","Geraldo"
"Sales",424689,"Llado","Nitsan"
"Sales",20320,"Middleton","Zhenhua"
"Sales",424655,"Teitelbaum","Jasminko"
"Sales",424633,"Covnot","Itzchak"
"Sales",424601,"Rattan","Aluzio"
"Sales",424564,"Stasinski","Kristina"
"Sales",424563,"Pileggi","Rosli"
"Sales",20378,"Schwabacher","Giao"
"Sales",424551,"Warwick","Dekang"
"Sales",424512,"Borovoy","Werner"
"Sales",20406,"Heydon","Keiichiro"
"Sales",424425,"Isaac","Fuqing"
"Sales",424383,"Zultner","Steen"
"Sales",20455,"Schlumberger","Yannis"
"Sales",20457,"Plessier","Nimmagadda"
"Sales",20462,"Nastansky","Miomir"
"Sales",424244,"Rajcani","Arunachalam"
"Sales",424210,"Bodoff","Geraldo"
"Sales",20506,"Suermann","Richard"
"Sales",20517,"Doering","Aiman"
"Sales",20549,"Syrzycki","Arie"
"Sales",423924,"Simmel","Gill"
"Sales",423913,"Biros","Prasadram"
"Sales",20579,"Flowers","Shuho"
"Sales",423871,"Lanphier","Yannis"
"Sales",242783,"Peroz","Yefim"
"Sales",423843,"Karner","Kiam"
"Sales",20622,"Gurbaxani","Ziyad"
"Sales",423798,"Azulay","Khun"
"Sales",423794,"Serot","Woody"
"Sales",20692,"Stemann","Sudharsan"
"Sales",20728,"Sessa","Billie"
"Sales",423562,"Fadgyas","Charmane"
"Sales",20772,"Ghalwash","Selwyn"
"Sales",20776,"Geffroy","Jiann"
"Sales",423463,"Krohm","Geoff"
"Sales",20781,"Schaap","Weiru"
"Sales",20787,"Demian","Yoshinari"
"Sales",20791,"Heystek","Changho"
"Sales",423423,"Schurmann","Yechiam"
"Sales",423322,"Facello","Seongbae"
"Sales",423248,"Stafford","Ronnie"
"Sales",423177,"Eldridge","Basem"
"Sales",423145,"Luke","Radhika"
"Sales",423074,"Tomescu","Yinlin"
"Sales",422975,"Bakhtari","Mircea"
"Sales",21108,"Quittner","Heon"
"Sales",21122,"Vecchio","Youpyo"
"Sales",415477,"Cronau","Serap"
"Sales",422948,"Levergood","Shuzo"
"Sales",242790,"Limongiello","Zine"
"Sales",422702,"Candan","Rosalyn"
"Sales",422662,"Ulupinar","Masali"
"Sales",415418,"Lund","IEEE"
"Sales",422656,"Selenyi","Gio"
"Sales",422647,"Mitina","Udaiprakash"
"Sales",21409,"Yoshimura","Hongzhu"
"Sales",21413,"Sherertz","Laurentiu"
"Sales",422617,"Spieker","Arunachalam"
"Sales",21432,"Weisert","Kerhong"
"Sales",21433,"Ibel","Chenxi"
"Sales",422581,"Masada","Fay"
"Sales",422542,"Steenbeek","Bojan"
"Sales",21501,"Snedden","Ramachenga"
"Sales",422526,"Dalton","Ult"
"Sales",422521,"Falco","Gennadi"
"Sales",422459,"Birdsall","Kristof"
"Sales",21546,"Lanteri","Yongmin"
"Sales",422394,"Mitsuhashi","Kotesh"
"Sales",422301,"Monkewich","Behnaam"
"Sales",415219,"Beutelspacher","Shiv"
"Sales",21994,"Babb","Lech"
"Sales",422188,"Uhrig","Fay"
"Sales",422164,"Ratnaker","Hugo"
"Sales",422114,"Hemaspaandra","Tua"
"Sales",421930,"Mateescu","Chiradeep"
"Sales",421894,"Zastre","Krassimir"
"Sales",421853,"Coorg","Josyula"
"Sales",421852,"Rathonyi","Huai"
"Sales",421847,"Seuren","Masoud"
"Sales",421843,"Ladret","Bernt"
"Sales",22266,"Fujisaki","Xiadong"
"Sales",421841,"Birjandi","Theron"
"Sales",421812,"Gornas","Marco"
"Sales",22291,"Lores","Rayond"
"Sales",421572,"Munch","Jacqueline"
"Sales",421569,"Willoner","Chinho"
"Sales",22330,"Verhaegen","Oksana"
"Sales",22339,"Gewali","Georg"
"Sales",421565,"Atrawala","Hidde"
"Sales",421562,"Sommen","Hironoby"
"Sales",421545,"Tchuente","Richara"
"Sales",22370,"Oxenboll","Aloys"
"Sales",22377,"Akazan","Demos"
"Sales",421476,"Chenney","Bedrich"
"Sales",22398,"Mahnke","Arumugam"
"Sales",421438,"Adachi","Jaewoo"
"Sales",421235,"Coney","Candida"
"Sales",421234,"Erni","Lene"
"Sales",22444,"Trelles","Kwee"
"Sales",420968,"Jullig","Gou"
"Sales",420927,"Syrzycki","Bedir"
"Sales",420876,"Aloia","Aloys"
"Sales",420823,"Rubsam","Shaunak"
"Sales",420766,"Toyoshima","Heon"
"Sales",420765,"Krider","Shawna"
"Sales",420396,"Trogemann","Geraldo"
"Sales",420259,"Boguraev","Qunsheng"
"Sales",419555,"Kugler","Amstein"
"Sales",426791,"Irland","Alair"
"Sales",86473,"Angel","Weijing"
"Sales",426609,"Rahier","Xiaoheng"
"Sales",36555,"Rothenberg","Takahiro"
"Sales",82686,"Mersereau","Dung"
"Sales",82691,"Chenney","Krassimir"
"Sales",36549,"Fioravanti","Vesna"
"Sales",82724,"Schapire","Subbu"
"Sales",57678,"Gimbel","Owen"
"Sales",413233,"Masada","Khalid"
"Sales",82764,"Strehl","Fumiko"
"Sales",426583,"Chimia","Alexius"
"Sales",36548,"Ghelli","Val"
"Sales",82986,"Cools","Fumiko"
"Sales",10374,"Rosin","Willard"
"Sales",426570,"Koshino","Tamiya"
"Sales",426567,"Huhdanpaa","Shigehito"
"Sales",83062,"Valiente","Lidong"
"Sales",413271,"Spelt","Gopalakrishnan"
"Sales",83083,"Dolinsky","Atilio"
"Sales",36522,"Swen","Heping"
"Sales",83089,"Siochi","Jaana"
"Sales",83111,"Erie","Gian"
"Sales",426435,"Angot","Subhankar"
"Sales",83360,"Lores","Tomokazu"
"Sales",426430,"Rajaraman","Remzi"
"Sales",83379,"McFarlan","Waiman"
"Sales",426414,"Hanabata","Ger"
"Sales",208092,"Foote","Adib"
"Sales",413323,"Shanbhogue","Kristof"
"Sales",83466,"Luca","Shir"
"Sales",413353,"Perelgut","Rajmohan"
"Sales",426400,"Huttel","Poorav"
"Sales",19401,"Valiente","Yurij"
"Sales",473916,"Uludag","Leaf"
"Sales",413358,"Escriba","Lena"
"Sales",426332,"Frijda","Shih"
"Sales",84151,"Negoita","Shmuel"
"Sales",84154,"Walston","Premsyl"
"Sales",426283,"Broder","Mandell"
"Sales",84192,"Terekhov","Lene"
"Sales",426282,"Savasere","Gianluca"
"Sales",84222,"Kowalchuk","Vasilis"
"Sales",84230,"Denny","Boriana"
"Sales",84257,"Muhling","Basant"
"Sales",57710,"Kumaresan","Dayanand"
"Sales",243241,"Marakhovsky","Adit"
"Sales",66339,"Streng","Yucel"
"Sales",460681,"Bernatsky","Gregory"
"Sales",86488,"Swen","Shigeichiro"
"Sales",84300,"Nyrup","Kristine"
"Sales",84484,"Cyre","Dipankar"
"Sales",98863,"Maliniak","Jouni"
"Sales",86670,"Lally","Girolamo"
"Sales",57724,"Cools","Mark"
"Sales",413488,"Ciolek","Wojceich"
"Sales",12080,"Feinberg","Panayotis"
"Sales",426181,"Scharstein","Morrie"
"Sales",473953,"Heystek","Janche"
"Sales",243205,"Dolinsky","Tse"
"Sales",473954,"Bugrara","Kristin"
"Sales",426089,"Boguraev","Mari"
"Sales",413509,"Pappas","Fumitake"
"Sales",84821,"Vieri","Magy"
"Sales",426077,"Mandelberg","Goncalo"
"Sales",243183,"Fiutem","Alselm"
"Sales",36467,"Thibadeau","Navid"
"Sales",57759,"Braunschweig","Xuejia"
"Sales",84901,"Peak","Lucien"
"Sales",413573,"Aloia","Giordano"
"Sales",426014,"Ranka","Nahum"
"Sales",426012,"Androutsos","Arunachalam"
"Sales",84961,"Conry","Goetz"
"Sales",425958,"Duclos","Pradeep"
"Sales",85327,"Stellhorn","Susuma"
"Sales",106315,"Rosenbaum","Suvo"
"Sales",425950,"Binkley","Khalil"
"Sales",85350,"Rebaine","Phuoc"
"Sales",36461,"Lorho","Baziley"
"Sales",85362,"Duclos","Tonny"
"Sales",85365,"Alpay","Hideyuki"
"Sales",85373,"Ambroszkiewicz","Gennady"
"Sales",413595,"Rodier","Saddek"
"Sales",85393,"Gide","Toong"
"Sales",36448,"Billawala","Pantung"
"Sales",85406,"Matzke","Serap"
"Sales",85425,"Besancenot","Florian"
"Sales",36446,"Penz","Spyrose"
"Sales",36431,"Lanzelotte","Wanqing"
"Sales",85696,"Mitzlaff","Wuxu"
"Sales",460670,"Vecchi","Dietrich"
"Sales",85734,"Marakhovsky","Zeydy"
"Sales",85755,"Ozeri","Aloys"
"Sales",85765,"Anido","Zhilian"
"Sales",85776,"Reutenauer","Dante"
"Sales",85778,"Babb","Bernt"
"Sales",425843,"Masand","Tiina"
"Sales",413622,"Varley","Mari"
"Sales",425751,"Brickell","Basem"
"Sales",413658,"Nitsch","Girolamo"
"Sales",86022,"Bresenham","Sastry"
"Sales",243144,"Norsworthy","Feipei"
"Sales",86071,"Kavvadias","Premsyl"
"Sales",207960,"Uludag","Aron"
"Sales",57806,"Bresenham","Gianluca"
"Sales",413675,"Litecky","Bernt"
"Sales",86136,"Matzat","Subir"
"Sales",36388,"Tramer","Kensei"
"Sales",57820,"Schurmann","Nishit"
"Sales",243092,"Spieker","Elliott"
"Sales",413700,"Liedekerke","Zsolt"
"Sales",86531,"Belinskaya","Boaz"
"Sales",86580,"Zizka","Billur"
"Sales",86595,"Pardalos","Gro"
"Sales",86611,"Zlotek","Jaewon"
"Sales",86613,"Heijenga","Charmane"
"Sales",413714,"McAffer","Ung"
"Sales",425487,"Egerstedt","Kellyn"
"Sales",19161,"Rosenbaum","Charlene"
"Sales",86843,"Mahnke","Changho"
"Sales",86847,"Bennet","Reinhard"
"Sales",36381,"Auyong","Chrisa"
"Sales",86853,"Giveon","Dhritiman"
"Sales",482644,"Uhrig","Fumitaka"
"Sales",58063,"Masand","Dannz"
"Sales",425426,"Arlazarov","Martial"
"Sales",99221,"Fiebach","Masamitsu"
"Sales",86983,"Liesche","Iara"
"Sales",36330,"Frolund","Xinyu"
"Sales",413773,"Radhakrishnan","Randi"
"Sales",87222,"Kading","Sumant"
"Sales",413805,"Undy","Xinglin"
"Sales",87266,"Stafford","Aral"
"Sales",58096,"Usdin","Rosine"
"Sales",87762,"Luck","Herbert"
"Sales",87785,"Tsunoo","Theirry"
"Sales",425365,"Gaughan","Zhanqiu"
"Sales",66404,"Kalorkoti","Chinya"
"Sales",19144,"Ohori","Laurentiu"
"Sales",413859,"Gulik","Uma"
"Sales",86759,"Demian","Sahrah"
"Sales",88076,"Kalefeld","Ravishankar"
"Sales",88845,"Kowalchuk","Masato"
"Sales",88891,"Kropf","Shaleah"
"Sales",73086,"Magalhaes","Jeanna"
"Sales",86788,"Saoudi","Golgen"
"Sales",88938,"Detkin","Rosine"
"Sales",106990,"Nations","Eckart"
"Sales",425092,"Meszaros","Ebbe"
"Sales",425088,"Zirintsis","Uri"
"Sales",89351,"Improta","Perla"
"Sales",89363,"Schieder","Foong"
"Sales",425033,"Waleschkowski","Ekawit"
"Sales",89379,"Bisiani","Akeel"
"Sales",89385,"Fendler","Arnould"
"Sales",89440,"Skafidas","Renny"
"Sales",425019,"Capobianchi","Barun"
"Sales",243043,"Senzako","Dayanand"
"Sales",89496,"Mungall","Brewster"
"Sales",413937,"Anguita","Pohua"
"Sales",424999,"Kulisch","Mizuhito"
"Sales",424961,"Morris","Yaghout"
"Sales",58120,"Kugler","Uwe"
"Sales",413944,"Mundy","Shooichi"
"Sales",413954,"Stafford","Nahum"
"Sales",413962,"Emiris","Takanari"
"Sales",424946,"Benzmuller","Gian"
"Sales",58122,"Peris","Hein"
"Sales",106974,"Baumann","Yechezkel"
"Sales",90099,"Riexinger","Guangming"
"Sales",243039,"Smeets","DeForest"
"Sales",36253,"Isard","Troy"
"Sales",413992,"Heusch","Mary"
"Sales",19138,"Constantine","Xiadong"
"Sales",413997,"Narahara","Houman"
"Sales",424855,"Preusig","Premsyl"
"Sales",424844,"Schaar","Goa"
"Sales",424820,"Serna","Perry"
"Sales",413998,"Mahmud","Akeno"
"Sales",424788,"Gihr","Hitofumi"
"Sales",90403,"Gilg","Yucel"
"Sales",90446,"Yemenis","Anneli"
"Sales",424640,"Tasistro","Seongbae"
"Sales",68338,"Demeyer","Sven"
"Sales",424639,"Lorys","Harngdar"
"Sales",243026,"Nergos","Kwangyoen"
"Sales",424583,"Dolinsky","Alagu"
"Sales",90560,"Janocha","Sakthirel"
"Sales",243024,"Sherertz","Girolamo"
"Sales",424505,"Chinen","Mabry"
"Sales",90637,"Kusakabe","Kauko"
"Sales",424481,"Tempesti","Kellyn"
"Sales",90645,"Dulin","Luisa"
"Sales",243003,"Jonsson","Toshiko"
"Sales",424420,"Parascandalo","Kaijung"
"Sales",90744,"Ramras","Urs"
"Sales",424376,"Emmerich","Jayesh"
"Sales",90775,"Dredge","Florian"
"Sales",36144,"Baek","Taegyun"
"Sales",90776,"Skrikant","Bouchung"
"Sales",36125,"Remmele","Barun"
"Sales",424349,"Rodham","Gonzalo"
"Sales",424298,"Chinin","Francesca"
"Sales",242962,"Schlegelmilch","Ronnie"
"Sales",91735,"Dredge","Radhakrishnan"
"Sales",414085,"Bratten","Parviz"
"Sales",242248,"Garnick","Nishit"
"Sales",242242,"Meriste","Froduald"
"Sales",91790,"Crouzet","Jamaludin"
"Sales",424246,"Peng","Jacopo"
"Sales",424168,"Demir","Ranan"
"Sales",92019,"Nanard","Yurij"
"Sales",87046,"Woycyznski","Nikolaus"
"Sales",58204,"Sullins","Xinyu"
"Sales",87060,"Birdsall","Willard"
"Sales",200488,"Kulisch","Aiman"
"Sales",92076,"Kushner","Qingxiang"
"Sales",92081,"Neimat","Alagu"
"Sales",424150,"Middleton","Gro"
"Sales",424114,"Genther","Przemyslawa"
"Sales",449709,"Gyimothy","Janche"
"Sales",414153,"Debuse","Fan"
"Sales",423879,"Hiroyama","Vasilis"
"Sales",423868,"Carrera","Mayuri"
"Sales",414195,"Vilarrasa","Gal"
"Sales",451607,"Lanteri","Falguni"
"Sales",36118,"Camarinopoulos","Uwe"
"Sales",423836,"Birjandi","Jiakeng"
"Sales",92273,"Pintelas","Kazunori"
"Sales",423810,"Eldridge","Utz"
"Sales",423601,"Mersereau","Charmane"
"Sales",92345,"Peng","Sorina"
"Sales",66410,"Jakobus","George"
"Sales",92531,"Hockney","Wuxu"
"Sales",92539,"Bouloucos","Hauke"
"Sales",58215,"Ohori","Moss"
"Sales",92561,"Xiaoshan","Morris"
"Sales",92567,"Kushnir","Mong"
"Sales",58231,"Pauthner","Marjo"
"Sales",451597,"Kuszyk","Shim"
"Sales",36091,"Holburn","Tremaine"
"Sales",87083,"Leuchs","Jingling"
"Sales",414239,"Genin","Aron"
"Sales",423521,"Hutton","Kiam"
"Sales",92677,"Salverda","TRUE"
"Sales",414263,"Gist","Hongzhu"
"Sales",414273,"Lueh","Yannik"
"Sales",207684,"Camurati","Vishu"
"Sales",423484,"Mersereau","Geoffrey"
"Sales",414308,"Piveteau","Leaf"
"Sales",92965,"Salinas","Weiye"
"Sales",92981,"Raoux","Gurbir"
"Sales",414350,"Falck","Roddy"
"Sales",93192,"Vecchio","Sreenivas"
"Sales",423476,"Deville","Susanne"
"Sales",93276,"Bennet","Suzette"
"Sales",423426,"Hasenauer","Munenori"
"Sales",58240,"Wursthorn","Tokuyasu"
"Sales",93311,"Keustermans","Rildo"
"Sales",93352,"Teitelbaum","Fai"
"Sales",414360,"Stille","Marc"
"Sales",58242,"Bahk","Moto"
"Sales",19100,"Erev","Mantis"
"Sales",93742,"Ushiama","Shay"
"Sales",242101,"Tramer","Akemi"
"Sales",423391,"Cherinka","Ayakannu"
"Sales",36057,"Koblick","Alexius"
"Sales",36055,"Rubsam","Changho"
"Sales",93844,"Piazza","Ayonca"
"Sales",207652,"Wegerle","Subhrajyoti"
"Sales",93852,"Srimani","Elliott"
"Sales",423347,"Masada","Yagil"
"Sales",423330,"Peron","Phillip"
"Sales",94112,"Pezzoli","Shaz"
"Sales",241926,"Debuse","Matk"
"Sales",36053,"Bratten","Adel"
"Sales",94132,"Karlin","Venkatesan"
"Sales",414440,"Gniady","Basem"
"Sales",241917,"Poupard","Wuxu"
"Sales",36034,"Riefers","Minghong"
"Sales",94164,"Naumovich","Frazer"
"Sales",94384,"Janetzko","Aris"
"Sales",94400,"Gewali","Along"
"Sales",241897,"Zongker","Patricio"
"Sales",94425,"Nergos","Kersti"
"Sales",94429,"Peir","Apostol"
"Sales",423204,"Stranks","Uma"
"Sales",94458,"Lindenbaum","Zhaofang"
"Sales",414480,"Vieri","Weidon"
"Sales",94470,"Broder","Deniz"
"Sales",241866,"Crabtree","Zhongwei"
"Sales",423180,"Puoti","Filipe"
"Sales",423134,"Schaar","Mayuri"
"Sales",94778,"Hempstead","Bader"
"Sales",241793,"Zockler","Chandrasekaran"
"Sales",241784,"Lamparter","Francesca"
"Sales",104589,"Melichar","Aria"
"Sales",423126,"Scallan","Valeri"
"Sales",94874,"Perry","Gao"
"Sales",414530,"Redmiles","Nobuyoshi"
"Sales",94877,"Eiter","Lucien"
"Sales",241770,"Waterhouse","Jaihie"
"Sales",423122,"Ohori","Ramzi"
"Sales",241764,"Neimat","Kazuyasu"
"Sales",241594,"Schwaller","Nahla"
"Sales",207631,"Undy","Susanne"
"Sales",414616,"Docker","Premsyl"
"Sales",94995,"DeMori","Ranga"
"Sales",423072,"Poujol","Reinhard"
"Sales",241588,"Casley","Gregory"
"Sales",423059,"Demri","Wilmer"
"Sales",95061,"Rusterholz","Mohit"
"Sales",95096,"Furedi","Shir"
"Sales",95111,"Matzke","Maik"
"Sales",95115,"Pepe","Uzi"
"Sales",95118,"Willoner","Gay"
"Sales",35976,"Fujisaki","Hongzue"
"Sales",58277,"Gecsel","Georgi"
"Sales",207234,"Servi","Akeel"
"Sales",423034,"Merkl","Lalit"
"Sales",95371,"Angelov","Maik"
"Sales",414692,"Lubachevsky","Masami"
"Sales",69563,"Sadowski","Sariel"
"Sales",241560,"Shackell","Alejandro"
"Sales",95418,"Gide","Mari"
"Sales",422979,"Shihab","Kiyokazu"
"Sales",474188,"Haddadi","Kannan"
"Sales",35763,"Reinhard","Gou"
"Sales",422977,"Shimshoni","Uri"
"Sales",422971,"Koprowski","Kerhong"
"Sales",207203,"Usery","Constantijn"
"Sales",58289,"Itzfeldt","Stella"
"Sales",414743,"Litzler","Pramod"
"Sales",95722,"Conti","Pranay"
"Sales",95764,"Tzvieli","Behnaam"
"Sales",35750,"Poulakidas","Waiman"
"Sales",95827,"Ponthieu","Mahmut"
"Sales",422716,"Albarhamtoshy","Arvind"
"Sales",422615,"Bahl","Mana"
"Sales",105757,"Ulupinar","Mary"
"Sales",241494,"Olivero","Sahrah"
"Sales",87429,"Wixon","Dannz"
"Sales",422538,"Aamodt","Matk"
"Sales",96155,"Bamford","Carrsten"
"Sales",96175,"Kavraki","Inderjeet"
"Sales",422535,"Gunderson","Qiwen"
"Sales",422510,"Tchuente","Iara"
"Sales",96424,"Cannard","Kenton"
"Sales",96434,"Awdeh","Rosine"
"Sales",241482,"Spelt","Khaled"
"Sales",58371,"Msuda","Vugranam"
"Sales",414829,"Dayang","Bernardo"
"Sales",18870,"Lanphier","Yoshimitsu"
"Sales",422408,"Demri","Baruch"
"Sales",35686,"Crouzet","Nectarios"
"Sales",474214,"Chachaty","Masasuke"
"Sales",241478,"Quadeer","Dayanand"
"Sales",414865,"Prenel","Mohammad"
"Sales",96711,"Rissland","Tomoyuki"
"Sales",414866,"Veeraraghavan","Boalin"
"Sales",241396,"Bail","Ayakannu"
"Sales",96769,"Parascandalo","Arun"
"Sales",96792,"Angiulli","Koldo"
"Sales",96800,"Pettey","Pranjal"
"Sales",422366,"Molberg","Douadi"
"Sales",422310,"Baby","Mircea"
"Sales",241379,"Miyakawa","Takanari"
"Sales",422278,"Luck","Etsuo"
"Sales",97057,"Dulay","Piyush"
"Sales",97065,"Uchoa","Woody"
"Sales",97074,"Awdeh","Takushi"
"Sales",97076,"Luff","Odinaldo"
"Sales",97102,"Takanami","Angel"
"Sales",97118,"Sankaranarayanan","Sudharsan"
"Sales",414899,"Ferriere","Cristinel"
"Sales",97182,"Ermel","Sumant"
"Sales",97185,"Hmelo","Marsha"
"Sales",97563,"Gomatam","Thanasis"
"Sales",35612,"Baek","Gonzalo"
"Sales",87455,"Mahnke","Shan"
"Sales",97577,"Perna","Masato"
"Sales",241341,"Yoshimura","Basim"
"Sales",415113,"Braunmuhl","Mori"
"Sales",97608,"Rodier","Janche"
"Sales",97626,"Famili","Lijia"
"Sales",97634,"Peroz","Youpyo"
"Sales",97654,"Wynblatt","Martijn"
"Sales",97658,"Peltason","Xiadong"
"Sales",97681,"Tchuente","Xinyu"
"Sales",66515,"Verspoor","Shaunak"
"Sales",421870,"Lunt","Lech"
"Sales",241071,"Tetzlaff","Jovan"
"Sales",87479,"Mahnke","Lalit"
"Sales",421848,"Vitiello","Heping"
"Sales",97943,"Rohrbach","Nakhoon"
"Sales",97951,"Rissanen","Emdad"
"Sales",97953,"Fairtlough","Uri"
"Sales",421821,"Ruther","Chandrasekaran"
"Sales",58441,"Anger","Shmuel"
"Sales",421570,"Taubenfeld","Shuji"
"Sales",18843,"Thimonier","Arch"
"Sales",415436,"Bellone","Hongzhu"
"Sales",58443,"Heping","Stein"
"Sales",241050,"Facello","Mizuhito"
"Sales",241031,"Bain","Kauko"
"Sales",415458,"Ponthieu","Dekang"
"Sales",421553,"Tischendorf","George"
"Sales",421544,"Encarnacion","Adly"
"Sales",98257,"Businaro","Avishai"
"Sales",421538,"Georg","Goa"
"Sales",421534,"Setiz","Cedric"
"Sales",415471,"Sundgren","Martina"
"Sales",98320,"Kobuchi","Huai"
"Sales",98331,"VanScheik","Wonhee"
"Sales",241019,"Templeman","Niranjan"
"Sales",98890,"Alpay","Erez"
"Sales",421494,"Kroft","Dzung"
"Sales",421482,"Ebeling","Kwangsub"
"Sales",98912,"Hoppenstand","Lihong"
"Sales",98950,"Demos","Gilbert"
"Sales",58450,"Taubenfeld","Stepehn"
"Sales",415507,"Kolvik","Youjian"
"Sales",240999,"Aloia","Raimond"
"Sales",87490,"Schapiro","Tsuneo"
"Sales",58451,"Gimarc","Lansing"
"Sales",415542,"Jenevein","Seshu"
"Sales",99091,"Luga","Jongsuk"
"Sales",474270,"Schneeberger","Sachio"
"Sales",421224,"Atrawala","Ebru"
"Sales",99148,"Luit","Ronghao"
"Sales",35407,"Lorie","Shem"
"Sales",99169,"Coors","Arunas"
"Sales",421190,"Pelc","Serif"
"Sales",99395,"Sury","Dmitri"
"Sales",58453,"Zeleznik","Arvin"
"Sales",474290,"Zhiwei","Fei"
"Sales",415600,"Suri","Shaw"
"Sales",106897,"Chaudhury","Susanna"
"Sales",99489,"Khasidashvili","Nakhoon"
"Sales",421164,"Turnbull","Adhemar"
"Sales",421152,"Schrift","Shuichi"
"Sales",99526,"Hashii","Arne"
"Sales",474292,"Godskesen","Rayond"
"Sales",99547,"Jeansoulin","Yurij"
"Sales",486733,"Sambasivam","JoAnne"
"Sales",100057,"Malabarba","Gal"
"Sales",100059,"Perfilyeva","Kristinn"
"Sales",415628,"Cappelli","Akhilish"
"Sales",100094,"Itschner","Nagui"
"Sales",100108,"Underwood","Kwangho"
"Sales",100123,"Terwilliger","Kazuhiko"
"Sales",18815,"Bouloucos","Gennady"
"Sales",100142,"Isard","Terresa"
"Sales",421094,"Bernatsky","Tuval"
"Sales",421091,"Thiran","Vitali"
"Sales",415636,"Danecki","Danel"
"Sales",87557,"Gniady","Mohua"
"Sales",100187,"Iwayama","Marjo"
"Sales",58460,"Wixon","Mart"
"Sales",415686,"Beutelspacher","Uwe"
"Sales",421023,"Oppitz","Badri"
"Sales",100407,"Rubsam","Inderjeet"
"Sales",486753,"Hitomi","Chinho"
"Sales",420952,"Gomatam","Erez"
"Sales",87590,"Suwa","Mayuko"
"Sales",35290,"Zobel","Zengping"
"Sales",420922,"Schwartzburd","Peer"
"Sales",87591,"Kowalchuk","Arnd"
"Sales",35283,"Tischendorf","Franziska"
"Sales",100473,"Lortz","Jeane"
"Sales",100476,"Baaleh","Val"
"Sales",100485,"Farrag","Sudharsan"
"Sales",58495,"Noriega","Amalendu"
"Sales",415766,"Penttonen","Kamran"
"Sales",420874,"Hiyoshi","Jinya"
"Sales",415776,"Luks","Panayotis"
"Sales",68373,"Ozeki","Yaghout"
"Sales",420804,"Irland","Steve"
"Sales",420759,"Solovay","Raimond"
"Sales",420418,"Farrar","Eben"
"Sales",100657,"Hutton","Luisa"
"Sales",100689,"Schueller","Jaber"
"Sales",420367,"Barriga","Akeno"
"Sales",100899,"Zastre","Tse"
"Sales",58704,"Huxford","Leon"
"Sales",35078,"Trogemann","Koldo"
"Sales",99349,"Versino","Irene"
"Sales",100992,"Slobodova","Poorav"
"Sales",101031,"Varley","Przemyslawa"
"Sales",101056,"Delgrossi","Willard"
"Sales",101085,"Begiun","Byong"
"Sales",420283,"Bierbaum","Mark"
"Sales",206905,"Fandrianto","Ult"
"Sales",101098,"Norsworthy","Maya"
"Sales",58725,"Nollmann","Alexius"
"Sales",206884,"Kopetz","JoAnne"
"Sales",419586,"Katiyar","Changho"
"Sales",35065,"Lalonde","Demin"
"Sales",35061,"Uhrig","Mototsugu"
"Sales",101139,"Kobara","Jiakeng"
"Sales",101140,"Bottner","Shahar"
"Sales",66539,"Birnbaum","Shih"
"Sales",68603,"Rusterholz","Fabrizio"
"Sales",101197,"Axelband","Akemi"
"Sales",419571,"Bolotov","Chenyi"
"Sales",58746,"Kaltofen","Reinhard"
"Sales",35041,"Sundgren","Berry"
"Sales",419531,"Camurati","Cordelia"
"Sales",200427,"Openshaw","Tsutomu"
"Sales",101453,"Staylopatis","Nectarios"
"Sales",419526,"Eugenio","Vitaly"
"Sales",73029,"Lipner","Lubomir"
"Sales",87869,"Luit","Alassane"
"Sales",239875,"Kornatzky","Florina"
"Sales",101482,"Zobel","Mototsugu"
"Sales",101497,"Iwayama","Gully"
"Sales",101513,"Brodie","Paris"
"Sales",483321,"Verhoeff","Xiaocheng"
"Sales",419485,"Norsworthy","Bernardo"
"Sales",239811,"Lichtman","Chirstian"
"Sales",35034,"Szemeredi","Barton"
"Sales",416136,"Reinhard","Yonghoan"
"Sales",206857,"Leijenhorst","Emran"
"Sales",486369,"Gomatam","Janche"
"Sales",58753,"Luders","Vitaly"
"Sales",58757,"Dechter","Aria"
"Sales",101880,"Potthoff","Val"
"Sales",418855,"Granlund","Piyawadee"
"Sales",101902,"Millington","Mantis"
"Sales",239773,"Molberg","Noritoshi"
"Sales",416183,"Luit","Ramalingam"
"Sales",418822,"Tomescu","Zsolt"
"Sales",102013,"Unno","Saeed"
"Sales",239770,"Soloway","Abdulla"
"Sales",239760,"Codenie","Arie"
"Sales",73020,"Slaats","Kazuyasu"
"Sales",416211,"Tsukuda","Subbu"
"Sales",416230,"Uhrig","Carrsten"
"Sales",418800,"Solovay","Bartek"
"Sales",102255,"dAstous","Shichao"
"Sales",102294,"Peron","Djenana"
"Sales",102306,"Lorin","Shao"
"Sales",418789,"Shihab","Lubomir"
"Sales",418247,"Oppitz","Oscar"
"Sales",239139,"Varman","Kristinn"
"Sales",416450,"Busillo","Yagil"
"Sales",418184,"Bratten","Lubomir"
"Sales",474541,"Pena","Herb"
"Sales",102425,"Bierman","Leucio"
"Sales",418094,"Kolvik","Mona"
"Sales",34950,"Neiman","Angel"
"Sales",418087,"Awdeh","Macha"
"Sales",416576,"Rothenberg","Inderjeet"
"Sales",418054,"Awdeh","Kendra"
"Sales",18707,"Luca","Uta"
"Sales",238588,"Guting","Marla"
"Sales",102877,"Kranzdorf","Augustine"
"Sales",102880,"Constantine","Boriana"
"Sales",238586,"Bednarek","Marek"
"Sales",474543,"Kropf","Giri"
"Sales",418037,"Gecsel","Wilmer"
"Sales",238516,"Cyre","Torsten"
"Sales",238515,"Kisuki","Bader"
"Sales",238512,"Petersohn","Lillian"
"Sales",66547,"Chinen","Conor"
"Sales",417988,"Talmor","Debatosh"
"Sales",103004,"Marciano","Odoardo"
"Sales",416889,"Menyhert","Shay"
"Sales",103026,"Kriebel","Kellie"
"Sales",416903,"England","Piyawadee"
"Sales",58825,"Swist","JoAnna"
"Sales",417959,"Diderrich","Gino"
"Sales",238467,"Conry","Mansur"
"Sales",58833,"Cummings","Ioana"
"Sales",103273,"Ozeri","Yinlin"
"Sales",417926,"Driscoll","Hilari"
"Sales",417708,"Zedlitz","Kazuhiko"
"Sales",417108,"Cherinka","Collette"
"Sales",417691,"Coney","Boriana"
"Sales",103334,"Nanard","Vincent"
"Sales",417645,"Tsukune","Roddy"
"Sales",417113,"Schrooten","Augustine"
"Sales",417131,"Adachi","Arunas"
"Sales",103369,"Mundy","Xuejia"
"Sales",417406,"Ducloy","Tokuyasu"
"Sales",103411,"Conte","Sham"
"Sales",103420,"Quaggetto","Cheong"
"Sales",87972,"Haldar","Leni"
"Sales",417401,"Marrevee","Hitomi"
"Sales",417206,"Crouzet","Ramachenga"
"Sales",103462,"Bojadziev","Elrique"
"Sales",103473,"Preusig","Alselm"
"Sales",103474,"Decleir","Alagu"
"Sales",238443,"Dulli","Basil"
"Sales",99565,"Bahk","Lijie"
"Sales",103485,"Jonsson","Jayesh"
"Sales",103511,"Hettesheimer","Randy"
"Sales",238398,"Wendorf","Shigehiro"
"Sales",417314,"Moehrke","Giordano"
"Sales",34625,"Riefers","Rance"
"Sales",474566,"Schmiedel","Chiranjit"
"Sales",103782,"Baez","Sigeru"
"Sales",34624,"Borstler","Maia"
"Sales",417287,"Laventhal","Chirstian"
"Sales",417283,"Birnbaum","Yoshimitsu"
"Sales",103867,"Masada","Laurentiu"
"Sales",103881,"Ramaiah","Yucai"
"Sales",417061,"Ligten","Tomofumi"
"Sales",103990,"Polajnar","Hilary"
"Sales",104010,"Fortenbacher","Adly"
"Sales",104018,"Mitzlaff","Basim"
"Sales",238396,"Holburn","Kinh"
"Sales",104044,"Ranst","Lunjin"
"Sales",66555,"Zuberek","Yuguang"
"Sales",474577,"Plump","Manohar"
"Sales",417423,"Esteva","Chinya"
"Sales",238360,"Basawa","Demin"
"Sales",417027,"Tramer","Aram"
"Sales",417004,"Decleir","Shakhar"
"Sales",59066,"Mitina","Abdulla"
"Sales",87988,"Bharadwaj","Hidde"
"Sales",104333,"Syrotiuk","Aiichiro"
"Sales",87992,"Iivonen","Moriyoshi"
"Sales",104349,"Marakhovsky","Leni"
"Sales",104371,"Gunderson","Utz"
"Sales",34604,"Keohane","Arnd"
"Sales",104392,"Kinley","Laurentiu"
"Sales",106130,"Sifakis","Erzsebet"
"Sales",416920,"Kossowski","Ekawit"
"Sales",104688,"Smeets","LiMin"
"Sales",104693,"Kavraki","Alexius"
"Sales",104479,"Stranks","Willard"
"Sales",88190,"Radivojevic","Lech"
"Sales",206788,"Kobuchi","Richara"
"Sales",59087,"Erdmenger","Shakhar"
"Sales",416662,"Veldwijk","Odysseas"
"Sales",104512,"Schiper","Vasilis"
"Sales",34359,"Baer","Tsuneo"
"Sales",18451,"Ecklund","Neven"
"Sales",104751,"Puoti","Mary"
"Sales",104772,"VanScheik","Yannik"
"Sales",34353,"Snyers","Mingdong"
"Sales",104791,"Dayana","Alejandra"
"Sales",104812,"Fujisawa","Hideo"
"Sales",104824,"Savasere","Karoline"
"Sales",104825,"Suppi","Weidon"
"Sales",34346,"Hiraishi","Shounak"
"Sales",104846,"Shackell","Munehiro"
"Sales",416302,"Rindone","Caolyn"
"Sales",10725,"Isard","Garnet"
"Sales",416250,"Michaels","Marie"
"Sales",34328,"Gonthier","Dzung"
"Sales",415375,"Sgarro","Xinyu"
"Sales",34320,"Puppe","Bangqing"
"Sales",415319,"Dahlbom","Nakhoon"
"Sales",105118,"Rajcani","Gurbir"
"Sales",105150,"Cronin","Hongzhu"
"Sales",417504,"Peron","Ronnie"
"Sales",88243,"Mayerwieser","Sugwoo"
"Sales",415267,"Danlos","Shigenori"
"Sales",415260,"Perry","Shunichi"
"Sales",206578,"Onuegbe","Deborah"
"Sales",105187,"Rothenberg","Serenella"
"Sales",105609,"Taubenfeld","Leon"
"Sales",34240,"Katzenelson","Qunsheng"
"Sales",59129,"Detkin","Masako"
"Sales",105685,"Melski","Hatim"
"Sales",415029,"Butner","Masaki"
"Sales",415005,"Zielinski","Shmuel"
"Sales",414987,"Setiz","Mohamadou"
"Sales",238330,"Sullins","Xinyu"
"Sales",105722,"Riefers","Maik"
"Sales",206565,"Perko","Goo"
"Sales",34230,"Ghazalie","Otmar"
"Sales",88269,"Kaelbling","Demin"
"Sales",88274,"Junot","Xiadong"
"Sales",105977,"Cooley","Fox"
"Sales",417570,"Karcich","Xiaocheng"
"Sales",417753,"Suermann","Sajjad"
"Sales",106006,"Zweizig","Mechthild"
"Sales",106008,"Jervis","Joydip"
"Sales",238268,"Thombley","Behnaam"
"Sales",106036,"Puppe","Radoslaw"
"Sales",106424,"Sidhu","Stevo"
"Sales",238263,"Rahimi","Vitaly"
"Sales",413001,"Monkewich","Nitsan"
"Sales",474832,"Koshino","Abdelwaheb"
"Sales",106507,"Vendrig","Saeed"
"Sales",417775,"Demian","Stabislas"
"Sales",34223,"Skogmar","Elrique"
"Sales",417814,"Aamodt","Yechiam"
"Sales",412931,"Brendel","Maris"
"Sales",88284,"Linnainmaa","Jiakeng"
"Sales",238255,"Angel","Hinrich"
"Sales",18412,"Bauknecht","Leah"
"Sales",106680,"Felcyn","Arie"
"Sales",412920,"Hofstetter","Susanne"
"Sales",238246,"Munoz","Shakhar"
"Sales",18409,"Bala","Keiichiro"
"Sales",107430,"Wossner","Saeed"
"Sales",107447,"Nations","Pintsang"
"Sales",412832,"Bernatsky","Tokuyasu"
"Sales",417909,"Shanbhogue","Alselm"
"Sales",107474,"Goodrum","Taiji"
"Sales",107476,"Klyachko","Yongdong"
"Sales",107477,"Eppinger","Cullen"
"Sales",107490,"Riesenhuber","Zhenhua"
"Sales",107497,"Maliniak","Oksana"
"Sales",107530,"McAlpine","Shakhar"
"Sales",59401,"Jonsson","Fumino"
"Sales",107575,"Shihab","Mart"
"Sales",411372,"Munch","Nahid"
"Sales",107580,"Ohori","Kish"
"Sales",107762,"Vesel","Tamiya"
"Sales",107765,"Dulin","Chirstian"
"Sales",236551,"Flanders","Remmert"
"Sales",411314,"Goodrum","Boutros"
"Sales",411307,"Wixon","Phuoc"
"Sales",411280,"Validov","Hitofumi"
"Sales",418305,"Rosca","Irene"
"Sales",107885,"Mersereau","Khalid"
"Sales",411253,"Baaz","Shuho"
"Sales",410719,"Gini","Hugo"
"Sales",88300,"Hofmeyr","Przemyslawa"
"Sales",483343,"Gill","Mayumi"
"Sales",108132,"Swist","Sampalli"
"Sales",108135,"Ishibashi","Heekeun"
"Sales",108138,"Middleton","Berto"
"Sales",108143,"Lortz","Shrikanth"
"Sales",410662,"Luon","Piyush"
"Sales",108202,"Rodham","Kenroku"
"Sales",59418,"Molenkamp","Mori"
"Sales",108216,"Shobatake","Lijia"
"Sales",410624,"Garnham","Xuejia"
"Sales",108239,"Beeson","Barna"
"Sales",108440,"Conta","Xiaoqiang"
"Sales",108471,"Brender","Aruna"
"Sales",483350,"Wiegley","Ramya"
"Sales",410571,"Zastre","Akeel"
"Sales",108528,"Pellegrinelli","Khue"
"Sales",108554,"Giveon","Leah"
"Sales",410492,"Rosar","Subhada"
"Sales",88302,"Grabner","Hsiangchu"
"Sales",410487,"Heuter","Unal"
"Sales",108671,"Bugrara","Aris"
"Sales",59446,"Birke","Demos"
"Sales",108725,"Picaronny","Thanasis"
"Sales",34158,"Syrotiuk","Mohammed"
"Sales",108734,"Kemmerer","Jahangir"
"Sales",236546,"Vieth","Youssef"
"Sales",410356,"Belinskaya","Yongqiao"
"Sales",108962,"Rajcani","Przemyslawa"
"Sales",410351,"Dayana","Yuping"
"Sales",236500,"Chartres","Iara"
"Sales",108988,"Baek","Oksana"
"Sales",108989,"Joslin","Fay"
"Sales",410337,"Schneeberger","DeForest"
"Sales",206516,"Besancenot","Bodh"
"Sales",34132,"Wynblatt","Anneli"
"Sales",109060,"Naudin","Cordelia"
"Sales",410301,"Hofstetter","Atilio"
"Sales",109083,"Merel","Moto"
"Sales",88326,"Poulakidas","Zijian"
"Sales",206464,"Heinisuo","Masaru"
"Sales",410281,"Ghelli","Kitty"
"Sales",59465,"Luiz","Lillian"
"Sales",410265,"Beausoleil","Alper"
"Sales",474921,"Baak","Aimee"
"Sales",109401,"Kilgour","Christoper"
"Sales",410239,"Cusworth","Phuoc"
"Sales",410235,"Poujol","JoAnna"
"Sales",109423,"Bultermann","Frazer"
"Sales",109600,"Chvatal","Xuejun"
"Sales",109601,"Heuter","Jasminko"
"Sales",109886,"Schaaf","Fan"
"Sales",18354,"Conia","Mostafa"
"Sales",109613,"Emiris","Radhia"
"Sales",109618,"Shokrollahi","Muzhong"
"Sales",109643,"Ratzlaff","Faiza"
"Sales",70526,"Gelosh","Cheong"
"Sales",410157,"Brookner","Sumali"
"Sales",88392,"Legleitner","Radoslaw"
"Sales",418626,"Shanbhogue","Marla"
"Sales",99647,"Katzenelson","Toshiko"
"Sales",70522,"Baaz","Subhrajyoti"
"Sales",109754,"Gini","Oldrich"
"Sales",410058,"Deyuan","Bodh"
"Sales",88410,"Heuser","Tomofumi"
"Sales",59510,"Bouloucos","Shuichi"
"Sales",109993,"Furudate","Danel"
"Sales",410011,"Selvestrel","Lunjin"
"Sales",111035,"Kaelbling","Przemyslawa"
"Sales",410008,"Lambe","Chinho"
"Sales",200027,"Godskesen","Nathalie"
"Sales",200029,"Anguita","Boutros"
"Sales",409975,"Hennebert","Yakkov"
"Sales",409909,"McClurg","Xumin"
"Sales",409897,"Percebois","Mohd"
"Sales",409886,"Skogmar","Shuji"
"Sales",418675,"Ambroszkiewicz","Adin"
"Sales",409653,"Muchinsky","Kwangsub"
"Sales",59539,"Slutz","Kwun"
"Sales",409644,"Kruskal","Tokuyasu"
"Sales",200200,"Matzen","Willard"
"Sales",33881,"Encarnacion","Sreenivas"
"Sales",236428,"Itzigehl","Hsiangchu"
"Sales",200263,"Miake","Masasuke"
"Sales",236417,"Beilner","Nikolaus"
"Sales",200286,"Naudin","Alagu"
"Sales",59543,"Molenaar","Behnaam"
"Sales",200310,"Legleitner","Hitofumi"
"Sales",409579,"Belinskaya","Stein"
"Sales",88417,"Rossi","Tommaso"
"Sales",200353,"Zirintsis","Shawna"
"Sales",409564,"Fujisaki","Uno"
"Sales",200394,"Axelband","Luise"
"Sales",206232,"Peroz","Abdelaziz"
"Sales",200632,"Mattern","TRUE"
"Sales",200637,"Clemencon","Xiahua"
"Sales",33869,"Lukaszewicz","Masato"
"Sales",409558,"Hofting","Shunichi"
"Sales",200714,"Sudbeck","JoAnne"
"Sales",460134,"Gyimothy","Mihalis"
"Sales",200743,"Roohalamini","Annemarie"
"Sales",418922,"Ventosa","Shunichi"
"Sales",201107,"Garnier","Aleksandar"
"Sales",201121,"Poujol","Golgen"
"Sales",409498,"Vingron","Bodh"
"Sales",201141,"Zielinski","Jiafu"
"Sales",201164,"Erol","Kannan"
"Sales",33814,"Androutsos","Hairong"
"Sales",409475,"Plotkin","Aloys"
"Sales",236216,"Uhrik","Salvador"
"Sales",409453,"Taubman","Mabo"
"Sales",201304,"Bharadwaj","Yuping"
"Sales",33796,"Claffy","Vidar"
"Sales",33791,"Shackell","Mariangiola"
"Sales",59600,"Pelc","Ute"
"Sales",33783,"Osgood","Jongsuk"
"Sales",88459,"Blokdijk","Huai"
"Sales",206202,"Yavatkar","Gill"
"Sales",236202,"Nations","Junichi"
"Sales",418966,"Luan","Sumant"
"Sales",33579,"Eickenmeyer","Guozhong"
"Sales",201505,"Heystek","Kagan"
"Sales",201566,"Cronau","Genevieve"
"Sales",88476,"Busillo","Jamaludin"
"Sales",88485,"Ranai","Fumino"
"Sales",409307,"Ambroszkiewicz","Shai"
"Sales",201614,"Swick","Mingsen"
"Sales",201632,"Plumb","Remmert"
"Sales",59633,"Weedon","Nobuyoshi"
"Sales",236106,"Schapire","Yagil"
"Sales",72976,"Sinitsyn","Pasqua"
"Sales",201731,"Eterovic","Atreyi"
"Sales",236097,"Serot","Hatim"
"Sales",460117,"Berstel","Bernice"
"Sales",201979,"Dymetman","Takanari"
"Sales",202003,"Nivat","Baoqiu"
"Sales",202004,"Gladwell","Ayakannu"
"Sales",202009,"Bolotov","Sanjiv"
"Sales",202042,"Strehl","Margareta"
"Sales",409228,"Bael","Rosita"
"Sales",202057,"Christianini","Nahla"
"Sales",202060,"Magalhaes","Kasturi"
"Sales",202063,"Flanders","Xiaoqiu"
"Sales",419078,"Bolotov","Shiv"
"Sales",409222,"Murrill","Jungsoon"
"Sales",202269,"Vitiello","Shin"
"Sales",475152,"Aloia","Arie"
"Sales",202323,"Khalid","Reuven"
"Sales",409149,"Swiss","Margareta"
"Sales",202343,"Kushner","Froduald"
"Sales",409108,"Gyimothy","Mohan"
"Sales",202376,"Uhrik","Holgard"
"Sales",99666,"Kropp","Jackson"
"Sales",99671,"Leppanen","Tsuneo"
"Sales",202473,"Perry","Sigeru"
"Sales",475163,"Litzkow","Douadi"
"Sales",202494,"Gyimothy","Hugo"
"Sales",202502,"Glowinski","Gunilla"
"Sales",69282,"Ramsak","Gregory"
"Sales",202547,"Alpin","Patricio"
"Sales",408867,"Gente","Renee"
"Sales",408864,"Swab","Akeel"
"Sales",408757,"Trystram","Becky"
"Sales",18285,"Manders","Sungwon"
"Sales",202821,"Nanard","Etsuo"
"Sales",234655,"Demeyer","Souichi"
"Sales",202836,"Bultermann","Youngkon"
"Sales",408754,"Linares","Adas"
"Sales",408749,"Condotta","Mingzeng"
"Sales",419191,"Zeilberger","King"
"Sales",408721,"Bottner","Moss"
"Sales",408715,"Bennis","Hilari"
"Sales",408536,"Saoudi","Kotesh"
"Sales",202879,"Falck","Lalit"
"Sales",408513,"Demri","King"
"Sales",419201,"Driscoll","Moheb"
"Sales",202918,"Kermarrec","Toshiko"
"Sales",203100,"Mikschl","Dhritiman"
"Sales",203116,"Nicolson","Bilhanan"
"Sales",203128,"Domenig","Guozhong"
"Sales",33200,"Baar","Mariusz"
"Sales",203158,"Usdin","Shuichi"
"Sales",460047,"Middleton","Kwun"
"Sales",408418,"Meszaros","Masoud"
"Sales",203184,"Linnainmaa","Angus"
"Sales",18274,"Karnin","Yefim"
"Sales",203214,"Kilgour","Paraskevi"
"Sales",408369,"Rajala","Bangqing"
"Sales",59739,"Velardi","Jessie"
"Sales",419246,"Speel","Jamaludin"
"Sales",408343,"Luit","Kazuyasu"
"Sales",204795,"Feldhoffer","Sivanarayana"
"Sales",204798,"Cannata","Tadahiro"
"Sales",204804,"Rissland","Genki"
"Sales",234325,"Awdeh","Gio"
"Sales",99704,"Lowrie","Kenton"
"Sales",408307,"Cronin","Guadalupe"
"Sales",408284,"Nitsche","Shigehito"
"Sales",408275,"Improta","Kazuhiko"
"Sales",419254,"Krider","Shigenori"
"Sales",408270,"Gelosh","Zita"
"Sales",234310,"Murtagh","Bojan"
"Sales",99707,"Guting","Sarita"
"Sales",204926,"Waeselynck","Gian"
"Sales",234306,"Luby","Shooichi"
"Sales",205339,"Baumann","Nathan"
"Sales",205382,"Brlek","Volkmar"
"Sales",70517,"Porotnikoff","Jaber"
"Sales",419301,"Trogemann","Subhash"
"Sales",234275,"Denny","Munenori"
"Sales",18246,"Asser","Fumino"
"Sales",408216,"Acton","Shridhar"
"Sales",205668,"Encarnacion","Yinghua"
"Sales",205701,"Nanard","Manohar"
"Sales",88574,"Leivant","Holgard"
"Sales",408111,"Rabehasaina","Ferdinand"
"Sales",234240,"Driscoll","Chiradeep"
"Sales",408077,"Orsini","Unal"
"Sales",408073,"Lorcy","Leandro"
"Sales",109819,"Anily","Tadanori"
"Sales",99740,"Wiegley","Adly"
"Sales",206026,"Bellmore","Baoqiu"
"Sales",233382,"Diderrich","Bojan"
"Sales",408049,"Tramer","Gererd"
"Sales",59756,"Colorni","Rimon"
"Sales",206074,"Imataki","Brigham"
"Sales",408020,"Winter","JoAnne"
"Sales",408015,"Erol","Kendra"
"Sales",408012,"Casley","Parke"
"Sales",408005,"Binkley","Kristian"
"Sales",419389,"Gniady","Garnik"
"Sales",206318,"Bouloucos","Jingling"
"Sales",408002,"Fujisaki","Insup"
"Sales",419420,"Dulli","Mohammed"
"Sales",66658,"Collette","Fei"
"Sales",32870,"Gammage","Morrie"
"Sales",206401,"Sewelson","Kwangyoen"
"Sales",419618,"Perfilyeva","Rosine"
"Sales",205921,"Chartres","Bangqing"
"Sales",407980,"Munos","Gopalakrishnan"
"Sales",233309,"Pena","Piyawadee"
"Sales",88594,"Kranzdorf","Siddarth"
"Sales",419634,"Joslin","Conor"
"Sales",99758,"Brodal","Zhiguo"
"Sales",206668,"Rabejac","Jaana"
"Sales",206674,"Nilsson","Byong"
"Sales",407935,"Naumovich","Xudong"
"Sales",206686,"Mondadori","Shin"
"Sales",32826,"Byoun","Suzette"
"Sales",206692,"Melter","Surveyors"
"Sales",407927,"Brodal","Arumugam"
"Sales",32819,"Kuhnemann","Percy"
"Sales",206984,"Huttel","Kwangsub"
"Sales",207003,"Nicolson","Jasminko"
"Sales",407874,"Swan","Radoslaw"
"Sales",407856,"Velardi","Naftaly"
"Sales",207082,"Veccia","Hairong"
"Sales",407789,"Poulakidas","Sachio"
"Sales",59822,"Luon","Denis"
"Sales",59844,"Jiafu","Danco"
"Sales",207385,"Narlikar","Valery"
"Sales",207391,"Frezza","Kazuhira"
"Sales",207393,"Erni","Tadanori"
"Sales",207399,"Eiter","Jingling"
"Sales",207411,"Levergood","Premal"
"Sales",419767,"Penz","Uma"
"Sales",207477,"Pagter","Tetsurou"
"Sales",88652,"Yeung","Rosine"
"Sales",407481,"Bellmore","Kshitij"
"Sales",207542,"Garrabrants","Sanjay"
"Sales",72961,"Maquelin","Salvador"
"Sales",207570,"Peroz","Kerhong"
"Sales",233237,"Reutenauer","Kazuhide"
"Sales",207598,"Ranon","Tsuneo"
"Sales",419844,"Blokdijk","Yefim"
"Sales",207790,"Noriega","Stein"
"Sales",207806,"Alameldin","Limsoon"
"Sales",407467,"Huxford","Kiyotoshi"
"Sales",207811,"Benantar","Weidon"
"Sales",207818,"Itschner","Selwyn"
"Sales",70510,"Erva","Zdislav"
"Sales",207879,"Keohane","Marc"
"Sales",207882,"Nannarelli","Shawna"
"Sales",207883,"Zongker","Ioana"
"Sales",207892,"Munch","Alejandra"
"Sales",32577,"Bridgland","Ayakannu"
"Sales",88668,"Hennebert","Pasqua"
"Sales",88677,"Zuberek","Marke"
"Sales",484087,"Tagansky","Herb"
"Sales",407309,"Neimat","King"
"Sales",208246,"Figueira","Jaideep"
"Sales",407277,"Karcich","Barton"
"Sales",208466,"Ballarin","Hilari"
"Sales",18238,"Maliniak","KayLiang"
"Sales",419977,"Swist","Arnould"
"Sales",205868,"Lieblein","Hein"
"Sales",232994,"Szemeredi","Satosi"
"Sales",232975,"Vitiello","Kersti"
"Sales",420021,"Eastman","Stevo"
"Sales",88690,"Miake","Zhiguo"
"Sales",99775,"Denis","Shigeaki"
"Sales",407216,"Apsitis","Frederique"
"Sales",420070,"Birch","Stein"
"Sales",68669,"Nyanchama","Huai"
"Sales",208636,"Maginnis","Terresa"
"Sales",208637,"Casperson","Lillian"
"Sales",208638,"Zobel","Khatoun"
"Sales",407215,"Schicker","Jouko"
"Sales",208656,"Nivat","Odoardo"
"Sales",407213,"Setlzner","Amstein"
"Sales",109800,"Schiper","Akeel"
"Sales",485754,"Randi","Perla"
"Sales",407187,"Pollacia","Valeska"
"Sales",88751,"Portugali","Haldun"
"Sales",208768,"Schwartzbauer","Ravishankar"
"Sales",32515,"Attimonelli","Branimir"
"Sales",407128,"Attimonelli","Premsyl"
"Sales",209020,"Babu","Jahangir"
"Sales",475292,"Schapiro","Chrisa"
"Sales",407115,"Heijenga","Reuven"
"Sales",209056,"Highland","Xuejia"
"Sales",407114,"Businaro","Peer"
"Sales",232905,"Bouloucos","Yakkov"
"Sales",209106,"Gischer","Branimir"
"Sales",209111,"Herbst","Radhika"
"Sales",407099,"Joslin","Nalini"
"Sales",407094,"Solovay","Kwangho"
"Sales",407070,"Feldmann","Kokou"
"Sales",209324,"Erol","Nimmagadda"
"Sales",475293,"Stanger","Shem"
"Sales",406839,"Koprowski","Rildo"
"Sales",460011,"Basart","Bouchung"
"Sales",406788,"Simkin","Avishai"
"Sales",72951,"Brandsma","Shim"
"Sales",406705,"Jarecki","Kannan"
"Sales",420257,"Kaiserswerth","Jungsoon"
"Sales",451440,"Gulak","Yucai"
"Sales",88783,"Gruenwald","Dipayan"
"Sales",209463,"Masand","Arun"
"Sales",209481,"Porotnikoff","Adamantios"
"Sales",209505,"Glowinski","Yuriy"
"Sales",209525,"Valette","Satosi"
"Sales",232464,"Kropf","Odysseas"
"Sales",406439,"Usery","Bedir"
"Sales",209555,"Sommen","Shen"
"Sales",72727,"Basagni","Lunjin"
"Sales",99791,"Negoita","Holgard"
"Sales",406408,"Rothenberg","Foong"
"Sales",99795,"Keohane","Sungwon"
"Sales",209620,"Schaad","Ziya"
"Sales",406407,"Ecklund","Stabislas"
"Sales",209654,"Stiles","Aksel"
"Sales",420525,"Deville","Juyoung"
"Sales",209688,"Erni","Sedat"
"Sales",88806,"Ernst","Laurentiu"
"Sales",209726,"Limongiello","Yishay"
"Sales",406390,"Terlouw","Stevo"
"Sales",209733,"Hooghiemstra","Subhash"
"Sales",209765,"Alpin","Yoshimitsu"
"Sales",209771,"Muniz","Vitali"
"Sales",420548,"Erev","Muneo"
"Sales",420560,"Lorie","Mahendra"
"Sales",32466,"Dalphin","Youpyo"
"Sales",486806,"Lipner","Radoslaw"
"Sales",210023,"Staylopatis","Goetz"
"Sales",32450,"Brodal","Karoline"
"Sales",460007,"Senzako","Mori"
"Sales",210084,"Lenart","Hitofumi"
"Sales",210093,"Rissland","Apostol"
"Sales",475520,"Rosch","Renee"
"Sales",405799,"Krohm","Lobel"
"Sales",405740,"Roccetti","Chiradeep"
"Sales",18015,"Munck","Zhaofang"
"Sales",210154,"Salverda","Kristine"
"Sales",32436,"Bultermann","Mary"
"Sales",210172,"Haddadi","Pantung"
"Sales",405736,"Birdsall","Zhigen"
"Sales",405724,"Antonakopoulos","Hideo"
"Sales",210197,"Spelt","Jaques"
"Sales",210210,"Cairo","Chaitali"
"Sales",59927,"Salverda","Sedat"
"Sales",210249,"Khasidashvili","Yishai"
"Sales",405498,"Comellas","Takahiro"
"Sales",210327,"Bade","Bojan"
"Sales",405487,"Jeong","Hilari"
"Sales",232189,"Larfeldt","Ravishankar"
"Sales",210351,"Stavenow","Stamatina"
"Sales",232176,"Hiyoshi","Janche"
"Sales",210358,"Panwar","Phuoc"
"Sales",210361,"Alblas","Basim"
"Sales",210363,"Awdeh","Jaber"
"Sales",17992,"Winter","Zhonghua"
"Sales",210508,"Remmele","Kristinn"
"Sales",405382,"Mansanne","Kamakshi"
"Sales",109583,"Whitcomb","Mayumi"
"Sales",405350,"Servi","Conor"
"Sales",13243,"Huxford","Fay"
"Sales",405336,"Molberg","Krassimir"
"Sales",405321,"Zyda","Suvo"
"Sales",232102,"Ramsay","Hidekazu"
"Sales",405316,"Kulisch","Gila"
"Sales",210643,"Karunanithi","Constantine"
"Sales",405303,"Boyle","Muzhong"
"Sales",420725,"Hambrick","Ronnie"
"Sales",210677,"Oehlmann","Gor"
"Sales",32229,"Wossner","Weiwu"
"Sales",17984,"Roison","Kellyn"
"Sales",210708,"Lorin","Dietrich"
"Sales",405287,"Syrzycki","Venkatesan"
"Sales",232098,"Bale","Margareta"
"Sales",210722,"Miculan","Chanjung"
"Sales",99825,"Flowers","Geoffry"
"Sales",210742,"Hatcliff","Feixiong"
"Sales",59971,"Broder","Stein"
"Sales",210782,"Bahr","Changho"
"Sales",210797,"Orsini","Sastry"
"Sales",405255,"Erni","Jinxi"
"Sales",421294,"Kowalchuk","Abdulla"
"Sales",210843,"Emiris","Weiyi"
"Sales",421336,"Aloisi","Gretta"
"Sales",210865,"Koyama","Olivera"
"Sales",405175,"Smeets","Ulises"
"Sales",89042,"Billingsley","Aamod"
"Sales",210894,"Erdi","Aria"
"Sales",232078,"Beerel","Susuma"
"Sales",89051,"Ritzmann","Demos"
"Sales",32193,"Szmurlo","Margareta"
"Sales",210929,"Kruskal","Marsal"
"Sales",475528,"Honglei","Mantis"
"Sales",421368,"Ibel","Masaru"
"Sales",17975,"Gire","Gilbert"
"Sales",17969,"Katalagarianos","Ranga"
"Sales",211129,"Prampolini","Stafford"
"Sales",211143,"Kusakabe","Amabile"
"Sales",99836,"Terekhov","Mani"
"Sales",421402,"Sury","Danai"
"Sales",405127,"Perfilyeva","Kwee"
"Sales",459980,"Merey","Paraskevi"
"Sales",211207,"Schmiedel","Gino"
"Sales",211227,"Choobineh","Ebru"
"Sales",405093,"Matzat","Vidar"
"Sales",405032,"Solovay","Yinghua"
"Sales",32164,"Penttonen","Isamu"
"Sales",89074,"Chandrasekhar","Dmitry"
"Sales",213487,"Vanwelkenhuysen","Harjit"
"Sales",213489,"Deverell","Urs"
"Sales",230682,"Bamford","Terresa"
"Sales",405019,"Pavlopoulou","Giri"
"Sales",60006,"Encarnacion","Itzchak"
"Sales",104707,"Rousseau","Kiyomitsu"
"Sales",230652,"Schaad","Kwangho"
"Sales",213565,"Angel","Przemyslawa"
"Sales",68706,"Karunanithi","Jackson"
"Sales",17961,"Schieder","Jaber"
"Sales",213619,"Harbusch","Geraldo"
"Sales",404931,"Alencar","Mara"
"Sales",32145,"Kruskal","Jinxi"
"Sales",404928,"Gerteisen","Gad"
"Sales",421698,"Billawala","Flemming"
"Sales",421707,"Baumann","Radhia"
"Sales",213649,"Manders","Udaiprakash"
"Sales",404916,"Ranft","Katsuo"
"Sales",449761,"Schlenzig","Yucai"
"Sales",213703,"Lamba","Lucian"
"Sales",99842,"Keirsey","Flemming"
"Sales",213730,"Angelov","Seongbin"
"Sales",421717,"Kisuki","Lansing"
"Sales",404911,"Boreale","Zdislav"
"Sales",404898,"Thorelli","Yishay"
"Sales",32088,"Papadias","Mohit"
"Sales",421721,"Reinhart","Shao"
"Sales",32066,"Stentiford","Faiza"
"Sales",214981,"Reistad","Licheng"
"Sales",89129,"Speel","Aamod"
"Sales",32043,"Cooman","Muzhong"
"Sales",215042,"Hebert","Rajmohan"
"Sales",60040,"Copas","Muneo"
"Sales",215052,"Tasistro","Kirk"
"Sales",215054,"Hiyoshi","Tomokazu"
"Sales",215067,"Dolinsky","Gil"
"Sales",459968,"Rajala","Rajmohan"
"Sales",215142,"Kushner","Danil"
"Sales",215150,"Marrakchi","Yuriy"
"Sales",215160,"Dulin","Anoosh"
"Sales",10705,"Wynblatt","Hironobu"
"Sales",215184,"Kakkar","Akhilish"
"Sales",230547,"Aumann","Chuanyi"
"Sales",215247,"Hellwagner","Tonny"
"Sales",215251,"Xiaoshan","Shahab"
"Sales",60230,"Gecseg","Naftali"
"Sales",215256,"Copas","Bojan"
"Sales",215274,"Terlouw","Moss"
"Sales",215285,"Osgood","Kazuhira"
"Sales",404760,"Rajala","Howell"
"Sales",421762,"Pouyioutas","Neelam"
"Sales",215320,"Zeidenstein","Yonghong"
"Sales",215344,"Denny","Christfried"
"Sales",485832,"Thebaut","Nathan"
"Sales",230172,"Cyne","Abdulla"
"Sales",215402,"Prochazka","Sanjiv"
"Sales",475615,"Hennebert","Prasadram"
"Sales",31963,"Aloia","Heeju"
"Sales",215460,"Anandan","Eberhardt"
"Sales",216825,"Krupka","Tzu"
"Sales",404697,"Braccini","Gor"
"Sales",404690,"Morton","Hidde"
"Sales",216946,"Highland","Oguz"
"Sales",216958,"Demizu","Ishfaq"
"Sales",72685,"Pietracaprina","Toshimori"
"Sales",404686,"Antonisse","Kyoichi"
"Sales",422027,"Hofstetter","Gil"
"Sales",422051,"Baaz","Mark"
"Sales",422062,"Yemenis","Ramachenga"
"Sales",404643,"Przulj","Krassimir"
"Sales",217111,"Frolund","Elzbieta"
"Sales",422767,"Velardi","Nagui"
"Sales",31711,"Schiettecatte","Denny"
"Sales",404636,"Garnham","Zine"
"Sales",217147,"Lampe","Taegyun"
"Sales",404590,"Trelles","Luerbio"
"Sales",205542,"Roison","Shuho"
"Sales",404532,"Linnainmaa","Zsolt"
"Sales",217178,"Chimia","Yonghoan"
"Sales",404488,"Eppinger","King"
"Sales",31705,"Garigliano","Frazer"
"Sales",217264,"Rabejac","Rosalie"
"Sales",404429,"Flexer","Hilari"
"Sales",217295,"Angiulli","Jouko"
"Sales",31702,"Isard","Florian"
"Sales",404367,"Lupu","Shrikanth"
"Sales",404362,"Vickson","Takahira"
"Sales",218007,"Benaini","Radoslaw"
"Sales",218015,"Spinelli","Mang"
"Sales",66919,"Rotem","Subhankar"
"Sales",230074,"Templeman","Zito"
"Sales",218068,"Verhoeff","Rildo"
"Sales",218084,"Hedayat","Katsuyuki"
"Sales",31687,"Lienhardt","Huai"
"Sales",449764,"Zykh","Toshimori"
"Sales",404257,"Kilgour","Sasan"
"Sales",218145,"Bamford","Jolita"
"Sales",422802,"Fortenbacher","Maris"
"Sales",218206,"Bain","Ramalingam"
"Sales",230054,"Waschkowski","Xiaoshan"
"Sales",89195,"Zultner","Kazuhiko"
"Sales",218261,"DuCasse","Ranan"
"Sales",404209,"Buescher","Shakhar"
"Sales",475636,"Ramsey","Kazuhito"
"Sales",218291,"Kalloufi","Martine"
"Sales",230050,"Ghandeharizadeh","Pranay"
"Sales",218353,"Siksek","Candida"
"Sales",218385,"Fontet","Bangqing"
"Sales",218391,"Edelhoff","Jeanna"
"Sales",422870,"Mamelak","Berto"
"Sales",12178,"Chinal","Miyeon"
"Sales",422887,"Bruckman","Itzchak"
"Sales",404020,"Fasbender","Sanjiv"
"Sales",422890,"Rothenberg","Isaac"
"Sales",17904,"Pokrovskii","Supot"
"Sales",404003,"Unni","Mechthild"
"Sales",422910,"Sundgren","Iara"
"Sales",422914,"Kirkerud","Emran"
"Sales",218597,"Gomatam","Kamakshi"
"Sales",422916,"Schusler","Alassane"
"Sales",403975,"Zschoche","Taegyun"
"Sales",218616,"Montemayor","Haldon"
"Sales",229691,"Horswill","Collette"
"Sales",422927,"Tomescu","Toshimori"
"Sales",403948,"Kinley","Rosli"
"Sales",229657,"Magliocco","Vugranam"
"Sales",218714,"Karlin","Tsuneo"
"Sales",60358,"Sudbeck","Arfst"
"Sales",218730,"Milicia","Limsoon"
"Sales",218739,"Vadhan","Dannz"
"Sales",31639,"Choobineh","Sanjiv"
"Sales",205523,"Coors","Frazer"
"Sales",218795,"Michaeli","Adin"
"Sales",31407,"Vernadat","Chaosheng"
"Sales",403809,"Nannarelli","Frederique"
"Sales",484376,"Peres","Pranay"
"Sales",403749,"Magalhaes","Gennady"
"Sales",60562,"Delaune","Vasilis"
"Sales",403707,"Swiss","Francesca"
"Sales",229574,"Klassen","Mack"
"Sales",403670,"Sullins","Zengping"
"Sales",423720,"Maierhofer","Barry"
"Sales",459221,"Swift","Toshiko"
"Sales",403586,"Hoogerwoord","Toshimi"
"Sales",229552,"Shackel","Utpal"
"Sales",219120,"Aseltine","Vishwani"
"Sales",89233,"Gruenwald","Ebbe"
"Sales",423743,"Nivat","Cullen"
"Sales",229544,"Panangaden","Heon"
"Sales",219157,"Milicic","Debaprosad"
"Sales",403553,"Hashii","Jaques"
"Sales",403529,"Borstler","Tran"
"Sales",219198,"Birjandi","Baocai"
"Sales",403516,"Azevdeo","Abdelghani"
"Sales",229539,"Kawashima","Torsten"
"Sales",403503,"Rikino","Ulises"
"Sales",99859,"Ulupinar","Eckart"
"Sales",403462,"Munawer","Tze"
"Sales",403430,"Yoshimura","Arco"
"Sales",205482,"Tzvieli","Shaunak"
"Sales",403412,"Thombley","Hugo"
"Sales",403407,"Demir","Boriana"
"Sales",60641,"Msuda","Zita"
"Sales",403393,"Melter","Shigehiro"
"Sales",60656,"Beeson","Inderjeet"
"Sales",219412,"Schlumberger","Bernardo"
"Sales",219420,"Hutter","Prodip"
"Sales",402601,"Blokdijk","Remko"
"Sales",423962,"Cochrane","Genki"
"Sales",219457,"Gulik","Claudi"
"Sales",219476,"Silva","Nadjib"
"Sales",402585,"Swick","Adamantios"
"Sales",104727,"Stanger","Masasuke"
"Sales",402575,"Jeansoulin","Alain"
"Sales",219551,"Wuwongse","Sampalli"
"Sales",31336,"Ciolek","Shichao"
"Sales",219572,"Maginnis","Jayson"
"Sales",219596,"Cyne","Xiaoqiang"
"Sales",423975,"Smeets","Heather"
"Sales",219649,"Benaini","Margo"
"Sales",99878,"Sidhu","Fen"
"Sales",89273,"Thombley","Nikolaos"
"Sales",219691,"Hofmeyr","Abdelghani"
"Sales",219725,"Zockler","Elvis"
"Sales",219751,"Rettelbach","King"
"Sales",424034,"Schmittgen","Zhonghua"
"Sales",219764,"Remmele","Hidde"
"Sales",219778,"Ishibashi","Chuanti"
"Sales",402077,"Schurmann","Mohamadou"
"Sales",219808,"Vrecion","Manibrata"
"Sales",219813,"Krupka","Ranan"
"Sales",424054,"Camarinopoulos","Halsur"
"Sales",402041,"Yavatkar","Theirry"
"Sales",424055,"Bottner","Tesuya"
"Sales",219864,"Neiman","Yuriy"
"Sales",424058,"Danley","Lihong"
"Sales",219876,"Matzat","Adin"
"Sales",219878,"Peot","Mansur"
"Sales",424062,"Slaats","Masami"
"Sales",105793,"Dulli","Dhritiman"
"Sales",401817,"Samarati","Ayakannu"
"Sales",219916,"Arlazarov","Kagan"
"Sales",219918,"Nastansky","Eirik"
"Sales",401780,"Klyachko","Abdulah"
"Sales",229497,"Bach","Dekang"
"Sales",476068,"Mungall","Geoff"
"Sales",229491,"Eterovic","Yongdong"
"Sales",424083,"Coombs","Baruch"
"Sales",31299,"Matteis","Guadalupe"
"Sales",220097,"Vrecion","Jaewon"
"Sales",220135,"Yoshimura","Jixiang"
"Sales",401683,"Rajala","Uriel"
"Sales",401681,"Morrey","Yongmao"
"Sales",401666,"Doering","Leon"
"Sales",220155,"Hiroyama","Sadok"
"Sales",476090,"Liedekerke","Mariusz"
"Sales",89338,"Sury","Byong"
"Sales",220217,"Velasco","Filipp"
"Sales",220257,"Pappas","Eran"
"Sales",220279,"Erdmenger","Susanta"
"Sales",220329,"Falster","Kauko"
"Sales",401632,"Snyers","Mototsugu"
"Sales",425152,"Passafiume","Kwun"
"Sales",220349,"Bennis","Chandrasekaran"
"Sales",459190,"Rijckaert","Dayanand"
"Sales",106141,"Stavenow","Premsyl"
"Sales",220379,"Veldwijk","Bikash"
"Sales",220382,"Rosen","Vishu"
"Sales",401616,"Pappas","Chriss"
"Sales",229426,"Stamatiou","Chaosheng"
"Sales",220450,"Simmel","Ult"
"Sales",425167,"Strandh","Baoqiu"
"Sales",89549,"Yemenis","Atilio"
"Sales",89571,"Schieder","Kish"
"Sales",220491,"Chenney","Ramzi"
"Sales",220492,"Ratnakar","Xuejun"
"Sales",220497,"Kropf","Eran"
"Sales",476099,"Massonet","Zhenbing"
"Sales",425189,"Cronan","Munenori"
"Sales",401332,"Perl","Foong"
"Sales",220560,"Roison","Idoia"
"Sales",17647,"Swab","Vasilis"
"Sales",229399,"Maquelin","Shaw"
"Sales",220616,"Slaats","Zhonghua"
"Sales",17629,"Winter","Mostafa"
"Sales",401310,"Rosar","Jingling"
"Sales",220657,"Sinitsyn","Krisda"
"Sales",401256,"Erva","Gennadi"
"Sales",400000,"Reinhart","Mitsuyuki"
"Sales",31011,"Flasterstein","Anneli"
"Sales",221229,"Haumacher","Gad"
"Sales",221267,"Hertweck","Mizuhito"
"Sales",299912,"Zhang","Dinkar"
"Sales",221284,"Minakawa","Chanjung"
"Sales",221290,"Morrow","Jayson"
"Sales",221309,"Lunn","Bogdan"
"Sales",426665,"Chandrasekhar","Masanao"
"Sales",299636,"Conia","Sven"
"Sales",299634,"Frezza","Freyja"
"Sales",299591,"Yamaashi","Kerryn"
"Sales",30991,"Andreotta","Jaber"
"Sales",221797,"Baranowski","Xiaoheng"
"Sales",299578,"Jording","Toshimori"
"Sales",221825,"Lueh","Yurii"
"Sales",30990,"Michaels","Yoshimitsu"
"Sales",299567,"Miculan","Xiping"
"Sales",222409,"Herath","Arve"
"Sales",222419,"Danlos","Jinpo"
"Sales",298590,"Awdeh","Yakkov"
"Sales",229311,"Pews","Minghong"
"Sales",476125,"Crelier","Manohar"
"Sales",205207,"Borstler","Ramalingam"
"Sales",223114,"Massonet","Ishfaq"
"Sales",60820,"Lally","Siddarth"
"Sales",223171,"Speckmann","Torsten"
"Sales",298310,"Chimia","Subhankar"
"Sales",298307,"Schwaller","Sorina"
"Sales",298299,"Flasterstein","Odinaldo"
"Sales",298295,"Mullainathan","Zhilian"
"Sales",223580,"Aseltine","Neelam"
"Sales",426744,"Randi","Florian"
"Sales",426757,"Thimonier","Foong"
"Sales",298286,"Suermann","Jingling"
"Sales",223615,"Conde","Kousuke"
"Sales",223621,"Vitiello","Vidar"
"Sales",30942,"Ranta","Henk"
"Sales",223668,"Tanemo","Kotesh"
"Sales",426966,"Vendrig","Martina"
"Sales",66943,"Itzfeldt","Shuichi"
"Sales",224222,"Thorensen","Sumant"
"Sales",298227,"Merkl","Filipp"
"Sales",426971,"Ellozy","Gro"
"Sales",224244,"Barriga","Gina"
"Sales",224248,"Leslie","Weicheng"
"Sales",298200,"Lores","Neven"
"Sales",224271,"Salverda","Hideo"
"Sales",298193,"Pavlopoulou","Abdelkader"
"Sales",298186,"Ranst","Dzung"
"Sales",30938,"Samarati","Yakkov"
"Sales",224326,"Ghazalie","Carrsten"
"Sales",224352,"Talmor","Adin"
"Sales",224694,"Collette","Arfst"
"Sales",297581,"Osgood","Lobel"
"Sales",224718,"Felder","Abdelghani"
"Sales",229120,"Baja","Aimee"
"Sales",427024,"Niizuma","Munenori"
"Sales",297568,"Beznosov","Kristof"
"Sales",224789,"Lalonde","Huican"
"Sales",427057,"Marshall","Mara"
"Sales",297532,"Chenoweth","Mang"
"Sales",224833,"Piveteau","Leon"
"Sales",224887,"Setlzner","Ortrun"
"Sales",229041,"Schade","Elgin"
"Sales",224913,"Marrevee","Niteen"
"Sales",224916,"Walstra","Mats"
"Sales",224922,"Schlenzig","Thanasis"
"Sales",297498,"Aamodt","Lenore"
"Sales",66959,"Kamber","Aluzio"
"Sales",109517,"Valtorta","Trygve"
"Sales",30742,"Potthoff","Yahiko"
"Sales",224975,"McConalogue","Gretta"
"Sales",297422,"Olano","Moss"
"Sales",225007,"Auria","Conrado"
"Sales",427119,"Greibach","Shounak"
"Sales",225019,"Fandrianto","Toney"
"Sales",89721,"Schusler","Lakshmi"
"Sales",228855,"Christianini","Jiann"
"Sales",427807,"Chenoweth","Waiman"
"Sales",427808,"Noriega","Brigham"
"Sales",225060,"Bodoff","Shin"
"Sales",225108,"Shumilov","Gil"
"Sales",225134,"Benner","Waiman"
"Sales",228795,"Ladret","Kendra"
"Sales",60921,"Merlo","Fen"
"Sales",427822,"Solares","Guadalupe"
"Sales",225181,"Rusterholz","Patricia"
"Sales",297401,"Merro","Fumitaka"
"Sales",60952,"Oxman","Horward"
"Sales",297375,"Wilfing","Yonghong"
"Sales",228759,"Menhardt","Jianhua"
"Sales",225209,"Eickenmeyer","Shuji"
"Sales",297374,"Ginesta","Shaw"
"Sales",296641,"Bernardinello","Georgy"
"Sales",225266,"Marciano","Conrado"
"Sales",225286,"Hofman","Dante"
"Sales",427873,"Carrere","Sariel"
"Sales",225296,"Pulkowski","Phuoc"
"Sales",225306,"Pagter","Wonhee"
"Sales",225314,"Bauknecht","Munir"
"Sales",225339,"Conti","Toshimo"
"Sales",427874,"Eiron","Zhiwei"
"Sales",30713,"Chepyzhov","Chriss"
"Sales",225377,"Vasanthakumar","Heejo"
"Sales",72654,"Kilgour","Berna"
"Sales",225390,"Middleton","Mechthild"
"Sales",225458,"Salverda","Xiaoheng"
"Sales",427907,"Siepmann","Denis"
"Sales",296607,"Luef","Persi"
"Sales",427913,"Backhouse","Ute"
"Sales",225500,"Hiltgen","Bedir"
"Sales",296600,"Muhling","Jiann"
"Sales",296557,"Roccetti","Constantine"
"Sales",296325,"Keohane","Aemilian"
"Sales",427936,"Weisert","Fay"
"Sales",427956,"Panienski","Pranay"
"Sales",428125,"Zielinski","Sadun"
"Sales",428134,"McDermid","Sadok"
"Sales",225599,"Olivero","Odysseas"
"Sales",296309,"Herath","Hailing"
"Sales",228707,"Perly","Utpal"
"Sales",225676,"Mukaidono","Moriyoshi"
"Sales",428219,"Androutsos","Ghassan"
"Sales",225717,"Gihr","Ramachenga"
"Sales",428234,"Papadias","Shahid"
"Sales",428242,"Choobineh","Shuichi"
"Sales",225744,"Wynblatt","Candida"
"Sales",296288,"Vecchi","Muzhong"
"Sales",225769,"Katalagarianos","Ashish"
"Sales",296274,"Soloway","Weiyi"
"Sales",99958,"McFarlin","Leif"
"Sales",296271,"Underwood","Heather"
"Sales",225840,"Rodier","Moti"
"Sales",296254,"Radivojevic","Noritoshi"
"Sales",296203,"Maquelin","Douadi"
"Sales",225886,"Schonegge","Vatsa"
"Sales",104970,"Danecki","Diederik"
"Sales",225901,"Braunschweig","Faiza"
"Sales",61034,"Juneja","Zita"
"Sales",104972,"Trachtenberg","Maya"
"Sales",225916,"Cunliffe","Hironobu"
"Sales",30698,"Kropp","Djenana"
"Sales",67047,"Restivo","Wanqing"
"Sales",450336,"Portugali","Mitsuyuki"
"Sales",296169,"Luca","Eben"
"Sales",30696,"Egerstedt","Lucien"
"Sales",295981,"Sidhu","Mani"
"Sales",225992,"Zedlitz","Sverrir"
"Sales",295978,"Piancastelli","Shugo"
"Sales",226025,"Reutenauer","Poornachandra"
"Sales",109514,"Zlotek","Piyawadee"
"Sales",226038,"Sluis","Sorina"
"Sales",226039,"Liesche","Poornachandra"
"Sales",226040,"Unni","Bilhanan"
"Sales",226095,"Kalsbeek","Unal"
"Sales",428423,"Percebois","Leah"
"Sales",295915,"Ranka","Moriyoshi"
"Sales",428434,"Karlin","Kish"
"Sales",226228,"Glowinski","Brigham"
"Sales",228493,"Underwood","Bilhanan"
"Sales",428442,"Pavlopoulou","Margareta"
"Sales",226269,"Zhiwei","Collette"
"Sales",226308,"Merks","Shahab"
"Sales",295827,"Skafidas","Toshimori"
"Sales",226342,"Flexer","Saeed"
"Sales",295794,"Pearson","Behnaam"
"Sales",428448,"Schrift","Gen"
"Sales",295779,"Hoppenstand","Guther"
"Sales",228399,"Stifter","Oscar"
"Sales",228379,"Benveniste","Woody"
"Sales",295772,"Birsak","Xuedong"
"Sales",226425,"Nergos","Chiradeep"
"Sales",106857,"Molenaar","Conrado"
"Sales",451380,"Nyanchama","Remzi"
"Sales",295702,"Kambil","Huei"
"Sales",226477,"Butterworth","Juichirou"
"Sales",226499,"Perelgut","Annemarie"
"Sales",295665,"Socorro","Fabrizio"
"Sales",226505,"Feinberg","Ulises"
"Sales",295664,"Mitina","Dharmaraja"
"Sales",100024,"Pelz","Godehard"
"Sales",428963,"Braunschweig","Pintsang"
"Sales",226541,"Rehfuss","Eishiro"
"Sales",226555,"Kranzdorf","Pranav"
"Sales",17548,"Fujisaki","Xuedong"
"Sales",30385,"Mellouli","Qiwen"
"Sales",72645,"Bojadziev","Mack"
"Sales",295594,"Llado","Brigham"
"Sales",226630,"Unni","Mads"
"Sales",226633,"Benzmuller","Xuejun"
"Sales",109473,"Garrabrants","Poornachandra"
"Sales",226679,"Shumilov","Aleksander"
"Sales",205122,"Byoun","Oguz"
"Sales",61155,"Shigei","Tru"
"Sales",451376,"Steinauer","Branimir"
"Sales",459049,"Akazan","Sudharsan"
"Sales",226897,"Munro","Adly"
"Sales",429111,"Clemencon","Pohua"
"Sales",61160,"Compeau","Marin"
"Sales",226956,"Plesums","Divier"
"Sales",226960,"Pollacia","Arve"
"Sales",295314,"Yemenis","Chenye"
"Sales",429633,"Masand","Kiyokazu"
"Sales",227022,"Zlotek","Sachin"
"Sales",295300,"Gilg","Nahla"
"Sales",295299,"Velasco","Shaowen"
"Sales",429640,"Colorni","Goh"
"Sales",227077,"Sundgren","Gad"
"Sales",227097,"Maquelin","Hideo"
"Sales",227125,"Luby","Kiyokazu"
"Sales",227140,"Bresenham","Yuichiro"
"Sales",227150,"Holburn","Manu"
"Sales",227151,"Erev","Shaibal"
"Sales",227154,"Falck","Xiaocheng"
"Sales",295269,"Emden","Vasilii"
"Sales",295189,"Gruenwald","Huei"
"Sales",61191,"Aseltine","Zhenhua"
"Sales",227218,"Pusterhofer","Zhaofang"
"Sales",228083,"Slobodova","Yunming"
"Sales",89977,"Furedi","Chriss"
"Sales",205070,"Gelosh","Qingxiang"
"Sales",89990,"Zedlitz","Zongyan"
"Sales",61195,"Lakshmanan","Odinaldo"
"Sales",476417,"Staudhammer","Mary"
"Sales",227441,"Peng","Atreye"
"Sales",227460,"Hartvigsen","Uzi"
"Sales",295144,"Plesums","Masako"
"Sales",295100,"Nitta","Zita"
"Sales",16858,"Gustavson","Akeno"
"Sales",227519,"Petereit","Juichirou"
"Sales",295089,"Shimshoni","Gina"
"Sales",228239,"Schrooten","Jaana"
"Sales",228242,"Czap","Gro"
"Sales",228030,"Clouatre","Jixiang"
"Sales",228277,"Bernardeschi","Gererd"
"Sales",228312,"Lodder","Eran"
"Sales",228313,"Marchesini","Moon"
"Sales",228000,"Mahmud","Munehiko"
"Sales",228365,"Bahi","Jackson"
"Sales",89997,"Kobuchi","Vojin"
"Sales",228546,"Chiodo","Matk"
"Sales",228548,"Mundy","Khosrow"
"Sales",228576,"Motley","Owen"
"Sales",100246,"Jording","Berna"
"Sales",227947,"Jarecki","Remmert"
"Sales",295024,"Docker","Dzung"
"Sales",228632,"Figueira","Mats"
"Sales",295016,"Rosch","Kerryn"
"Sales",61213,"Kobuchi","Jaihie"
"Sales",228654,"Chachaty","Sudharsan"
"Sales",228662,"Luks","Kazuhira"
"Sales",429878,"Falby","Sachem"
"Sales",228895,"Fontan","Ugo"
"Sales",429904,"Gopalakrishnan","Yakichi"
"Sales",30076,"Huxford","Mani"
"Sales",228905,"Montemayor","Holgard"
"Sales",294882,"Highland","Roded"
"Sales",90002,"Krupka","Berhard"
"Sales",30072,"Kalafatis","Owen"
"Sales",30065,"Scallan","Arfst"
"Sales",61252,"Varley","Adamantios"
"Sales",459016,"Yoshizawa","Vatsa"
"Sales",294848,"Flanders","Yishay"
"Sales",229026,"Schrooten","Zito"
"Sales",485715,"Gubsky","Srinidhi"
"Sales",229034,"Boissier","Kiyomitsu"
"Sales",205037,"Speek","Ferdinand"
"Sales",229755,"Poupard","Mori"
"Sales",294821,"Molberg","Vasilis"
"Sales",229769,"Munke","Yechiam"
"Sales",90178,"Sluis","Shigeu"
"Sales",61273,"Hainaut","Manohar"
"Sales",294810,"Sluis","Margo"
"Sales",229828,"Attimonelli","Martina"
"Sales",72626,"Murrill","Rosalie"
"Sales",459013,"Backhouse","Evgueni"
"Sales",229893,"Weedon","Ebbe"
"Sales",227923,"Aingworth","Luisa"
"Sales",429941,"Manderick","Shaowei"
"Sales",12234,"Rosar","Miomir"
"Sales",229942,"Sluis","Yechiam"
"Sales",476450,"Unni","Ulises"
"Sales",229997,"Zwicker","Fai"
"Sales",227914,"Bage","Radoslaw"
"Sales",230006,"Whittlesey","Yifei"
"Sales",294701,"Yurek","Stella"
"Sales",230022,"Skogmar","Xuedong"
"Sales",204973,"Leslie","Ennio"
"Sales",227881,"Gill","Ebru"
"Sales",227877,"Tsukune","Leszek"
"Sales",230286,"Linnainmaa","Clyde"
"Sales",230294,"Cairo","Arne"
"Sales",430045,"Stille","Toong"
"Sales",230298,"Kirkerud","Goa"
"Sales",294670,"Broomell","Udaiprakash"
"Sales",294643,"Simmen","Berni"
"Sales",90199,"Bhattacharjee","Remzi"
"Sales",227828,"Juneja","Syozo"
"Sales",476485,"Stassinopoulos","Maria"
"Sales",294631,"Bellmore","Jongsuk"
"Sales",106835,"Anido","Flemming"
"Sales",294627,"Papadias","Vishu"
"Sales",230470,"Sewelson","Mandell"
"Sales",30010,"Marrakchi","Pramod"
"Sales",230506,"Heusch","Kwun"
"Sales",230524,"DiGiano","Zdislav"
"Sales",230723,"Portugali","Shimshon"
"Sales",294607,"Heyers","Leszek"
"Sales",230744,"Middleton","Shushma"
"Sales",230749,"Erev","Aram"
"Sales",204970,"Bahl","Alois"
"Sales",230788,"Waleschkowski","Ayonca"
"Sales",204968,"Merlo","Guenter"
"Sales",294543,"Veeraraghavan","Wonhee"
"Sales",61334,"Winter","Georgi"
"Sales",230866,"Zaumen","Francoise"
"Sales",100274,"Miyakawa","Fei"
"Sales",230878,"Schwartzburd","Clyde"
"Sales",230883,"Kawashima","Pradeep"
"Sales",430179,"Serna","Neelam"
"Sales",230910,"Baaz","Premal"
"Sales",67096,"Heydon","Kensei"
"Sales",29961,"Munoz","Susumu"
"Sales",230988,"Harbusch","Vatsa"
"Sales",231003,"Stamatiou","Hidde"
"Sales",16789,"Salinas","Bluma"
"Sales",294419,"Zyda","Paloma"
"Sales",100275,"Erez","Petter"
"Sales",227751,"Munch","Arvind"
"Sales",231105,"Kitai","Zijian"
"Sales",294398,"Ruemmler","Kazuhiko"
"Sales",227748,"Lanzelotte","Atilio"
"Sales",294391,"Chelton","Xiping"
"Sales",67099,"Mayerwieser","Goo"
"Sales",430288,"Matzat","Zito"
"Sales",231165,"Ranai","Rasiah"
"Sales",430308,"Neimat","Roddy"
"Sales",100283,"Emiris","Dannz"
"Sales",231219,"Plavsic","Remzi"
"Sales",231225,"Kitai","Mona"
"Sales",231228,"Yetim","Apostol"
"Sales",231258,"Kakkad","Bilhanan"
"Sales",231295,"Granlund","Jeong"
"Sales",294341,"Ginneken","Christ"
"Sales",231366,"Gimarc","Kerryn"
"Sales",294331,"Kambil","Avishai"
"Sales",294319,"Bach","Geoffry"
"Sales",294060,"Spell","Shir"
"Sales",294057,"Kropp","Saeed"
"Sales",294044,"Terkki","Perry"
"Sales",430356,"Peha","Mart"
"Sales",293996,"Nilsson","Gen"
"Sales",430370,"Barreiro","Chenxi"
"Sales",231485,"Lieblein","Lene"
"Sales",231511,"Vieri","Felicidad"
"Sales",293785,"Wrigley","Sukumar"
"Sales",227655,"Emiris","Billie"
"Sales",231542,"Pileggi","Chuanti"
"Sales",61372,"Monkewich","Kazunori"
"Sales",231604,"Ruemmler","Kensei"
"Sales",231605,"Gien","Thodoros"
"Sales",231622,"Einsfeld","Hein"
"Sales",204755,"Zlotek","Miyeon"
"Sales",231653,"Lowrie","Toshimi"
"Sales",231684,"DeMori","Heeju"
"Sales",231703,"Meszaros","Kwangjo"
"Sales",293725,"Fujisaki","Keiichiro"
"Sales",430490,"Raoux","Ishfaq"
"Sales",293703,"Munawer","Serap"
"Sales",430497,"Rissanen","Juyoung"
"Sales",16784,"Gopalakrishnan","Sadun"
"Sales",484904,"Wuwongse","Weidon"
"Sales",227604,"Lanteri","Freyja"
"Sales",231834,"Luck","Kwangho"
"Sales",293682,"Cooley","Gro"
"Sales",293677,"Parfitt","Genevieve"
"Sales",231851,"Anger","Lena"
"Sales",231858,"Baez","Geoffry"
"Sales",293621,"Schade","Arun"
"Sales",90880,"Einsfeld","Prodip"
"Sales",231878,"Thimonier","Maren"
"Sales",293606,"Maraist","Yuriy"
"Sales",90884,"Jansen","Peer"
"Sales",231977,"Pileggi","Cathie"
"Sales",232007,"Nanard","Atreye"
"Sales",61373,"Feinberg","Basem"
"Sales",232014,"Pagter","Xianlong"
"Sales",293549,"Rullman","Alexius"
"Sales",232039,"Gunderson","Sarita"
"Sales",430589,"Linares","Claudi"
"Sales",90952,"Maierhofer","Make"
"Sales",232262,"Furedi","Anyuan"
"Sales",449878,"Bernini","Lihong"
"Sales",293533,"Mundy","Patricia"
"Sales",232307,"Redmiles","Atreyi"
"Sales",430648,"Perri","Shuho"
"Sales",476718,"Syrzycki","Babette"
"Sales",293498,"Karunanithi","Eben"
"Sales",204701,"Bazzichi","Filipp"
"Sales",232569,"Benzaken","Boalin"
"Sales",29634,"Hanabata","Satyanarayana"
"Sales",293297,"Adachi","Shen"
"Sales",227583,"Benantar","Shir"
"Sales",204684,"Cullers","Fox"
"Sales",232588,"Samarati","Sahrah"
"Sales",430668,"Rahimi","Rance"
"Sales",232615,"Strandh","Selwyn"
"Sales",232639,"Kossowski","Abdelwaheb"
"Sales",12881,"Yurek","Huai"
"Sales",430685,"Jenevein","Sergi"
"Sales",232674,"Szilard","Arco"
"Sales",232690,"Ranon","Mikhail"
"Sales",293168,"Avouris","Jacqueline"
"Sales",227536,"Pileggi","Jamaludin"
"Sales",430710,"Shokrollahi","Arvin"
"Sales",232747,"Matheson","Nathalie"
"Sales",204656,"Kolinko","Piyawadee"
"Sales",232753,"Sudbeck","Tadanori"
"Sales",232773,"Morrin","Bodo"
"Sales",430725,"Lupu","Abdulah"
"Sales",430727,"Lindenbaum","Berto"
"Sales",109149,"Kushner","Akemi"
"Sales",61401,"Lakshmanan","Tadahiro"
"Sales",29621,"Warwick","Horward"
"Sales",292853,"Stemann","Gro"
"Sales",292849,"Schurmann","Holgard"
"Sales",67111,"Dalphin","Odysseas"
"Sales",233072,"Heering","Shem"
"Sales",29612,"Speer","Khalil"
"Sales",204648,"Hambrick","Uli"
"Sales",224671,"Basart","Golgen"
"Sales",233109,"Koblitz","Piyawadee"
"Sales",233132,"Pusterhofer","Evgueni"
"Sales",292819,"Tomescu","Vincent"
"Sales",233167,"Kolinko","Rimon"
"Sales",29581,"Pusterhofer","Remco"
"Sales",204636,"Pocchiola","Siddarth"
"Sales",430844,"Mukaidono","George"
"Sales",430862,"Uchoa","Hugo"
"Sales",233419,"Hitomi","Serif"
"Sales",16750,"Hinsberger","Alejandro"
"Sales",233445,"Reghbati","Sahrah"
"Sales",292706,"Kuhnemann","Hugh"
"Sales",224588,"Sundgren","Mitchel"
"Sales",29395,"Milicic","Jungsoon"
"Sales",292689,"Matteis","Hideo"
"Sales",430890,"Dulay","Magy"
"Sales",476731,"Erde","Garnik"
"Sales",233552,"Talmor","Nirmal"
"Sales",29378,"Erdi","Yahiko"
"Sales",233588,"Genin","Gill"
"Sales",458976,"Ducloy","Aamod"
"Sales",292681,"Lund","Abdelghani"
"Sales",233645,"Junet","Jessie"
"Sales",430923,"Mitina","Chriss"
"Sales",233665,"Murtha","Tokuyasu"
"Sales",233701,"Nollmann","Shen"
"Sales",451361,"Petersohn","Kristen"
"Sales",292124,"Schach","Lijia"
"Sales",430968,"Sgarro","Guttorm"
"Sales",292055,"Randt","Giordano"
"Sales",451316,"Marakhovsky","Alair"
"Sales",233861,"Gornas","Arne"
"Sales",29371,"Bottner","Hyuncheol"
"Sales",233878,"Vanwelkenhuysen","Shigenori"
"Sales",204630,"Peron","Mayumi"
"Sales",292032,"Siprelle","Herb"
"Sales",109127,"Auria","Khaled"
"Sales",233979,"Pews","Denis"
"Sales",431198,"Prenel","Gill"
"Sales",29335,"Cappelli","Hironobu"
"Sales",476773,"Miara","Mari"
"Sales",234024,"Ventosa","Yuqun"
"Sales",68766,"Callaway","Gully"
"Sales",431208,"Spelt","Sumant"
"Sales",234078,"Iacovou","Doowon"
"Sales",431233,"Greibach","Mara"
"Sales",234116,"Akiyama","Torsten"
"Sales",234147,"Brizzi","Heon"
"Sales",234169,"Kaiserswerth","Vitaly"
"Sales",291919,"Cannata","Morrie"
"Sales",224366,"Perelgut","Kazuhiko"
"Sales",431248,"Perri","Reuven"
"Sales",234198,"Rosenbaum","Masanao"
"Sales",291918,"Pulkowski","Zejun"
"Sales",234216,"Portugali","Youpyo"
"Sales",16740,"Oehlmann","Greger"
"Sales",105032,"McClurg","Isamu"
"Sales",291914,"Sadowsky","Arup"
"Sales",291895,"Smailagic","Manibrata"
"Sales",291887,"Nyrup","Kristine"
"Sales",431290,"Sambasivam","Toshimori"
"Sales",291878,"Siegrist","Pranav"
"Sales",224172,"Vingron","Fei"
"Sales",234539,"Tasistro","Arno"
"Sales",234541,"Lorin","Shirish"
"Sales",431292,"Schaaf","Uli"
"Sales",234554,"Thombley","Ekawit"
"Sales",16734,"Birch","Bedir"
"Sales",234750,"Stemann","Gregory"
"Sales",224162,"Olano","Munenori"
"Sales",450549,"Sudbeck","Hyuckchul"
"Sales",29298,"Unno","Sergi"
"Sales",234896,"Luff","Mitsuyuki"
"Sales",291847,"Eterovic","Bokyung"
"Sales",476808,"Lemarechal","Serge"
"Sales",291825,"Vakili","Tadanori"
"Sales",91150,"Schaad","Kwee"
"Sales",291808,"Syang","Tesuya"
"Sales",235007,"Flexer","Rafols"
"Sales",291767,"DeMori","Xiahua"
"Sales",291712,"Ebeling","Shir"
"Sales",291652,"Ranon","Haldon"
"Sales",235134,"Bratsberg","Masami"
"Sales",235149,"Iwayama","Cristinel"
"Sales",291649,"Kruskal","Arnould"
"Sales",235152,"Bondorf","Mohammed"
"Sales",291624,"Bresenham","Irene"
"Sales",235187,"Mukaidono","Xiong"
"Sales",291607,"Swift","Boguslaw"
"Sales",431491,"Szilard","Cristinel"
"Sales",16722,"Bain","Torsten"
"Sales",291576,"Fadgyas","Valeska"
"Sales",204494,"Walston","Hatsukazu"
"Sales",235248,"Busillo","Radhika"
"Sales",431517,"Luon","Moss"
"Sales",235294,"Delgrossi","Neven"
"Sales",431536,"Panangaden","Phillip"
"Sales",291546,"Iisaku","Xiaoheng"
"Sales",235339,"Lakshmanan","Bader"
"Sales",16700,"Moffat","Shigeu"
"Sales",431548,"Uchoa","Jaques"
"Sales",61515,"Curless","Mats"
"Sales",235395,"Rettelbach","Utpal"
"Sales",235397,"Meszaros","Unal"
"Sales",29067,"Ligten","Masami"
"Sales",235456,"Diderrich","Kristen"
"Sales",235465,"Wiegley","Shih"
"Sales",106293,"Schicker","Froduald"
"Sales",235479,"Kuzuoka","Anwar"
"Sales",91187,"Falby","Shigehito"
"Sales",224068,"Murrill","Miomir"
"Sales",291430,"Talmor","Shan"
"Sales",204455,"McFarlin","Shao"
"Sales",224030,"Sommen","Atreyi"
"Sales",235626,"Loncour","Mizuhito"
"Sales",235710,"Bonifati","Sachem"
"Sales",29034,"Hasham","Sachem"
"Sales",291389,"Muntz","Abdelaziz"
"Sales",457413,"Schnabel","Chiradeep"
"Sales",291245,"Lueh","Shahab"
"Sales",431642,"Bresenham","Kayoko"
"Sales",16359,"Terwilliger","Shounak"
"Sales",91195,"Luders","Mayuko"
"Sales",431693,"Billingsley","Shaunak"
"Sales",235875,"Asrin","Valter"
"Sales",291163,"Fortenbacher","Stafford"
"Sales",235888,"Baak","Phuoc"
"Sales",291119,"Huxford","Bernice"
"Sales",68797,"Oberman","Gunilla"
"Sales",223973,"Plessier","Zhiguo"
"Sales",291085,"Paludetto","Zhenbing"
"Sales",91226,"Chaudhury","Tua"
"Sales",291065,"Candan","Susanna"
"Sales",476822,"Merli","Yongqiao"
"Sales",235981,"Boguraev","Takahiro"
"Sales",485005,"Teitelbaum","Marke"
"Sales",236016,"Rohrbach","Zongyan"
"Sales",236025,"Fontet","Aloys"
"Sales",236036,"Barbanera","Shichao"
"Sales",236239,"Potthoff","Feiyu"
"Sales",476997,"Gente","Bowen"
"Sales",290952,"Oxenboll","Peternela"
"Sales",450442,"Gronowski","Yurij"
"Sales",236301,"Rahier","Jixiang"
"Sales",290916,"Stasinski","Feipei"
"Sales",236333,"Krone","Hilari"
"Sales",223926,"Mattern","Przemyslawa"
"Sales",290906,"Ventosa","Khedija"
"Sales",223880,"Biron","Alois"
"Sales",16338,"Chartres","Mayuri"
"Sales",485017,"Magalhaes","Mircea"
"Sales",236583,"Malabarba","Jordanka"
"Sales",457405,"Arlazarov","Gill"
"Sales",290611,"Baer","Kiyokazu"
"Sales",290489,"Emmerich","Parke"
"Sales",236651,"Pesch","Kiam"
"Sales",236659,"DuBourdieux","Mamdouh"
"Sales",28941,"Cichocki","Froduald"
"Sales",477016,"Spelt","Fen"
"Sales",236689,"Couchot","Jagoda"
"Sales",236727,"Staylopatis","Duri"
"Sales",236751,"Heuser","Minghong"
"Sales",223796,"Bouloucos","Remco"
"Sales",61640,"Zeleznik","Achilleas"
"Sales",236801,"Gecsei","Dekang"
"Sales",236819,"Preusig","Kwangyoen"
"Sales",28935,"Riesenhuber","Lucien"
"Sales",236834,"Katzenelson","Rosalie"
"Sales",28920,"Gist","Froduald"
"Sales",236842,"Gilg","Kristof"
"Sales",290186,"Awdeh","Herb"
"Sales",204371,"Norsworthy","Christophe"
"Sales",290175,"Rosen","Radhia"
"Sales",432119,"Thombley","Yongmao"
"Sales",223773,"Lanteri","Moty"
"Sales",28900,"Karner","Houman"
"Sales",236988,"Eterovic","Giao"
"Sales",236993,"Armand","Adit"
"Sales",223750,"Dayana","Shaibal"
"Sales",290097,"Marrakchi","Guangming"
"Sales",91343,"Heystek","Kauko"
"Sales",432139,"Karner","Indrajit"
"Sales",91344,"Schueller","Nishit"
"Sales",237072,"Kuhnemann","Supot"
"Sales",223749,"Griswold","Branimir"
"Sales",204357,"Motley","Nechama"
"Sales",61664,"Schusler","Shirish"
"Sales",290017,"Lukaszewicz","Filipe"
"Sales",237137,"Cincotta","Arfst"
"Sales",237202,"Hettesheimer","Hongzhu"
"Sales",432346,"Fioravanti","Ramya"
"Sales",289953,"Marwedel","Martial"
"Sales",289930,"Brookman","Monique"
"Sales",237328,"Schusler","Khue"
"Sales",237340,"Negoita","Aris"
"Sales",237362,"Simkin","Monique"
"Sales",223697,"Ozery","Kazuhide"
"Sales",223692,"Middleton","Djelloul"
"Sales",289847,"Wissmann","Leen"
"Sales",61702,"Swen","Akemi"
"Sales",237450,"Haraldson","Mircea"
"Sales",69397,"Decleir","Hausi"
"Sales",237465,"Schlumberger","TRUE"
"Sales",477069,"Lichtman","Kazuhito"
"Sales",237496,"Bednarek","Adel"
"Sales",432448,"Hutton","Fayez"
"Sales",223513,"Gornas","Minghong"
"Sales",28831,"Kusakari","Bezalel"
"Sales",237561,"Madeira","Tse"
"Sales",289751,"Porotnikoff","Phuoc"
"Sales",289712,"Brookner","Karsten"
"Sales",432463,"Ducloy","Malu"
"Sales",450053,"Bridgland","Ipke"
"Sales",432648,"Picel","Yongqiao"
"Sales",289653,"Lampe","Stella"
"Sales",223489,"Danner","Aloys"
"Sales",223480,"Vieri","Rosella"
"Sales",237733,"Plotkin","Marit"
"Sales",289634,"Pews","Kazunori"
"Sales",223457,"Bernick","Remmert"
"Sales",289607,"Benveniste","Hirochika"
"Sales",289587,"Diderrich","Chandrasekaran"
"Sales",289584,"Staelin","Filipe"
"Sales",204319,"Covnot","Demin"
"Sales",28788,"Stenning","Rafols"
"Sales",237894,"Dalton","Jiang"
"Sales",450059,"Porenta","TRUE"
"Sales",61758,"Chandrasekhar","Licheng"
"Sales",91415,"Nilsson","Jamaludin"
"Sales",451261,"Iwayama","Aimee"
"Sales",432752,"Birrer","Huai"
"Sales",223372,"Eiter","Terresa"
"Sales",237966,"Zedlitz","Horward"
"Sales",432785,"Baalen","Elvia"
"Sales",289466,"Highland","Sanjay"
"Sales",238028,"Farrow","Chiranjit"
"Sales",238058,"Landherr","Pradeep"
"Sales",238064,"Masada","Nechama"
"Sales",238065,"Genther","Kwok"
"Sales",477123,"Bolotov","Unal"
"Sales",433153,"Ramras","Tadahiko"
"Sales",223256,"McConalogue","Gila"
"Sales",289411,"Swiler","Genki"
"Sales",433206,"Flowers","Conor"
"Sales",289360,"Ariola","Munir"
"Sales",433209,"Coullard","Oscal"
"Sales",238160,"Merks","Edwin"
"Sales",238171,"Jervis","Jeane"
"Sales",238172,"Vuskovic","Radhia"
"Sales",238195,"Reeker","Raimond"
"Sales",238218,"Setlzner","Richara"
"Sales",238229,"Erie","Licheng"
"Sales",433210,"Lorho","Aiichiro"
"Sales",238234,"Murtha","Bernice"
"Sales",223255,"Babu","Kellyn"
"Sales",28521,"Hofman","Hatim"
"Sales",238754,"Cyne","Mani"
"Sales",238762,"Lagarias","Nectarios"
"Sales",289091,"Speel","Cathie"
"Sales",238802,"Katiyar","Lillian"
"Sales",289084,"Reghbati","Denny"
"Sales",289077,"Szmurlo","Werner"
"Sales",433256,"Lorho","Odysseas"
"Sales",67204,"Cheshire","Gen"
"Sales",433261,"Slobodova","Mabry"
"Sales",289050,"Peltason","Tayeb"
"Sales",28450,"Genin","Howell"
"Sales",289030,"Socorro","Quingbo"
"Sales",238953,"Haumacher","Monique"
"Sales",238957,"Heydon","Krister"
"Sales",223210,"Pollock","Luise"
"Sales",289025,"Fordan","Feixiong"
"Sales",91459,"Narahara","Teiji"
"Sales",239006,"Perna","Danil"
"Sales",433307,"Norsworthy","Filipp"
"Sales",100745,"Leuchs","Idoia"
"Sales",289005,"Molberg","Ferdinand"
"Sales",433313,"Journel","Tristan"
"Sales",239260,"Babu","Vivian"
"Sales",477326,"Khalid","Yuriy"
"Sales",433339,"Pintelas","Tonny"
"Sales",239341,"Gecsei","Shigehiro"
"Sales",28225,"Lund","Aria"
"Sales",239342,"Klyachko","Kolar"
"Sales",61768,"Crooks","Tuval"
"Sales",288903,"Schrooten","Conrado"
"Sales",288835,"Bennis","Behnaam"
"Sales",91517,"Hofstetter","Serif"
"Sales",223015,"Trachtenberg","Tiina"
"Sales",239453,"Gurbaxani","Peternela"
"Sales",222995,"McClurg","Parto"
"Sales",433402,"Shanbhogue","Xiaobin"
"Sales",288830,"Penz","Goo"
"Sales",91518,"Hennings","Domenico"
"Sales",239523,"Krychniak","Jiafu"
"Sales",288827,"Heering","Yurii"
"Sales",61776,"dAstous","Stafford"
"Sales",105055,"Fortenbacher","Zhilian"
"Sales",485028,"Borovoy","Keiichiro"
"Sales",239606,"Brookman","Susanta"
"Sales",433459,"Pavlopoulou","Jiong"
"Sales",239635,"Ruemmler","Arnd"
"Sales",68838,"Pauthner","Nalini"
"Sales",70481,"Kushnir","Jolita"
"Sales",239725,"Lueh","Aleksandar"
"Sales",239728,"Bazzichi","Nalini"
"Sales",287747,"Benzmuller","Basim"
"Sales",239748,"Dusink","Bilhanan"
"Sales",69762,"Wossner","Huei"
"Sales",239959,"Bahk","Nahid"
"Sales",287719,"Begiun","Sanjit"
"Sales",91552,"Szilard","Xiaocheng"
"Sales",91555,"Pauthner","Angel"
"Sales",240003,"Conde","Moie"
"Sales",287692,"Yeung","Szabolcs"
"Sales",240042,"Ranst","Lalit"
"Sales",451253,"Ozeri","Jaihie"
"Sales",287688,"Thambidurai","JiYoung"
"Sales",284098,"Pargas","Elrique"
"Sales",284094,"Versino","Siamak"
"Sales",61801,"Rissland","Gor"
"Sales",61805,"Gurbaxani","Faiza"
"Sales",240311,"Dechter","Claude"
"Sales",284011,"Kaiser","Mona"
"Sales",283974,"Begiun","Shai"
"Sales",91601,"Wixon","Sachin"
"Sales",457366,"Barriga","Gennadi"
"Sales",91621,"Geffroy","Margo"
"Sales",240384,"Breugel","Iara"
"Sales",477440,"Grandbois","Waiman"
"Sales",280157,"Crooks","Xinglin"
"Sales",280098,"Ullian","Taizo"
"Sales",240444,"Badr","Jeong"
"Sales",433595,"Nishimukai","Sergi"
"Sales",222885,"Basart","Jiafu"
"Sales",222881,"Pews","Danil"
"Sales",433631,"Luff","Bodh"
"Sales",280029,"Verhaegen","Vasilii"
"Sales",67234,"Dalton","Boalin"
"Sales",28141,"Senzako","Shigehito"
"Sales",240615,"Skrikant","Suebskul"
"Sales",240639,"Bratten","Mountaz"
"Sales",279956,"Bennet","Aron"
"Sales",279944,"Gunderson","Giordano"
"Sales",279900,"Menhardt","Leon"
"Sales",240684,"Bain","Masaki"
"Sales",279866,"Kropatsch","Sibyl"
"Sales",279824,"Bodoff","Vidar"
"Sales",16199,"Ritcey","Xudong"
"Sales",240758,"Mandell","Munenori"
"Sales",279776,"Moehrke","Mohammed"
"Sales",240765,"Decleir","Fumino"
"Sales",279774,"Akaboshi","Pascal"
"Sales",279767,"Nitsche","Miomir"
"Sales",28128,"Slaats","Huican"
"Sales",240810,"Hofman","Inderjeet"
"Sales",279693,"Parveen","Visit"
"Sales",240900,"Moffat","Yaghout"
"Sales",433727,"Rosch","Shalesh"
"Sales",91671,"Garrabrants","Hailing"
"Sales",241113,"Luef","Arra"
"Sales",279676,"Rabehasaina","Gen"
"Sales",241122,"Shigei","Ute"
"Sales",241135,"Krupka","Heping"
"Sales",222811,"Turnbull","Shigeichiro"
"Sales",241145,"Sundgren","Kwee"
"Sales",91849,"Prochazka","Zhonghua"
"Sales",433756,"Asser","Manibrata"
"Sales",241190,"Busillo","Satoru"
"Sales",433765,"Savasere","Dipayan"
"Sales",241206,"Tanemo","Guadalupe"
"Sales",241250,"Granlund","Kwangho"
"Sales",241595,"Muhling","Oddvar"
"Sales",100862,"Demri","Anwar"
"Sales",279643,"Massonet","Kiam"
"Sales",241638,"Pepe","Yifei"
"Sales",433818,"Beilner","Dharmaraja"
"Sales",433837,"Bresenham","Jaroslava"
"Sales",28098,"Brizzi","Quingbo"
"Sales",241702,"Taneja","Moss"
"Sales",91891,"Peac","Mariusz"
"Sales",485068,"Spieker","Niranjan"
"Sales",241742,"Budinsky","Kristine"
"Sales",28080,"Marciano","Weiyi"
"Sales",279605,"VanScheik","Uriel"
"Sales",279595,"Thombley","Susanne"
"Sales",241979,"Taneja","Shaowei"
"Sales",222695,"Ariola","Pranjal"
"Sales",67238,"Pappas","Otilia"
"Sales",204282,"Koshino","Malu"
"Sales",61954,"Braunmuhl","Abdulla"
"Sales",451212,"Jeansoulin","Masako"
"Sales",72577,"Bazelow","Sanjai"
"Sales",242067,"Impagliazzo","Hugo"
"Sales",477706,"McAlpine","Shigenori"
"Sales",242078,"Streng","Zhongwei"
"Sales",242083,"Lagarias","Arve"
"Sales",279500,"Gurbaxani","Shugo"
"Sales",242307,"Chachaty","Dekang"
"Sales",242324,"Kroha","Masami"
"Sales",450083,"Wolniewicz","Yechezkel"
"Sales",222670,"Rothe","Kokou"
"Sales",433973,"Speek","Behnaam"
"Sales",242421,"Lorch","Steve"
"Sales",27056,"Hiyoshi","Leen"
"Sales",477714,"Wossner","Jayesh"
"Sales",279438,"Gonthier","Junichi"
"Sales",457360,"Rosar","Fumitaka"
"Sales",242486,"Pramanik","Constantijn"
"Sales",242506,"Magliocco","Shem"
"Sales",279357,"Stiles","Manibrata"
"Sales",434157,"Basawa","Mingdong"
"Sales",434164,"Rassart","Sasan"
"Sales",279177,"Belinskaya","Hidde"
"Sales",222629,"Kroon","Shuho"
"Sales",279164,"Ulupinar","Goetz"
"Sales",242686,"Koblitz","Mart"
"Sales",91935,"Unni","Oldrich"
"Sales",279156,"Birke","Maris"
"Sales",61964,"Douceur","Atilio"
"Sales",222587,"Chiola","Kiyokazu"
"Sales",434250,"Jansch","Ulises"
"Sales",434251,"Provine","Claude"
"Sales",222583,"Pettey","Kenton"
"Sales",242759,"Asmuth","Jiann"
"Sales",434300,"Middleton","Trygve"
"Sales",279020,"Gischer","Ronnie"
"Sales",279007,"Braunschweig","Jiakeng"
"Sales",278972,"Luit","Adil"
"Sales",242855,"Munch","Vitaly"
"Sales",222559,"Mitina","Arvind"
"Sales",242896,"Makinen","Neelam"
"Sales",278956,"Hashii","Ronnie"
"Sales",204237,"Kumaresan","Gay"
"Sales",222547,"Jahnichen","Tremaine"
"Sales",278878,"Trelles","Gay"
"Sales",91966,"Ermel","Aamer"
"Sales",61975,"Msuda","Dipayan"
"Sales",278789,"Leijenhorst","Bodo"
"Sales",245250,"Ventosa","Taiji"
"Sales",278764,"Lueh","Koichi"
"Sales",245630,"Vilarrasa","Fumiya"
"Sales",70443,"Hammerschmidt","Dipayan"
"Sales",278761,"Penttonen","Berthier"
"Sales",92005,"Jumpertz","Hein"
"Sales",245719,"Lowrie","Ayonca"
"Sales",434581,"Trelles","Matt"
"Sales",245772,"Shobatake","Mario"
"Sales",245776,"Fioravanti","Shuji"
"Sales",222266,"Straney","Ziva"
"Sales",61979,"Walston","Narain"
"Sales",278707,"Pehl","Marc"
"Sales",15819,"Rajcani","Magdalena"
"Sales",246005,"Hanratty","Marke"
"Sales",246008,"Melski","Shietung"
"Sales",26921,"Worfolk","Shin"
"Sales",246017,"Luks","Pantung"
"Sales",246023,"Bugaenko","Lein"
"Sales",278706,"Otillio","Rance"
"Sales",278671,"Gronowski","Marc"
"Sales",246054,"Zambonelli","Zengping"
"Sales",246060,"Isaac","Zhilian"
"Sales",278629,"Wossner","Rosine"
"Sales",278620,"Schauser","Jessie"
"Sales",278619,"Denis","Malu"
"Sales",26920,"Zobel","Jahangir"
"Sales",246353,"Emmart","Jinpo"
"Sales",246378,"Hofmeyr","Yakkov"
"Sales",61999,"Zirintsis","Hercules"
"Sales",278566,"Marakhovsky","Lillian"
"Sales",246385,"Bratsberg","Abdulah"
"Sales",278562,"Motley","Padma"
"Sales",434819,"Legleitner","Duke"
"Sales",434820,"Falco","Mingzeng"
"Sales",246410,"Comyn","Filipp"
"Sales",278543,"Ratnakar","Brigham"
"Sales",68839,"Famili","Shuky"
"Sales",246445,"Bednarek","Felicidad"
"Sales",278527,"Lorys","Perry"
"Sales",477772,"Cyre","Vidar"
"Sales",246800,"Grandbois","Bluma"
"Sales",434871,"Ramaiah","Debatosh"
"Sales",222236,"Wixon","Xuejun"
"Sales",246829,"Engelmann","Amabile"
"Sales",477773,"Boudaillier","Bernt"
"Sales",67413,"Waterhouse","Jouko"
"Sales",278459,"Roison","Matt"
"Sales",278451,"Jiafu","Charlene"
"Sales",450084,"Segond","Deniz"
"Sales",222234,"Coullard","Zita"
"Sales",246874,"McFarlin","Boriana"
"Sales",246928,"Demke","Yagil"
"Sales",246934,"Biros","Baziley"
"Sales",222219,"Ranum","Hirochika"
"Sales",246944,"Harllee","Lene"
"Sales",278435,"Garnier","Khoa"
"Sales",246959,"Lindenbaum","Tomoyuki"
"Sales",278424,"Lenart","Mara"
"Sales",246966,"Piazza","Ulf"
"Sales",247006,"Nitsche","Fumiyo"
"Sales",101230,"Pepe","Danae"
"Sales",278398,"Geffroy","Armond"
"Sales",62059,"Schade","Tomoyuki"
"Sales",247067,"Manders","Atreye"
"Sales",451132,"Knightly","Kerhong"
"Sales",247096,"Jakobus","Lihong"
"Sales",247103,"Kirkerud","Tomoyuki"
"Sales",247113,"Klyachko","Rimon"
"Sales",247344,"Nittel","Marsal"
"Sales",247354,"Wursthorn","Munehiko"
"Sales",247360,"Schurmann","Saeed"
"Sales",434934,"Ranai","Nahum"
"Sales",278354,"Montemayor","Michaela"
"Sales",477814,"Rajcani","Lidong"
"Sales",108346,"Frezza","Matt"
"Sales",477816,"Zwicker","Serge"
"Sales",247660,"Bratten","Jingling"
"Sales",278300,"Stavenow","Huai"
"Sales",477828,"Apsitis","Owen"
"Sales",434992,"Schwabacher","Tomokazu"
"Sales",247767,"Buescher","Radhakrishnan"
"Sales",247782,"Gerlach","Honglan"
"Sales",247955,"Boyle","Hinrich"
"Sales",434995,"Yoshimura","Mads"
"Sales",278134,"Crouzet","Sorina"
"Sales",435001,"Niizuma","Aiichiro"
"Sales",278119,"Dichev","Shaunak"
"Sales",248024,"Marchesini","Jolita"
"Sales",248044,"Isard","Carrsten"
"Sales",248095,"Pearson","Maren"
"Sales",278097,"Lubachevsky","Hugo"
"Sales",69407,"Nivat","Edwin"
"Sales",435078,"Parfitt","Hatsukazu"
"Sales",435079,"Copas","Gladys"
"Sales",222063,"Reinhart","Genta"
"Sales",435087,"Cherinka","Breannda"
"Sales",15790,"Schnabel","Kokou"
"Sales",26808,"DuCasse","Jeanne"
"Sales",248426,"Dalphin","Adib"
"Sales",278052,"Plotkin","Aria"
"Sales",15756,"Holburn","Qiwen"
"Sales",248805,"Jervis","Jasminko"
"Sales",10567,"Journel","Dietrich"
"Sales",485105,"Bazelow","Theirry"
"Sales",248815,"Rubsam","Sanjay"
"Sales",26758,"Hiraishi","Utpal"
"Sales",67434,"Rosin","Erez"
"Sales",435137,"Dulin","Ronghao"
"Sales",248853,"Fiebach","Naftaly"
"Sales",248854,"Birdsall","Alper"
"Sales",248876,"Baek","Martial"
"Sales",248894,"Peternell","Adas"
"Sales",248917,"Thummel","Terresa"
"Sales",248921,"Esposito","Kersti"
"Sales",249142,"Cunliffe","Xinyu"
"Sales",249146,"Swick","Kristian"
"Sales",249171,"Restivo","Gao"
"Sales",277898,"Bednarek","Gererd"
"Sales",277853,"Bale","Manibrata"
"Sales",277802,"Ibel","Kiyomitsu"
"Sales",435149,"Casperson","Toong"
"Sales",277741,"Piazza","Toshimori"
"Sales",249267,"Swick","Kankanahalli"
"Sales",221988,"Bratten","Kazunori"
"Sales",221981,"Ecklund","Weiye"
"Sales",26344,"Sabnani","Duke"
"Sales",249474,"Gustavson","Steen"
"Sales",249481,"Sabnani","Naftaly"
"Sales",249511,"Laventhal","Jianhui"
"Sales",221963,"Birjandi","Ramzi"
"Sales",478196,"Gihr","KayLiang"
"Sales",277681,"Ambroszkiewicz","Taizo"
"Sales",435188,"Waymire","Moon"
"Sales",277622,"Gill","Temple"
"Sales",10548,"Gunderson","Ramalingam"
"Sales",277531,"Constantine","Gen"
"Sales",62174,"Denna","Teunis"
"Sales",250008,"Ciolek","Kannan"
"Sales",26317,"Weedman","Valdiodio"
"Sales",221941,"Reinhard","Shin"
"Sales",277421,"Georg","Tremaine"
"Sales",101282,"Klerer","Martial"
"Sales",250070,"Avouris","DeForest"
"Sales",26297,"Angiulli","Aria"
"Sales",68876,"Yavatkar","Shaowei"
"Sales",204110,"Kalsbeek","Shaw"
"Sales",277419,"Riexinger","Alejandro"
"Sales",250149,"Taubman","Muneo"
"Sales",435314,"Walston","Xinyu"
"Sales",250197,"Schlegelmilch","Lansing"
"Sales",250203,"Gerlach","Sanjay"
"Sales",250217,"Junot","Jasminko"
"Sales",250226,"Hainaut","Bikash"
"Sales",435327,"Geffroy","Takahito"
"Sales",250244,"Muntz","Shunichi"
"Sales",457289,"Rodiger","Minghong"
"Sales",204104,"Usdin","Patricio"
"Sales",457282,"Conta","Arra"
"Sales",277376,"Unno","Indrajit"
"Sales",435343,"Collavizza","Yinlin"
"Sales",277303,"Iisaka","Tzu"
"Sales",250376,"Leijenhorst","Boutros"
"Sales",277207,"Miake","Slavian"
"Sales",250404,"Willoner","Yishai"
"Sales",277185,"Iacovou","Owen"
"Sales",435355,"Taubman","Conor"
"Sales",250473,"Raoux","Miomir"
"Sales",277183,"Verhaegen","Zine"
"Sales",250531,"Panienski","Emdad"
"Sales",250556,"Guting","Zito"
"Sales",435360,"Rassart","Jixiang"
"Sales",62209,"Bednarek","Martina"
"Sales",277144,"Munck","Vishv"
"Sales",250832,"Arlazarov","Sangeeta"
"Sales",435366,"Haddadi","Gurbir"
"Sales",101301,"Hofting","Xudong"
"Sales",72554,"Kavanagh","Mokhtar"
"Sales",250881,"Vidal","Susanna"
"Sales",250886,"Busillo","Kagan"
"Sales",204088,"Isaak","Aral"
"Sales",277101,"Rando","Froduald"
"Sales",26255,"Hebert","Perry"
"Sales",251063,"McClurg","Vidar"
"Sales",92754,"Kushnir","Yucai"
"Sales",435520,"Pluym","Tua"
"Sales",251111,"Openshaw","Poornachandra"
"Sales",251156,"Shokrollahi","Xuejun"
"Sales",435521,"Yurek","Shigehito"
"Sales",251181,"Tischendorf","Florian"
"Sales",26252,"Flowers","Haldun"
"Sales",485673,"Eiron","Yechiam"
"Sales",251221,"Fujisaki","Wojceich"
"Sales",251237,"Miara","Cedric"
"Sales",435532,"Koblick","Froduald"
"Sales",435552,"Siksek","Licheng"
"Sales",251254,"Sidhu","Phule"
"Sales",276818,"Remmers","Mats"
"Sales",451116,"Waterhouse","Marl"
"Sales",251282,"Stemann","Kristin"
"Sales",276768,"Chinal","Barry"
"Sales",435568,"Serot","Elvis"
"Sales",435585,"Dredge","Shalesh"
"Sales",221590,"Sudkamp","Shooichi"
"Sales",204062,"Fadgyas","Kerhong"
"Sales",435603,"Fraisse","Nathalie"
"Sales",251553,"Bahi","Udo"
"Sales",251565,"Vuskovic","Gill"
"Sales",276688,"Plavsic","Augustine"
"Sales",276644,"Fasbender","Iara"
"Sales",457262,"Kornatzky","Tsuneo"
"Sales",251642,"Dusink","Marco"
"Sales",221577,"Capobianchi","Gita"
"Sales",435835,"Valtorta","Nikolaus"
"Sales",276632,"Menyhert","Otmar"
"Sales",26190,"Heuter","Akeel"
"Sales",276625,"Munoz","Moriyoshi"
"Sales",276577,"Codenie","Bedrich"
"Sales",221572,"Siprelle","Shan"
"Sales",251723,"Ozeki","Sachem"
"Sales",251732,"Fortenbacher","Junsik"
"Sales",276570,"Rabehasaina","Fumitake"
"Sales",251775,"Chinen","Katsuo"
"Sales",62231,"Brodal","Marek"
"Sales",251829,"Schrift","Kien"
"Sales",221534,"Passafiume","Brigham"
"Sales",276510,"Ritzmann","Mads"
"Sales",15707,"Speel","Richard"
"Sales",276502,"Segond","Indrajit"
"Sales",15359,"Schmiedel","Yinlin"
"Sales",478307,"Casley","Mrinalini"
"Sales",276485,"Verhoeff","Limsoon"
"Sales",251955,"Arlazarov","Sibyl"
"Sales",251960,"Riexinger","Kwun"
"Sales",62234,"Schmezko","Mitchel"
"Sales",252144,"Ranta","Krister"
"Sales",252145,"Isaac","Khoa"
"Sales",92830,"Ranon","Masami"
"Sales",276462,"Reinhard","Berni"
"Sales",252199,"Cannard","Ute"
"Sales",26129,"Masada","Hidefumi"
"Sales",276459,"Peternell","Alair"
"Sales",435932,"Hmelo","Tsz"
"Sales",252247,"Snedden","Oddvar"
"Sales",276340,"Lukaszewicz","Pragnesh"
"Sales",252484,"Babb","Mechthild"
"Sales",435981,"Kambil","Shigehiro"
"Sales",276311,"Kobara","Lalit"
"Sales",276290,"Ambroszkiewicz","Mayuko"
"Sales",93028,"Chinin","Claudi"
"Sales",252550,"Gimbel","Remzi"
"Sales",436342,"Lorho","Sreenivas"
"Sales",252564,"Bratsberg","Mona"
"Sales",436354,"Malabarba","Oscar"
"Sales",221172,"Bugaenko","DAIDA"
"Sales",252984,"Worfolk","Arch"
"Sales",62275,"Byoun","Slavian"
"Sales",276029,"Bresenham","Mikhail"
"Sales",26113,"Brandsma","Larisa"
"Sales",67448,"Baez","Suvo"
"Sales",478509,"Gerlach","Luise"
"Sales",436381,"Broomell","Toong"
"Sales",275938,"Chimia","Hyuckchul"
"Sales",253499,"Azulay","Arie"
"Sales",69410,"Garigliano","Martine"
"Sales",275639,"Claffy","Kasturi"
"Sales",106312,"Fargier","Poorav"
"Sales",275610,"Eickenmeyer","Remzi"
"Sales",275544,"Esteva","Kagan"
"Sales",275537,"Redmiles","Kellie"
"Sales",253570,"Barinka","Remzi"
"Sales",253584,"Koblitz","Wanqing"
"Sales",253632,"Bresenham","Pohua"
"Sales",221064,"Kermarrec","Susuma"
"Sales",436899,"Atchley","Bojan"
"Sales",275491,"Spieker","Gil"
"Sales",275464,"Weedman","Seshu"
"Sales",275462,"Thombley","Jiafu"
"Sales",478527,"Pettis","Shrikanth"
"Sales",436936,"Lorho","Nevin"
"Sales",275440,"Hinsberger","Gad"
"Sales",221029,"Thummel","Yechiam"
"Sales",275191,"Skafidas","Weicheng"
"Sales",108053,"Nilsson","Abdelghani"
"Sales",15263,"Loncour","Sanjeeva"
"Sales",253949,"Caine","Shigeu"
"Sales",436946,"Unno","Apostol"
"Sales",221002,"Thorensen","Niteen"
"Sales",275133,"Buchter","Vasiliy"
"Sales",203937,"Radhakrishnan","Kwok"
"Sales",93084,"Makinen","Subir"
"Sales",254238,"Joslin","Koichi"
"Sales",275094,"Casley","Horward"
"Sales",108002,"Rajala","Kazuhiko"
"Sales",437383,"Itzigehl","Byong"
"Sales",220983,"Varker","Unal"
"Sales",254279,"Swen","Huiqun"
"Sales",437400,"Yeung","Yakichi"
"Sales",254309,"Stamatiou","Xiong"
"Sales",275090,"Ramaiah","Elvia"
"Sales",275001,"Mitina","Katsuo"
"Sales",274991,"Gide","Xinyu"
"Sales",274987,"Choobineh","Yuping"
"Sales",10533,"Smailagic","Mohamadou"
"Sales",274986,"Munke","Utpal"
"Sales",254596,"Denti","Heeju"
"Sales",274948,"Tanemo","Subbu"
"Sales",254821,"Couchot","Tonny"
"Sales",254823,"Streit","Serif"
"Sales",105264,"Simkin","Chrisa"
"Sales",274932,"Schmiedel","Mikhail"
"Sales",437429,"Guerreiro","Nadjib"
"Sales",274903,"Crooks","Fusako"
"Sales",254901,"Zedlitz","Aamer"
"Sales",254919,"Undy","Licheng"
"Sales",254943,"Garnier","Udo"
"Sales",274901,"McFarlin","Limsoon"
"Sales",93132,"Roccetti","Jeane"
"Sales",255009,"Shinomoto","Bernice"
"Sales",274896,"Snedden","Kazuyasu"
"Sales",220775,"Leuchs","Hinrich"
"Sales",274887,"Openshaw","Martien"
"Sales",255097,"Krider","Magy"
"Sales",203862,"Malinowski","Sariel"
"Sales",25970,"Lorin","Mantis"
"Sales",437451,"Siegrist","Filipe"
"Sales",274816,"Minakawa","Shigehiro"
"Sales",255151,"Reghbati","Rasiah"
"Sales",12291,"Koyama","Masamitsu"
"Sales",274813,"Pettey","Yefim"
"Sales",274808,"Litzler","Basem"
"Sales",274807,"Soloway","Sibyl"
"Sales",255182,"Bahk","Kendra"
"Sales",93161,"Garrabrants","Giao"
"Sales",274756,"Cunliffe","Shaowen"
"Sales",62352,"Belinskaya","Susumu"
"Sales",25964,"Karlin","Hideo"
"Sales",255309,"Jiafu","Shiv"
"Sales",255314,"Magalhaes","Zeydy"
"Sales",15227,"Schusler","Bernd"
"Sales",12294,"Heydon","Arch"
"Sales",437667,"Cannata","Fan"
"Sales",256262,"Slutz","Henk"
"Sales",93185,"Khalid","Gor"
"Sales",101564,"Liedekerke","Gay"
"Sales",437715,"Falco","Shooichi"
"Sales",220755,"Stassinopoulos","Kokou"
"Sales",274441,"Denis","Marla"
"Sales",256389,"Usdin","Gilbert"
"Sales",256392,"Benzaken","Kensei"
"Sales",203834,"Kitai","Erzsebet"
"Sales",93383,"Christianini","Guangming"
"Sales",25926,"Montresor","Jiann"
"Sales",437830,"Plotkin","Bezalel"
"Sales",438004,"Rodiger","Arnould"
"Sales",256521,"Kampfer","Bangqing"
"Sales",220743,"Pavlopoulou","Persi"
"Sales",438027,"Kropp","Fumiya"
"Sales",62595,"Akazan","Shietung"
"Sales",93384,"Bridgland","Radhakrishnan"
"Sales",256578,"Beilner","Basil"
"Sales",25919,"Kulisch","Persi"
"Sales",438076,"Staylopatis","Parke"
"Sales",256609,"Businaro","Florina"
"Sales",274232,"Mitzlaff","Souichi"
"Sales",256627,"Baba","Ult"
"Sales",13223,"Rabejac","Koldo"
"Sales",256653,"Gronowski","Phillip"
"Sales",256657,"Baumann","Terresa"
"Sales",258341,"Chimia","Dmitri"
"Sales",485780,"Kuszyk","Weiwu"
"Sales",62600,"Frezza","Munehiko"
"Sales",258379,"Hiraishi","Ottavia"
"Sales",274176,"Gronowski","Kristof"
"Sales",258389,"Hemaspaandra","Weiyi"
"Sales",274166,"Silva","Fayez"
"Sales",220701,"Streit","Spyrose"
"Sales",274154,"Hennebert","Xinan"
"Sales",258447,"Sankaranarayanan","Kien"
"Sales",438114,"Bednarek","Sachem"
"Sales",258471,"Birjandi","Sreekrishna"
"Sales",274077,"Bazzichi","Djelloul"
"Sales",258688,"Rouquie","Shahar"
"Sales",93416,"Flowers","Naftaly"
"Sales",274017,"Fortenbacher","Mona"
"Sales",273876,"Sethi","Naraig"
"Sales",107997,"Perfilyeva","Masoud"
"Sales",273874,"Peron","Sivanarayana"
"Sales",273872,"Heuter","Yishai"
"Sales",438339,"Katiyar","Susanta"
"Sales",93441,"Valette","Yunming"
"Sales",258811,"Barvinok","Jaideep"
"Sales",258821,"Slobodova","Yahiko"
"Sales",258827,"Pusterhofer","Zhiguo"
"Sales",25712,"Marsiglia","Srinidhi"
"Sales",273844,"Thiran","Mohan"
"Sales",273816,"Sichman","Odysseas"
"Sales",438421,"Pollacia","Danae"
"Sales",62608,"Majewski","Make"
"Sales",203755,"Siprelle","Manton"
"Sales",259865,"Glinert","Leif"
"Sales",93453,"Covnot","Wanqing"
"Sales",25678,"Dengi","Zhiguo"
"Sales",259902,"Pokrovskii","Elrique"
"Sales",259912,"Rothe","Avishai"
"Sales",62611,"Oxenboll","Domenico"
"Sales",68926,"Madeira","Giap"
"Sales",273756,"Encarnacion","Tokuyasu"
"Sales",217915,"Munch","Aran"
"Sales",25658,"Kuszyk","Torsten"
"Sales",273715,"Krogh","Radhakrishnan"
"Sales",217860,"Nyrup","Ayakannu"
"Sales",273698,"Linnainmaa","Beshir"
"Sales",438869,"Engelmann","Sailaja"
"Sales",14805,"Ramalingam","Elliott"
"Sales",217801,"Teitelbaum","Faiza"
"Sales",261333,"Bahr","Theron"
"Sales",101601,"Glowinski","Padma"
"Sales",261343,"Bhattacharjee","Mack"
"Sales",203686,"Schrooten","Torsten"
"Sales",485413,"Smeets","Eirik"
"Sales",262057,"Bojadziev","Dinah"
"Sales",25635,"Pezzoli","Paddy"
"Sales",217792,"Gaughan","Radhia"
"Sales",262079,"Koshino","Florina"
"Sales",262083,"Falco","Koichi"
"Sales",262134,"Aseltine","Behnaam"
"Sales",262137,"Velardi","Stepehn"
"Sales",262158,"Schahn","Sahrah"
"Sales",262168,"Pews","Youjian"
"Sales",273390,"Azumi","Alenka"
"Sales",438970,"Rosay","Maren"
"Sales",438973,"Peres","Filipp"
"Sales",273325,"Rohrbach","Shir"
"Sales",263126,"Hinsberger","Berry"
"Sales",263140,"Iisaku","Abdulla"
"Sales",456931,"Gomatam","Chaoyi"
"Sales",217733,"Fontan","Gennady"
"Sales",217608,"Seghrouchni","Hisao"
"Sales",439027,"Riexinger","Munir"
"Sales",273034,"Sabnani","Shrikanth"
"Sales",203637,"Murtagh","Yonghong"
"Sales",263206,"Plavsic","Zita"
"Sales",263214,"Llado","Bojan"
"Sales",217586,"Schmittgen","Ult"
"Sales",263224,"Flanders","Sivanarayana"
"Sales",263240,"Sudbeck","Debatosh"
"Sales",439057,"Cooley","Dietrich"
"Sales",439072,"Kavanagh","Snehasis"
"Sales",101627,"Morris","Munir"
"Sales",263302,"Leaver","Kyoichi"
"Sales",263311,"Bazzichi","Rasiah"
"Sales",263312,"Krider","Chinhyun"
"Sales",439085,"Gonthier","Fai"
"Sales",439086,"Ananiadou","Yongdong"
"Sales",273014,"Heusch","Marko"
"Sales",272983,"Lamma","Vasilii"
"Sales",272925,"Birsak","Dines"
"Sales",263383,"Takkinen","Mingsen"
"Sales",272912,"Brodal","Guenter"
"Sales",203635,"Shobatake","Mohan"
"Sales",217559,"Cappelli","Taizo"
"Sales",263467,"Nilsson","Sverrir"
"Sales",263480,"Boreale","Ortrud"
"Sales",25585,"Valette","Serge"
"Sales",439106,"Nivat","Guiseppe"
"Sales",272780,"Lemarechal","Neven"
"Sales",439118,"Mitchem","Ult"
"Sales",272759,"Liedekerke","Christoph"
"Sales",439132,"Dayana","Faiza"
"Sales",272559,"Vickson","George"
"Sales",263717,"Flasterstein","Harjit"
"Sales",272553,"Wegerle","Maia"
"Sales",272541,"Bade","Arie"
"Sales",263742,"Hasham","Henk"
"Sales",272494,"Murrill","Yoshimitsu"
"Sales",439168,"Penn","Fatemeh"
"Sales",439198,"Osgood","Chandrasekaran"
"Sales",272438,"Litecky","Tonia"
"Sales",264220,"Plump","Rosine"
"Sales",67539,"Zambonelli","Iara"
"Sales",272404,"Woycyznski","Debatosh"
"Sales",456556,"Ghemri","Gay"
"Sales",217506,"Takanami","Gully"
"Sales",439258,"Ossenbruggen","Ashish"
"Sales",264339,"Alameldin","Sanjeeva"
"Sales",264355,"Bresenham","Tayeb"
"Sales",264372,"Liesche","Khalid"
"Sales",264379,"Serov","Jasminko"
"Sales",272158,"Henders","Alois"
"Sales",272044,"Zedlitz","Vitali"
"Sales",217474,"Gammage","Masamitsu"
"Sales",439327,"Schreiter","Rosli"
"Sales",264496,"Delgrossi","Akeno"
"Sales",217421,"Streit","Zsolt"
"Sales",439533,"Bage","Kerryn"
"Sales",264727,"Tyugu","Taisook"
"Sales",271952,"Bernardeschi","Karsten"
"Sales",264756,"Wilharm","Dietrich"
"Sales",264760,"Dulin","Annemarie"
"Sales",271885,"Serdy","Fabrizio"
"Sales",264810,"Poehlman","JoAnna"
"Sales",217398,"Taneja","Pranay"
"Sales",478834,"Bodoff","Remco"
"Sales",203570,"Walstra","Arumugam"
"Sales",271764,"Staylopatis","Masanao"
"Sales",217397,"Simkin","Eckart"
"Sales",264858,"Ducloy","Candida"
"Sales",93871,"Benaini","Masaki"
"Sales",271737,"Lorcy","Laurentiu"
"Sales",25340,"Bahr","Xiahua"
"Sales",217385,"Smailagic","Sadun"
"Sales",439604,"Nations","Bernd"
"Sales",264951,"Brobst","Jagoda"
"Sales",25328,"Schmittgen","Youssef"
"Sales",439634,"Benaini","Geoffrey"
"Sales",264985,"Bala","Atilio"
"Sales",478838,"Jarecki","Makato"
"Sales",456490,"Kornyak","Tadanori"
"Sales",271703,"Flowers","Debatosh"
"Sales",265005,"Mersereau","Miyeon"
"Sales",217350,"Bauknecht","Bernardo"
"Sales",265203,"Sudkamp","Debatosh"
"Sales",265261,"Iisaku","LiMin"
"Sales",265269,"Tetzlaff","Wanqing"
"Sales",216813,"Lorys","Atreye"
"Sales",216806,"Pusterhofer","Tadahiro"
"Sales",478852,"Plessier","Abdulah"
"Sales",265340,"Shinomoto","Jiann"
"Sales",12330,"Eugenio","Oguz"
"Sales",62798,"Rouquie","Makato"
"Sales",271675,"Ginneken","Gunilla"
"Sales",93889,"Basawa","Hironoby"
"Sales",265727,"Cappelletti","Xiahua"
"Sales",14737,"Impagliazzo","Houman"
"Sales",265794,"Halloran","Miquel"
"Sales",265806,"Bahk","Gudjon"
"Sales",271568,"Servi","Hitofumi"
"Sales",271548,"Demizu","Kiyokazu"
"Sales",62843,"Langford","Phillip"
"Sales",271499,"Bael","Shim"
"Sales",216748,"Jervis","Salvador"
"Sales",271474,"Polupanov","Pradeep"
"Sales",265960,"Legleitner","Tayeb"
"Sales",93913,"Trogemann","Goncalo"
"Sales",265987,"Mawatari","Sverrir"
"Sales",456455,"Baar","Arne"
"Sales",25239,"Trumbly","Oksana"
"Sales",271448,"Viele","Sachio"
"Sales",266070,"Lorin","Hugh"
"Sales",107700,"Steenbeek","Weidon"
"Sales",14736,"Bala","Martial"
"Sales",271423,"Parascandalo","Waiman"
"Sales",439948,"Hatcliff","Toshimitsu"
"Sales",271389,"Ginneken","Basem"
"Sales",271387,"Dalton","Shigeichiro"
"Sales",478879,"Itzfeldt","Ebru"
"Sales",439956,"Fetvedt","Abdelghani"
"Sales",266230,"Colorni","Leaf"
"Sales",216670,"Paludetto","Sreenivas"
"Sales",266249,"Nishimukai","Sumant"
"Sales",266271,"Gihr","Akhilish"
"Sales",106761,"Kading","Fumino"
"Sales",478882,"Yoshimura","Rafols"
"Sales",266311,"Chinen","Heping"
"Sales",266313,"Garrabrants","Hideo"
"Sales",271319,"Rosin","Hideo"
"Sales",266333,"Oppitz","Moss"
"Sales",266352,"Bojadziev","Saeed"
"Sales",266359,"Lindqvist","Billur"
"Sales",14735,"Kavanagh","Hisao"
"Sales",271265,"Isard","Dietrich"
"Sales",440853,"Usery","Sivanarayana"
"Sales",271241,"Picaronny","Duke"
"Sales",266454,"Cmelik","Kankanahalli"
"Sales",266458,"Breugel","Jeong"
"Sales",266461,"Litzkow","Katsuyuki"
"Sales",24990,"Onuegbe","Jackson"
"Sales",62850,"Pezzoli","Syozo"
"Sales",101686,"Samarati","Dinkar"
"Sales",266511,"Mahmud","Kristinn"
"Sales",266563,"Vakili","Shaowen"
"Sales",271225,"Makrucki","Caolyn"
"Sales",266593,"Axelband","Bingning"
"Sales",266595,"Marletta","Mads"
"Sales",216580,"Facello","Susuma"
"Sales",266629,"Mattern","Herbert"
"Sales",440904,"Vickson","Eran"
"Sales",94013,"Landherr","Susanna"
"Sales",271141,"Verhoeff","Aleksandar"
"Sales",266730,"Gammage","Koichi"
"Sales",271113,"Kenevan","Barun"
"Sales",94019,"Trelles","Erez"
"Sales",266772,"Lenart","Fayez"
"Sales",107642,"Ernst","Ingmar"
"Sales",94192,"Chinin","Leszek"
"Sales",442919,"Conte","Sergi"
"Sales",271071,"Einsfeld","Genta"
"Sales",271046,"Birke","Heon"
"Sales",94215,"Snyers","Kristen"
"Sales",266922,"Erde","Koldo"
"Sales",24947,"Fujisaki","Oscal"
"Sales",266928,"Ranon","Randy"
"Sales",266932,"Cappello","Tayeb"
"Sales",266943,"Melter","Yongdong"
"Sales",266963,"Ecklund","Radhia"
"Sales",266977,"Tempesti","Shahab"
"Sales",216505,"Hiyoshi","Zhiwei"
"Sales",216504,"Bashian","Snehasis"
"Sales",267003,"Brattka","Wuxu"
"Sales",267008,"Godskesen","Bingning"
"Sales",270956,"Spelt","Manohar"
"Sales",267028,"Gluchowski","Zdislav"
"Sales",442998,"Streit","Karsten"
"Sales",443004,"Gill","Mariangiola"
"Sales",443005,"Schneeberger","Berthier"
"Sales",478918,"Auyong","Khun"
"Sales",270911,"Kuzuoka","Ibibia"
"Sales",267084,"Kading","Miomir"
"Sales",267124,"Bauknecht","Kwangsub"
"Sales",270513,"Serna","Harngdar"
"Sales",267170,"Cheshire","Tzu"
"Sales",267174,"Furudate","Maha"
"Sales",270446,"Krybus","Christfried"
"Sales",94234,"Cherinka","Kristin"
"Sales",267196,"Haraldson","Palash"
"Sales",267243,"Plotkin","Luisa"
"Sales",24895,"Gide","Hongzue"
"Sales",478921,"Atrawala","Shuzo"
"Sales",267296,"Parascandalo","Subhankar"
"Sales",270408,"Krone","Hein"
"Sales",267380,"Litvinov","Tuval"
"Sales",443065,"Kusakabe","Magy"
"Sales",270393,"Baer","Duke"
"Sales",443068,"Marsiglia","Danny"
"Sales",269836,"Eiron","Sajjan"
"Sales",267467,"Ramsak","Billur"
"Sales",267469,"Nishimukai","Itzchak"
"Sales",267481,"Avouris","Martins"
"Sales",456432,"Coullard","Otilia"
"Sales",443087,"Sankaranarayanan","Saeed"
"Sales",267550,"Peak","Kerryn"
"Sales",267613,"Blokdijk","Fumino"
"Sales",267627,"Schwartzbauer","Deniz"
"Sales",269753,"Siochi","Akemi"
"Sales",14715,"Knightly","Chuanyi"
"Sales",443131,"Conte","Genki"
"Sales",67662,"Beutelspacher","Ibibia"
"Sales",267687,"Kobuchi","Zine"
"Sales",269747,"Murillo","Eben"
"Sales",24795,"Chachaty","Ulf"
"Sales",267781,"Bade","Nathan"
"Sales",267788,"Vesna","Yongdong"
"Sales",14343,"Rotem","Pranav"
"Sales",269347,"Molenkamp","Aiman"
"Sales",216334,"Kawashimo","Nalini"
"Sales",63159,"Denna","Persi"
"Sales",24793,"Brizzi","Kristen"
"Sales",443196,"Valtorta","Persi"
"Sales",24774,"Facello","Uno"
"Sales",216321,"Lores","Masami"
"Sales",24746,"Tsukuda","Tianruo"
"Sales",267932,"Zaiane","Paraskevi"
"Sales",63173,"Siochi","Huan"
"Sales",267940,"Schwartzbauer","Janche"
"Sales",94275,"Besselaar","Sanjai"
"Sales",267979,"Bahi","Abdelaziz"
"Sales",478923,"Leaver","Zengping"
"Sales",269043,"Kaltofen","Phillip"
"Sales",94286,"Besselaar","Hongzue"
"Sales",269034,"Furedi","Mayuko"
"Sales",268030,"Peyn","Duro"
"Sales",268041,"Zastre","Munehiko"
"Sales",268071,"Guardalben","Eberhardt"
"Sales",269008,"Emmart","Ranga"
"Sales",268103,"Mukaidono","Arnd"
"Sales",268981,"Schusler","Miomir"
"Sales",268138,"Miara","Changho"
"Sales",443317,"Chiola","Yuriy"
"Sales",268184,"Malabarba","Chikara"
"Sales",485774,"Coors","Taisook"
"Sales",67695,"McAffer","Fumiya"
"Sales",268286,"Oberman","Marin"
"Sales",268304,"Emiris","Moss"
"Sales",268342,"Melter","Tesuya"
"Sales",24543,"Eiron","Mani"
"Sales",268359,"Byoun","Sakthirel"
"Sales",268383,"Braunmuhl","Kristof"
"Sales",268394,"Kroft","Heping"
"Sales",63201,"Butner","Juyoung"
"Sales",444251,"Morrow","Magdalena"
"Sales",268453,"Picht","Herb"
"Sales",268464,"Zielinski","Wojceich"
"Sales",268515,"Maksimenko","Yishay"
"Sales",268521,"Ginesta","Kasturi"
"Sales",268531,"Schusler","Elliott"
"Sales",265573,"Pollacia","Branimir"
"Sales",24541,"Ramras","Temple"
"Sales",102115,"Kobara","Keiichiro"
"Sales",268570,"Vasanthakumar","Maya"
"Sales",67698,"Kusakari","Baocai"
"Sales",265566,"Mattern","Uli"
"Sales",265545,"Denis","Zdislav"
"Sales",216093,"Papastamatiou","Gadiel"
"Sales",12954,"Walston","Dinkar"
"Sales",63215,"Hofting","Nirmal"
"Sales",216081,"Buescher","Bouchung"
"Sales",268681,"Emiris","Macha"
"Sales",265501,"Cromarty","Paraskevi"
"Sales",265480,"Biros","Nahla"
"Sales",268738,"Suomi","Leaf"
"Sales",268793,"McFarlan","Bernt"
"Sales",268800,"Antonakopoulos","Marin"
"Sales",63418,"Bratten","Vasilis"
"Sales",94538,"Wossner","Gor"
"Sales",268851,"Gustavson","Toshiko"
"Sales",265183,"Egerstedt","Jianwen"
"Sales",269094,"Lund","Zhensheng"
"Sales",269117,"Basart","Pranav"
"Sales",265104,"Iivonen","Keiichiro"
"Sales",269194,"Munke","Rosli"
"Sales",102133,"Wilfing","Mari"
"Sales",216057,"Sichman","Khaled"
"Sales",269202,"Rahier","Jagoda"
"Sales",478958,"Woycyznski","Shahab"
"Sales",444433,"Birch","Siamak"
"Sales",94550,"Gimbel","Udi"
"Sales",14264,"Dulin","Marco"
"Sales",265085,"Boreale","Fan"
"Sales",265052,"Merle","Jiong"
"Sales",265041,"Borovoy","Bluma"
"Sales",269451,"Quittner","Eirik"
"Sales",203474,"Jonsson","Hugh"
"Sales",269482,"Lunn","Zsolt"
"Sales",444482,"Ritcey","Manu"
"Sales",216044,"Lenart","Masako"
"Sales",269518,"Akazan","Yishay"
"Sales",264681,"Isard","Teruyuki"
"Sales",105320,"Halloran","Mohammed"
"Sales",94595,"Conry","Bingning"
"Sales",269542,"Muchinsky","Guangming"
"Sales",478969,"Tokunaga","Byong"
"Sales",264600,"Borstler","Marsha"
"Sales",269599,"Besancenot","Shai"
"Sales",215978,"Griswold","Zvonko"
"Sales",269612,"Vandervoorde","Gregory"
"Sales",264586,"Randt","Candida"
"Sales",215969,"Gecsei","Billie"
"Sales",269640,"Auyong","Mostafa"
"Sales",94638,"Uhrig","Otilia"
"Sales",264561,"Waymire","Erzsebet"
"Sales",269673,"Masand","Toshiki"
"Sales",269687,"Kaltofen","Nidapan"
"Sales",269698,"Savasere","Miomir"
"Sales",478978,"Guenter","Hatem"
"Sales",269898,"Castellani","Unal"
"Sales",269922,"Kakkar","Susanna"
"Sales",269923,"Vadhan","Sanjiv"
"Sales",63503,"Tzvieli","Weiye"
"Sales",444581,"Provine","Souichi"
"Sales",444605,"Skafidas","Iara"
"Sales",269966,"Vadhan","Arra"
"Sales",270050,"Baak","Margo"
"Sales",264038,"Choobineh","Tran"
"Sales",270102,"Worfolk","Sanjay"
"Sales",270115,"Papsdorf","Rosli"
"Sales",102160,"Kuzuoka","Isaac"
"Sales",264013,"Stifter","Baziley"
"Sales",263998,"Luks","Gudjon"
"Sales",270250,"Salvesen","Koldo"
"Sales",270279,"Ghazalie","Maria"
"Sales",215841,"Einsfeld","Sham"
"Sales",444706,"Stanger","Naftaly"
"Sales",215784,"Brickell","Sergi"
"Sales",270371,"Capobianchi","Moon"
"Sales",270383,"Boguraev","Marsha"
"Sales",95201,"Pokrovskii","Chinho"
"Sales",67751,"Gimbel","Christfried"
"Sales",107607,"Cooley","Radoslaw"
"Sales",270637,"Zschoche","Dharmaraja"
"Sales",263875,"Muniz","Arlette"
"Sales",270665,"Domenig","Marsal"
"Sales",263860,"Erez","Navin"
"Sales",270697,"Plavsic","Ishfaq"
"Sales",270700,"Hinsberger","Duke"
"Sales",263649,"Zongker","Mechthild"
"Sales",270735,"Beausoleil","Yucai"
"Sales",270761,"Adachi","Subhada"
"Sales",455856,"Pezzoli","Masaki"
"Sales",270810,"Braccini","Gonzalo"
"Sales",263537,"Gire","Honesty"
"Sales",67755,"Garigliano","Lech"
"Sales",445082,"Iacovou","Gro"
"Sales",270880,"Gecsei","Heekeun"
"Sales",272255,"Wallrath","Bezalel"
"Sales",272258,"Ratnakar","Pradeep"
"Sales",272304,"Papastamatiou","Wonhee"
"Sales",272317,"Luga","Zhiguo"
"Sales",262988,"Gist","Feipei"
"Sales",107595,"Hockney","Yuguang"
"Sales",272357,"Baba","Xianlong"
"Sales",24354,"Cmelik","Shiv"
"Sales",203392,"Cardazo","Mitchel"
"Sales",106294,"Gladwell","Piyush"
"Sales",262930,"Kusakabe","Hongzhu"
"Sales",445149,"Gill","Shai"
"Sales",102226,"Przulj","Mingzeng"
"Sales",95291,"Syang","Leandro"
"Sales",262908,"Jonsson","Mayuko"
"Sales",107393,"Schicker","Jasminko"
"Sales",262868,"Seiwald","Arnould"
"Sales",272637,"Greibach","Remzi"
"Sales",262861,"Attimonelli","Kayoko"
"Sales",455774,"Selvestrel","Otmar"
"Sales",272662,"Zhiwei","Murthy"
"Sales",262845,"Gill","Arfst"
"Sales",272673,"Ghalwash","Vitali"
"Sales",445161,"Menyhert","Janalee"
"Sales",272694,"Feinberg","Shuichi"
"Sales",445179,"Sidhu","Yoshimitsu"
"Sales",272698,"Siochi","Hyuncheol"
"Sales",203358,"Laurillard","Leah"
"Sales",479242,"Munro","Deniz"
"Sales",445700,"Levasseur","Ortrud"
"Sales",273090,"Masamoto","Rimli"
"Sales",273107,"Ligten","Richard"
"Sales",273118,"Birge","Florina"
"Sales",262794,"Sewelson","Lubomir"
"Sales",445715,"Schurmann","Shooichi"
"Sales",273129,"Whitcomb","Sumant"
"Sales",445725,"Ibel","Gor"
"Sales",262781,"Fontet","Weiru"
"Sales",273144,"Leivant","Vasilii"
"Sales",273160,"Encarnacion","Avishai"
"Sales",273169,"Impagliazzo","Kannan"
"Sales",273174,"Butner","Berna"
"Sales",273187,"Beutelspacher","Badri"
"Sales",455766,"Schaft","Ranga"
"Sales",72062,"Oskamp","Yahiko"
"Sales",215582,"Prochazka","Szabolcs"
"Sales",445761,"Kadhim","Kristof"
"Sales",273431,"Birge","Denis"
"Sales",262769,"Mersereau","Nitsan"
"Sales",215559,"Picco","Stabislas"
"Sales",273472,"Knightly","Gaurav"
"Sales",273476,"Falster","Mong"
"Sales",273480,"Garrabrants","Jianwen"
"Sales",24285,"Cronan","Ronghao"
"Sales",273530,"Kavraki","Xinyu"
"Sales",262687,"Stanger","Kamakshi"
"Sales",273555,"Standera","Ortrun"
"Sales",24279,"Hinsberger","Krister"
"Sales",275243,"Huhdanpaa","Eirik"
"Sales",24262,"Itschner","Huican"
"Sales",275267,"Herath","Suebskul"
"Sales",275304,"Koshino","Ravishankar"
"Sales",445837,"Barriga","Supot"
"Sales",203319,"Ramsay","Caolyn"
"Sales",63779,"Emiris","Sugwoo"
"Sales",262614,"Pargas","Gennady"
"Sales",102589,"Setlzner","Rasiah"
"Sales",445872,"Ghelli","Billie"
"Sales",24241,"Doering","Naftali"
"Sales",275751,"Restivo","Pohua"
"Sales",95538,"Gill","Mircea"
"Sales",275795,"Broder","Fuqing"
"Sales",275801,"Heinisuo","Ayakannu"
"Sales",262501,"Kaminger","Marco"
"Sales",275830,"Bresenham","Jackson"
"Sales",275852,"Gulak","Kensyu"
"Sales",275889,"Cunliffe","Frederique"
"Sales",445920,"Bennet","Nikolaus"
"Sales",214951,"Curless","Shahaf"
"Sales",276152,"Marzano","Michaela"
"Sales",262400,"Fontet","Kousuke"
"Sales",262383,"Gyorkos","Mingsen"
"Sales",214835,"Kaiserswerth","Eric"
"Sales",13878,"Eiron","Shigeaki"
"Sales",262365,"Chappelet","Shahaf"
"Sales",479302,"Akaboshi","Shawna"
"Sales",276224,"Luft","Xianlong"
"Sales",445952,"Eppinger","Sanjit"
"Sales",276915,"Rajcani","Huican"
"Sales",479306,"Portugali","Aiman"
"Sales",214832,"Crouzet","Owen"
"Sales",262308,"Zweizig","Marsal"
"Sales",95572,"Felder","Shuzo"
"Sales",262285,"Koblick","Arne"
"Sales",63846,"Lorys","Morrie"
"Sales",214805,"Marshall","Arlette"
"Sales",479329,"Cardazo","Randi"
"Sales",479507,"Srimani","Phule"
"Sales",479512,"Picci","Mabry"
"Sales",280267,"Moffat","Yuguang"
"Sales",262223,"Lally","Bojan"
"Sales",261989,"Luef","Jixiang"
"Sales",446028,"Cummings","Youssef"
"Sales",214796,"Cronau","Leah"
"Sales",280326,"Karlin","Tooru"
"Sales",261944,"Zlotek","Urs"
"Sales",280345,"Chaudhury","Barry"
"Sales",280351,"Steinauer","Roded"
"Sales",280352,"Kitai","Arun"
"Sales",446045,"Narwekar","Margareta"
"Sales",214735,"Schaaf","Siamak"
"Sales",95639,"Schapire","Maja"
"Sales",214720,"Luders","Tadahiro"
"Sales",261903,"Melton","Rafols"
"Sales",446064,"Rissland","Pramod"
"Sales",72031,"Makrucki","Nagui"
"Sales",261800,"Schrooten","Angel"
"Sales",280476,"Mandelberg","Harngdar"
"Sales",280483,"Jeong","Naraig"
"Sales",280525,"Herbst","Kish"
"Sales",261792,"Michaeli","Adas"
"Sales",280553,"Naumovich","Mani"
"Sales",280554,"Flanders","Yongqiao"
"Sales",479544,"Guenter","Abdulla"
"Sales",106752,"Birjandi","Tonia"
"Sales",280636,"Molenaar","Aamer"
"Sales",261707,"Gurbaxani","Chenye"
"Sales",446126,"Egerstedt","Chirstian"
"Sales",107359,"Lamma","Xiong"
"Sales",280753,"Braunschweig","Ute"
"Sales",261604,"Denti","Djenana"
"Sales",280773,"Lyonns","Zhanqiu"
"Sales",280783,"Mellouli","Renny"
"Sales",446150,"Bugrara","Huan"
"Sales",214661,"Serdy","Bilhanan"
"Sales",10517,"Speek","Tiina"
"Sales",280807,"Zockler","Christfried"
"Sales",280817,"Baik","Valeri"
"Sales",280860,"Syang","Gudjon"
"Sales",280881,"Sommer","Collette"
"Sales",67840,"Monarch","Randy"
"Sales",446228,"Warwick","Conrado"
"Sales",280924,"Merey","Sigeru"
"Sales",24130,"Seiwald","Elrique"
"Sales",280931,"Encarnacion","Boutros"
"Sales",261462,"Perez","Genevieve"
"Sales",280948,"Staudhammer","Christoper"
"Sales",280952,"Crouzet","Mizuhito"
"Sales",280959,"Perz","Hiroyasu"
"Sales",280964,"Hettesheimer","Vidya"
"Sales",203069,"DiGiano","Hidekazu"
"Sales",280978,"Thorensen","Jacqueline"
"Sales",280982,"Kermarrec","Shem"
"Sales",280988,"Katzenelson","Jaroslava"
"Sales",280993,"Munos","Dipankar"
"Sales",446254,"Luit","Arve"
"Sales",479610,"Merks","Nathan"
"Sales",281051,"Serna","Boaz"
"Sales",261453,"Lieblein","Kenton"
"Sales",281065,"Braunmuhl","Ortrud"
"Sales",13871,"Plavsic","Anoosh"
"Sales",214618,"Rosca","Breannda"
"Sales",261451,"Gide","Randi"
"Sales",281120,"Garnick","Vivian"
"Sales",281121,"Slutz","Oscar"
"Sales",281139,"Seghrouchni","Lorien"
"Sales",281147,"Terlouw","Karlis"
"Sales",479631,"Hanabata","Lein"
"Sales",67845,"Back","Xuejun"
"Sales",261389,"Malinowski","Nechama"
"Sales",68941,"Verhoeff","Theron"
"Sales",446277,"Carrera","Aloke"
"Sales",214610,"Lorho","Denny"
"Sales",446318,"Holburn","Serenella"
"Sales",281259,"Feinberg","Marek"
"Sales",281261,"Molberg","Shuichi"
"Sales",261127,"Pena","Tremaine"
"Sales",64583,"Swab","Kazunori"
"Sales",281340,"Sadowski","Fumitaka"
"Sales",261053,"Honglei","Uwe"
"Sales",281361,"Hooghiemstra","Frederique"
"Sales",281396,"Esteva","Tadanori"
"Sales",261007,"Jayawardene","Yakkov"
"Sales",105902,"Alpin","Constantine"
"Sales",281476,"Koblitz","Geoff"
"Sales",485538,"Meriste","Yechezkel"
"Sales",95928,"Reistad","Kinh"
"Sales",260948,"Edelhoff","Mohit"
"Sales",64638,"Schlumberger","Hilary"
"Sales",446399,"Muntz","Panayotis"
"Sales",260934,"Boissier","Zhenbing"
"Sales",281564,"Majewski","Luise"
"Sales",281602,"Vasanthakumar","Eirik"
"Sales",485661,"Winter","Elvia"
"Sales",455144,"Tsukune","Ennio"
"Sales",281621,"Dulli","Beshir"
"Sales",260880,"Genin","JoAnne"
"Sales",203003,"Roohalamini","Valeska"
"Sales",260832,"Langford","Shigeu"
"Sales",260819,"Szemeredi","Fay"
"Sales",214557,"Joslin","Subhash"
"Sales",281678,"Junet","Doohun"
"Sales",260772,"Landherr","Abdelghani"
"Sales",446524,"Stranks","Boriana"
"Sales",214540,"Butner","Boaz"
"Sales",281760,"Cronau","Fumiyo"
"Sales",260680,"Kilgour","Kwun"
"Sales",281787,"Breugel","Luisa"
"Sales",281794,"Flasterstein","Shaz"
"Sales",446546,"Akiyama","Basem"
"Sales",281804,"Ranum","Susanne"
"Sales",260676,"Dalphin","Shrikanth"
"Sales",281827,"Lienhardt","Visit"
"Sales",281839,"Itschner","Domenico"
"Sales",214499,"Schade","Takahira"
"Sales",260585,"Gopalakrishnan","Zhiguo"
"Sales",260581,"Maliniak","Gritta"
"Sales",446603,"Serna","Sushant"
"Sales",260563,"Vrecion","Tonny"
"Sales",446609,"Denna","Hercules"
"Sales",281958,"Carrera","Weijing"
"Sales",260537,"Chiola","Georgi"
"Sales",282036,"Ranum","Oguz"
"Sales",260490,"Spataro","Filipe"
"Sales",214475,"Bodoff","Sumali"
"Sales",13428,"Kalloufi","Sanjai"
"Sales",260483,"Denos","Masami"
"Sales",282120,"Legleitner","Richara"
"Sales",24000,"Bade","Bingning"
"Sales",23998,"Neimat","Amabile"
"Sales",13417,"Condotta","Dipayan"
"Sales",260473,"Garnick","Kankanahalli"
"Sales",479889,"Ramras","Baoqiu"
"Sales",260453,"Braunschweig","Elvis"
"Sales",282322,"Maksimenko","Hiroyasu"
"Sales",450995,"Thorensen","Sadok"
"Sales",282370,"Rossi","Cedric"
"Sales",282372,"Lipner","Navin"
"Sales",260346,"Suermann","Junichi"
"Sales",485565,"Benzmuller","Prodip"
"Sales",214453,"Randt","Shrikanth"
"Sales",13410,"Rebaine","Tremaine"
"Sales",446700,"Jording","Hercules"
"Sales",446701,"Krohm","Jayesh"
"Sales",202999,"Hartvigsen","Jaideep"
"Sales",282534,"Biros","Sasan"
"Sales",282537,"Kolinko","Oldrich"
"Sales",282581,"Straney","Mona"
"Sales",282586,"Iacovou","Kiyotoshi"
"Sales",95998,"Prenel","Qiwen"
"Sales",282648,"Cooman","Kenroku"
"Sales",260272,"Talmor","Yefim"
"Sales",260182,"Hiraishi","Nimmagadda"
"Sales",96020,"Schwartzburd","Poorav"
"Sales",282731,"Kamber","Moriyoshi"
"Sales",282738,"Lunt","Pantung"
"Sales",282743,"Paludetto","Becky"
"Sales",479910,"Docker","Tetsushi"
"Sales",447070,"Rettelbach","Ulises"
"Sales",260101,"Ghazalie","Dhritiman"
"Sales",282840,"Scallan","Bedir"
"Sales",260082,"Swan","Gina"
"Sales",260068,"Veccia","Dietrich"
"Sales",260045,"Kalsbeek","Hercules"
"Sales",282892,"Nitsch","Sigeru"
"Sales",260009,"Fontet","Shaunak"
"Sales",282926,"Stemann","Tianruo"
"Sales",96028,"Rosay","Ewing"
"Sales",214359,"Thiran","Xudong"
"Sales",282961,"Coney","Guoxiang"
"Sales",447086,"Gill","Rosli"
"Sales",282993,"Kemmerer","Oguz"
"Sales",447092,"Lorho","Inderjeet"
"Sales",283020,"Fujisawa","Taiji"
"Sales",283050,"Kusalik","Juichirou"
"Sales",283054,"Thebaut","Taegyun"
"Sales",283120,"Suwa","Berni"
"Sales",259763,"Luff","Shushma"
"Sales",259745,"Delgrande","Nevin"
"Sales",447160,"Ramalingam","Ohad"
"Sales",214257,"Gustavson","Ravishankar"
"Sales",64747,"Oxenboll","Kwangsub"
"Sales",96239,"Budinsky","Domenico"
"Sales",283217,"Lamparter","Manton"
"Sales",283269,"Leivant","Fuqing"
"Sales",283338,"Mattern","Kwun"
"Sales",283346,"Rindone","Achilleas"
"Sales",259651,"Falby","Boaz"
"Sales",283370,"Setlzner","Yakkov"
"Sales",259631,"Adachi","Izaskun"
"Sales",447200,"Frolund","Alagu"
"Sales",283433,"Snedden","Naraig"
"Sales",283461,"Businaro","Kazuhide"
"Sales",214212,"Eastman","Gift"
"Sales",447217,"Schwabacher","Aloke"
"Sales",214183,"Parfitt","Nathalie"
"Sales",71960,"Karnin","Teunis"
"Sales",485769,"Wroclawski","Kinh"
"Sales",283549,"Eldridge","Nagui"
"Sales",283562,"Krider","Stamatina"
"Sales",259412,"Thombley","Behnaam"
"Sales",283584,"Levasseur","Barun"
"Sales",283586,"Marchegay","Ulf"
"Sales",283599,"Remmers","Radoslaw"
"Sales",283611,"Renear","Zijian"
"Sales",259406,"Kornatzky","Roddy"
"Sales",214084,"Porotnikoff","Mountaz"
"Sales",283637,"Vitiello","Martijn"
"Sales",283640,"Sankaranarayanan","Debatosh"
"Sales",283680,"Thibadeau","Nahla"
"Sales",283701,"Haumacher","Guenter"
"Sales",447309,"Penz","Lijia"
"Sales",71943,"Thombley","Marsja"
"Sales",450490,"Luft","Deborah"
"Sales",259351,"Mungall","Takahito"
"Sales",214077,"Marwedel","Luerbio"
"Sales",68981,"Grandbois","Takahiro"
"Sales",23815,"Akaboshi","Minghong"
"Sales",283764,"Oxman","Arif"
"Sales",13392,"Beidas","Fumitake"
"Sales",259311,"Hofstetter","Menkae"
"Sales",283785,"Sessa","Haldun"
"Sales",96322,"Veldwijk","Sadok"
"Sales",283808,"Georg","Yongqiao"
"Sales",23812,"Gronowski","Constantine"
"Sales",68996,"Tyugu","Kwangsub"
"Sales",283850,"Schwabacher","Sushant"
"Sales",283852,"Waterhouse","Arfst"
"Sales",450968,"Serra","Nevio"
"Sales",96339,"Penz","Gen"
"Sales",67882,"Bain","Lucian"
"Sales",283911,"Denos","Hidekazu"
"Sales",107330,"Bednarek","Navid"
"Sales",283941,"Czap","Aram"
"Sales",479934,"Docker","Sastry"
"Sales",259265,"Setlzner","Nobuyoshi"
"Sales",23787,"Spataro","Keiichiro"
"Sales",259228,"Mikschl","Sastry"
"Sales",202652,"Pettis","Satyanarayana"
"Sales",202649,"Daescu","Abdelghani"
"Sales",447458,"Hanratty","Hitomi"
"Sales",213964,"Limongiello","Shawna"
"Sales",23761,"Menhardt","Jouni"
"Sales",284263,"Juneja","Phuoc"
"Sales",96562,"Ghemri","Abdulah"
"Sales",284279,"Muhlberg","Subhrajyoti"
"Sales",284289,"Lunt","Sajjad"
"Sales",485688,"Jeong","Tzu"
"Sales",258950,"Brodal","Naftali"
"Sales",106180,"Zlotek","Jiong"
"Sales",284353,"Kavraki","Brigham"
"Sales",258931,"Ritzmann","Mori"
"Sales",71411,"Eiron","Jayson"
"Sales",258929,"Kobuchi","Edwin"
"Sales",202614,"Chleq","Constantino"
"Sales",258897,"Guerreiro","Kotesh"
"Sales",258894,"Kroon","Adam"
"Sales",258882,"Nittel","Teunis"
"Sales",284479,"Ramsey","Masamitsu"
"Sales",213899,"Uehara","Tsvetan"
"Sales",284496,"Chinal","Ewing"
"Sales",477227,"Nivat","Danil"
"Sales",477267,"Covnot","Feipei"
"Sales",477203,"Vigier","Kshitij"
"Sales",477500,"Krichel","Sushant"
"Sales",447711,"Mitina","Kristina"
"Sales",258850,"Heuter","Werner"
"Sales",96596,"Zallocco","Sven"
"Sales",477201,"Rosis","Yinlin"
"Sales",477533,"Bazzichi","Renny"
"Sales",477197,"Spataro","Stevo"
"Sales",477600,"Schwaller","Basant"
"Sales",477161,"Thibadeau","Adil"
"Sales",477622,"Hennings","Lakshmi"
"Sales",284560,"Valiente","Adin"
"Sales",477642,"Berstel","Yoshinari"
"Sales",284569,"Navazio","Miquel"
"Sales",64835,"Pews","Xiaoheng"
"Sales",284594,"Rouquie","Sahrah"
"Sales",477923,"Conde","Augustine"
"Sales",476942,"Hoogerwoord","Claude"
"Sales",213888,"Herbst","Alair"
"Sales",23731,"Stille","Kien"
"Sales",477954,"Walstra","Ziyad"
"Sales",476936,"Kitsuregawa","Chikara"
"Sales",50122,"Emiris","Berto"
"Sales",478013,"Fontan","Jaewoo"
"Sales",478026,"Gire","Randy"
"Sales",476900,"Pezzoli","Takahito"
"Sales",476896,"Preusig","Jacqueline"
"Sales",478064,"Fujisawa","Huai"
"Sales",476893,"Boudaillier","Kazuhira"
"Sales",50061,"Crelier","Hatem"
"Sales",476888,"Lanphier","Gill"
"Sales",476859,"Puppo","Luise"
"Sales",258634,"Khalid","Temple"
"Sales",50150,"Murtafg","Xiong"
"Sales",476639,"DuBourdieux","Roddy"
"Sales",476609,"Janetzko","Gonzalo"
"Sales",476606,"Famili","Marc"
"Sales",284645,"Stellhorn","Wuxu"
"Sales",478380,"Krzyzanowski","Hiroyasu"
"Sales",478382,"Caine","Mohit"
"Sales",478396,"Vasanthakumar","Reinhard"
"Sales",478412,"Schreiter","Serap"
"Sales",478421,"Monkewich","Tiina"
"Sales",478438,"Gente","Stafford"
"Sales",284720,"Falster","Heping"
"Sales",478666,"Goodrum","Premal"
"Sales",50042,"Pavlopoulou","Masato"
"Sales",478670,"Zeilberger","Xiaoheng"
"Sales",258614,"Sanella","Mizuhito"
"Sales",463183,"Vandervoorde","Hongzue"
"Sales",478742,"Hainaut","Renee"
"Sales",284735,"Conde","Dinah"
"Sales",258586,"Krzyzanowski","Lidong"
"Sales",50339,"Syrotiuk","Munehiko"
"Sales",284760,"Lamba","Felicidad"
"Sales",479012,"Docker","Kazunori"
"Sales",476494,"Pauthner","Jiann"
"Sales",106193,"Malabarba","Idoia"
"Sales",476166,"Quittner","Subhada"
"Sales",476157,"Impagliazzo","Michaela"
"Sales",258582,"Gronowski","Luisa"
"Sales",258578,"Murtagh","Takanari"
"Sales",475986,"Swiler","Stabislas"
"Sales",49823,"Krupka","Moon"
"Sales",479369,"Ananiadou","Shigenori"
"Sales",284784,"Bellmore","Yuping"
"Sales",479402,"Perfilyeva","Martina"
"Sales",479413,"Ozery","Shan"
"Sales",213819,"Schiper","Willard"
"Sales",479441,"Mitchem","Yifei"
"Sales",284815,"Uehara","Munehiro"
"Sales",50369,"Gils","Shmuel"
"Sales",475880,"Tetzlaff","Szabolcs"
"Sales",479687,"Baak","Odysseas"
"Sales",479700,"Munck","Barun"
"Sales",258521,"Pintelas","Felicidad"
"Sales",479722,"Fioravanti","Masanao"
"Sales",475866,"Lunt","Akemi"
"Sales",480350,"Kalloufi","Zijian"
"Sales",50375,"Kampfer","Tiina"
"Sales",258331,"Neiman","Chuanti"
"Sales",447766,"Takkinen","Goetz"
"Sales",475823,"Brender","Hugh"
"Sales",67894,"Randi","Qingxiang"
"Sales",50379,"Bernatsky","Kien"
"Sales",213467,"Molenkamp","Turgut"
"Sales",50397,"Chenoweth","Akemi"
"Sales",475786,"Stenning","Angus"
"Sales",284919,"Erev","IEEE"
"Sales",480075,"Hoppenstand","Becky"
"Sales",475666,"Veevers","Kazuhiko"
"Sales",103089,"Aseltine","Huiqun"
"Sales",480118,"Chinin","Monique"
"Sales",480123,"Dechter","Luise"
"Sales",475476,"Bennis","Jahangir"
"Sales",50497,"Yetim","Zsolt"
"Sales",480144,"Grospietsch","Akemi"
"Sales",480153,"Restivo","Yuriy"
"Sales",475384,"Domenig","Kiyokazu"
"Sales",49755,"Benantar","Xiaobin"
"Sales",258278,"Zuberek","Amstein"
"Sales",480184,"Bernatsky","Maya"
"Sales",447810,"Reeker","Angel"
"Sales",480233,"Roison","Hironobu"
"Sales",284975,"Birge","Shay"
"Sales",480249,"Ermel","Qiwen"
"Sales",447837,"Birge","Mechthild"
"Sales",475342,"Gelosh","Arif"
"Sales",475333,"Fasbender","Marie"
"Sales",475141,"Eppinger","Anyuan"
"Sales",213415,"Mahmud","Baziley"
"Sales",285001,"Coney","Mori"
"Sales",475134,"Bahk","Uriel"
"Sales",475128,"Fabrizio","Marjo"
"Sales",475106,"Eterovic","Augustine"
"Sales",258204,"Maliniak","Utz"
"Sales",475048,"Anger","Sumant"
"Sales",475047,"Garnier","Nahid"
"Sales",480667,"Breugel","Eishiro"
"Sales",285045,"Schrift","Bouchung"
"Sales",475046,"Nyrup","Yunming"
"Sales",103097,"Rodham","Raimond"
"Sales",285070,"Schaap","Juyoung"
"Sales",475040,"Ressouche","Tesuya"
"Sales",480938,"Waeselynck","Tze"
"Sales",285094,"Orlowska","Toshimitsu"
"Sales",480987,"Constantine","Perry"
"Sales",480992,"Shimshoni","Krister"
"Sales",474798,"Gide","Chiranjit"
"Sales",481231,"Conry","Mahendra"
"Sales",50713,"Badache","Stevo"
"Sales",474731,"Swist","Fusako"
"Sales",258177,"Conta","Vasilii"
"Sales",474456,"Heydon","Martine"
"Sales",474448,"Tchuente","Mechthild"
"Sales",463251,"Range","Hatim"
"Sales",463257,"Wossner","Tomoyuki"
"Sales",13345,"Basart","Hatsukazu"
"Sales",49735,"Rodham","Sachio"
"Sales",481618,"Szilard","Xiaoshan"
"Sales",481628,"Stiles","Howell"
"Sales",285156,"Ruemmler","Otilia"
"Sales",474418,"Lueh","Jovan"
"Sales",481847,"Saoudi","Kiyotoshi"
"Sales",258135,"Figueira","Gian"
"Sales",258124,"Zolotykh","Mariusz"
"Sales",481915,"Chelton","Syozo"
"Sales",448062,"Penn","Reuven"
"Sales",474353,"Zizka","Kannan"
"Sales",64872,"Thibadeau","Dayanand"
"Sales",452015,"Showalter","Kensyu"
"Sales",481979,"Einsfeld","Kersti"
"Sales",481985,"Vakili","Constantine"
"Sales",49717,"Broder","Rasiah"
"Sales",482007,"Schrooten","Satyanarayana"
"Sales",480370,"Bael","Gretta"
"Sales",473803,"Olivero","Nobuyoshi"
"Sales",473783,"Marchegay","Steve"
"Sales",482042,"Luce","Shan"
"Sales",482051,"Tsukuda","Shalesh"
"Sales",473745,"Pillow","Poornachandra"
"Sales",473715,"Bultermann","Kwangho"
"Sales",23656,"Kawashimo","Xiaoheng"
"Sales",482109,"Angot","Arfst"
"Sales",482111,"Luce","Goo"
"Sales",49682,"Murtha","Toshimori"
"Sales",482116,"Azulay","Reuven"
"Sales",473696,"Skafidas","Conal"
"Sales",482136,"Tibblin","Jayson"
"Sales",482143,"Krychniak","Zhiguo"
"Sales",285267,"Vingron","Qunsheng"
"Sales",473695,"Lally","Stamatina"
"Sales",482174,"Minakawa","Feiyu"
"Sales",482227,"Billawala","Lucien"
"Sales",482236,"Peyn","Niranjan"
"Sales",285282,"Baig","Nikolaos"
"Sales",482276,"Pargas","Chanjung"
"Sales",482288,"Akazan","Billur"
"Sales",257936,"Gewali","Adil"
"Sales",473653,"Chinen","Hironoby"
"Sales",485604,"Tagansky","Shem"
"Sales",482356,"Decaestecker","Bikash"
"Sales",482378,"Schiper","Hilari"
"Sales",285375,"Dayana","Satyanarayana"
"Sales",285391,"Erva","Chikako"
"Sales",285393,"Kaelbling","Carrsten"
"Sales",482433,"Leppanen","Koichi"
"Sales",49655,"Luff","Mart"
"Sales",482437,"Bernick","Gererd"
"Sales",482439,"Pesch","Lene"
"Sales",257894,"Stroustrup","Paloma"
"Sales",448132,"Chiola","Herbert"
"Sales",482493,"VanScheik","Lalit"
"Sales",473431,"Cools","Achilleas"
"Sales",482714,"Ananiadou","Fumino"
"Sales",106385,"Rothe","Gunilla"
"Sales",482754,"Randi","Vishu"
"Sales",285481,"Jiang","Licheng"
"Sales",482824,"Danlos","Mani"
"Sales",473355,"Taneja","Toshimi"
"Sales",473347,"Bahk","Mabo"
"Sales",482877,"Shumilov","Yurij"
"Sales",482879,"Yurek","Khalid"
"Sales",50832,"Hanabata","Parto"
"Sales",482882,"Nitsche","Kasidit"
"Sales",473328,"Spieker","Adil"
"Sales",482894,"Takanami","Greger"
"Sales",482927,"Fraisse","Vasiliy"
"Sales",285517,"Swab","Naftaly"
"Sales",285520,"Atchley","Maja"
"Sales",448165,"Schwaller","Anyuan"
"Sales",483045,"Covnot","Hironobu"
"Sales",472394,"Busillo","Wonhee"
"Sales",483050,"Ossenbruggen","Kwangjo"
"Sales",285568,"Sigstam","Fai"
"Sales",472069,"Ciolek","Jixiang"
"Sales",483139,"Marshall","Shaowen"
"Sales",471971,"Daescu","Tooru"
"Sales",471941,"Matzke","Susanna"
"Sales",483159,"Peng","Gopalakrishnan"
"Sales",471927,"Heping","Magy"
"Sales",471925,"Rikino","Hercules"
"Sales",483384,"Varman","Arne"
"Sales",483389,"Schwaller","Adin"
"Sales",471914,"Krohn","Lucien"
"Sales",49560,"McDermid","Adam"
"Sales",285609,"Uludag","Tetsushi"
"Sales",483421,"Rubsam","Nathalie"
"Sales",483427,"Neiman","Tsuneo"
"Sales",471904,"Brender","Youssef"
"Sales",483452,"Serot","Anoosh"
"Sales",485607,"Sommer","Valter"
"Sales",483483,"Shigei","Alper"
"Sales",448200,"Detkin","Takahito"
"Sales",471865,"Bhattacharjee","Fumiya"
"Sales",285637,"Crelier","Surveyors"
"Sales",471840,"Kalafatis","Piyawadee"
"Sales",10455,"Streng","Sverrir"
"Sales",483572,"Stroustrup","Bedrich"
"Sales",257750,"Flasterstein","Denny"
"Sales",471832,"Schwartzburd","Kiyotoshi"
"Sales",285659,"Lorys","Mabhin"
"Sales",96911,"Jeansoulin","Hirochika"
"Sales",51044,"Baer","Sorina"
"Sales",483684,"Jonsson","Eckart"
"Sales",471615,"Halloran","Pranas"
"Sales",483703,"Asmuth","Shushma"
"Sales",23630,"Gadepally","Khaled"
"Sales",471611,"Whitcomb","Hugo"
"Sales",471586,"Cooman","Jeanna"
"Sales",471561,"Rattan","Alper"
"Sales",285708,"Juneja","Abdelkader"
"Sales",448575,"Reutenauer","Rimon"
"Sales",471483,"Ozeki","Janalee"
"Sales",285742,"Mansanne","Subhada"
"Sales",483893,"Cyre","Aamer"
"Sales",471295,"Cronau","Pragnesh"
"Sales",213279,"Brandsma","Shawna"
"Sales",483933,"Bernick","Piyawadee"
"Sales",483935,"Horswill","Moni"
"Sales",483948,"Delgrande","Matk"
"Sales",484014,"Mullainathan","Idoia"
"Sales",470962,"Langford","Shaz"
"Sales",484215,"Akazan","Arco"
"Sales",484246,"Matzat","Poorav"
"Sales",470885,"Harnett","Kasidit"
"Sales",285859,"Gadepally","Jordanka"
"Sales",486561,"Sommen","Jordanka"
"Sales",470878,"Percebois","Ziva"
"Sales",484345,"Staelin","Kagan"
"Sales",484568,"Bahr","Alexius"
"Sales",484574,"Thimonier","Gal"
"Sales",484588,"Panienski","Shaibal"
"Sales",470813,"Zaccaria","Uno"
"Sales",463510,"Uehara","Atreye"
"Sales",470777,"Standera","Ung"
"Sales",49262,"Fairtlough","Willard"
"Sales",257665,"Gide","Keiichiro"
"Sales",484678,"Pelc","Guttorm"
"Sales",484712,"Granlund","Anneke"
"Sales",484743,"Taneja","Conrado"
"Sales",484750,"Feldmann","Hiroyasu"
"Sales",484752,"Cronin","Shuky"
"Sales",470773,"Krichel","Vasilis"
"Sales",23620,"Reeker","Clyde"
"Sales",484761,"Selvestrel","Fumiko"
"Sales",484784,"Schmezko","Nidapan"
"Sales",470761,"Karnin","Hercules"
"Sales",484789,"Imataki","Douadi"
"Sales",484797,"Jeong","Jaewoo"
"Sales",484813,"Emiris","Kousuke"
"Sales",51104,"Iwayama","Goo"
"Sales",51126,"Zirintsis","Gully"
"Sales",470697,"Siksek","Shigenori"
"Sales",470632,"Tchuente","Kwun"
"Sales",51160,"Gustavson","Subbu"
"Sales",213159,"Picco","Arto"
"Sales",470555,"Prenel","Shmuel"
"Sales",49255,"Hofstetter","Khaled"
"Sales",257645,"Peak","Leen"
"Sales",470506,"Buescher","Zita"
"Sales",470494,"Argence","Fabrizio"
"Sales",470418,"Perelgut","Yongdong"
"Sales",49232,"Luiz","Yishai"
"Sales",470413,"Poehlman","Uzi"
"Sales",285988,"Back","Perla"
"Sales",448659,"Wynblatt","Barna"
"Sales",49229,"Madeira","Mamdouh"
"Sales",485870,"Rabehasaina","Muzhong"
"Sales",448681,"Gini","Fayez"
"Sales",485895,"Tyugu","Vincent"
"Sales",485900,"Dengi","Filipp"
"Sales",51369,"Picel","Mariangiola"
"Sales",470359,"Borovoy","Xinan"
"Sales",213140,"Danecki","Tru"
"Sales",470339,"Zucker","Vitaly"
"Sales",485949,"Picci","Berry"
"Sales",470328,"Olivero","Gudjon"
"Sales",470249,"Driscoll","Radhakrishnan"
"Sales",51400,"Luca","KayLiang"
"Sales",480401,"Siegrist","Weidon"
"Sales",286090,"Sewelson","Shaw"
"Sales",49194,"Plesums","Nigel"
"Sales",470206,"Pargas","Katsuo"
"Sales",486065,"Keustermans","Sanjoy"
"Sales",470197,"Gerlach","Parviz"
"Sales",486083,"Rosenbaum","Morrie"
"Sales",470177,"Stavenow","Udi"
"Sales",486168,"Roison","Suvo"
"Sales",486185,"Hettesheimer","Tadahiro"
"Sales",486198,"Danner","Jaroslava"
"Sales",470165,"Asrin","Masamitsu"
"Sales",486225,"Asser","Rosita"
"Sales",51441,"Kobara","Jovan"
"Sales",486241,"Dulin","Candida"
"Sales",486252,"Cichocki","Bowen"
"Sales",51448,"Pargas","Yoshinari"
"Sales",23592,"Templeman","Marek"
"Sales",470115,"Raney","Dinkar"
"Sales",486313,"Hofstetter","Ramya"
"Sales",470105,"Sichman","Shuichi"
"Sales",486350,"Ramsay","Jaana"
"Sales",71336,"Ambroszkiewicz","Parviz"
"Sales",470086,"Marzano","Shao"
"Sales",51465,"Cappello","Ferdinand"
"Sales",486898,"Backhouse","Giordano"
"Sales",486907,"Boyle","Roded"
"Sales",286149,"Munke","Ulf"
"Sales",286150,"Bail","Shaunak"
"Sales",286155,"Waschkowski","Baoqiu"
"Sales",470019,"Negoita","Kensei"
"Sales",487010,"Perfilyeva","Jianwen"
"Sales",487031,"Prochazka","Ger"
"Sales",286178,"Morrow","Urs"
"Sales",487221,"Wolniewicz","Goo"
"Sales",487247,"Luef","Heeju"
"Sales",470017,"Swift","Nidapan"
"Sales",286202,"Giveon","Shichao"
"Sales",487286,"Copas","Insup"
"Sales",487289,"Liedekerke","Lidong"
"Sales",48870,"Zallocco","Luigi"
"Sales",487335,"Boudaillier","Ayakannu"
"Sales",487355,"Stille","Mani"
"Sales",487362,"Pouyioutas","Yongmin"
"Sales",487365,"Penttonen","Navid"
"Sales",485618,"Riexinger","Urs"
"Sales",257489,"Schade","Leah"
"Sales",448930,"Ghandeharizadeh","Vasilis"
"Sales",487895,"Guardalben","Adhemar"
"Sales",487896,"Smeets","Giri"
"Sales",487918,"Ishibashi","Tsuneo"
"Sales",487923,"Kumaresan","Armond"
"Sales",286282,"Ghazalie","Oksana"
"Sales",286285,"Demir","Adly"
"Sales",257443,"Prenel","Shin"
"Sales",23579,"Brender","Mahmut"
"Sales",469905,"Lamparter","Marc"
"Sales",469899,"Streng","Make"
"Sales",488210,"Luders","Laurentiu"
"Sales",48853,"Vecchio","Danae"
"Sales",286369,"Chaudhuri","Sangeeta"
"Sales",469898,"Mandelberg","Chinya"
"Sales",213091,"Conde","Ashish"
"Sales",488295,"Kavraki","Brigham"
"Sales",469889,"Smailagic","Sajjan"
"Sales",257399,"Haldar","Ult"
"Sales",469874,"Brodie","Ute"
"Sales",257380,"Tagansky","Chriss"
"Sales",488707,"Remmers","Mihalis"
"Sales",469702,"Copas","Kiyokazu"
"Sales",469691,"Puppe","Nidapan"
"Sales",286394,"Granlund","Doowon"
"Sales",488794,"Serdy","Bodo"
"Sales",488798,"Ozery","Arlette"
"Sales",488800,"Schieder","Foong"
"Sales",257337,"Kieras","Baziley"
"Sales",469655,"Dymetman","Fay"
"Sales",469651,"Ananiadou","Gaetan"
"Sales",469609,"Milicic","Mana"
"Sales",23550,"Huttel","Mabhin"
"Sales",286417,"Hooghiemstra","Weiwu"
"Sales",286430,"Delgrande","Zijian"
"Sales",469562,"Menyhert","Makato"
"Sales",489063,"Penn","Jianhui"
"Sales",257314,"Ghalwash","Georgi"
"Sales",257308,"Mikschl","Janalee"
"Sales",469537,"Vidya","Yahiko"
"Sales",489091,"Levergood","Frederique"
"Sales",489143,"Piancastelli","Narain"
"Sales",489156,"Munch","Baocai"
"Sales",489175,"Bahi","Yucai"
"Sales",51537,"Smeets","Radhakrishnan"
"Sales",51555,"Brizzi","Takanari"
"Sales",469469,"Swen","Alper"
"Sales",48607,"Mikschl","Phuoc"
"Sales",68149,"Birsak","Candida"
"Sales",257305,"Validov","Vidar"
"Sales",469428,"Melter","Bowen"
"Sales",448998,"Bhattacharjee","Otilia"
"Sales",489457,"Orlowski","Yuuichi"
"Sales",23545,"Danley","Shim"
"Sales",257282,"Trogemann","Sivanarayana"
"Sales",469368,"Curless","Bikash"
"Sales",489721,"Herber","Murthy"
"Sales",51590,"Sudbeck","Ung"
"Sales",489765,"Kruskal","Suzette"
"Sales",286653,"Bugrara","Poorav"
"Sales",489797,"Schicker","Rimon"
"Sales",469201,"Nooteboom","Yechezkel"
"Sales",23505,"Muchinsky","Yunming"
"Sales",286673,"Ertl","Arunas"
"Sales",286682,"Takkinen","Ranga"
"Sales",469098,"Encarnacion","Mohamadou"
"Sales",469091,"Baek","Karlis"
"Sales",469085,"Alblas","Steen"
"Sales",65096,"Stasinski","Navid"
"Sales",490507,"Heusch","Junichi"
"Sales",286721,"Melton","Dzung"
"Sales",469061,"Shobatake","Xumin"
"Sales",48313,"Alameldin","Fox"
"Sales",490784,"Baumann","Soenke"
"Sales",286757,"Asrin","Janche"
"Sales",449019,"Busillo","Samphel"
"Sales",490832,"Detkin","Sanjai"
"Sales",449021,"Lambe","Trygve"
"Sales",490868,"Bach","Yinghua"
"Sales",469025,"Zockler","Achilleas"
"Sales",212959,"Zeidenstein","Xinglin"
"Sales",202152,"Manderick","Yuqun"
"Sales",491080,"Jullig","Szabolcs"
"Sales",450906,"Papastamatiou","Shimshon"
"Sales",286797,"Herber","Claude"
"Sales",449217,"Lalonde","Akeno"
"Sales",491130,"Speek","Sven"
"Sales",469003,"Puppo","Boaz"
"Sales",491202,"Worfolk","Froduald"
"Sales",491213,"Angot","Shaowei"
"Sales",491215,"Bruckman","Fumiyo"
"Sales",468918,"Felcyn","Douadi"
"Sales",468904,"Wossner","Emdad"
"Sales",468897,"Bottner","Mariangiola"
"Sales",491277,"Luca","Tetsushi"
"Sales",468882,"Bade","Serge"
"Sales",468863,"Zucker","Weiye"
"Sales",257225,"Lanteri","Yuping"
"Sales",480449,"Potthoff","Atreye"
"Sales",491336,"Berztiss","Tsz"
"Sales",491345,"Rosar","Chaosheng"
"Sales",468840,"Nitsch","Sarita"
"Sales",65101,"Bakhtari","Aloke"
"Sales",462902,"Sommer","Shugo"
"Sales",65104,"Jullig","Masaki"
"Sales",257197,"Sambasivam","Kagan"
"Sales",51853,"Pleszkun","Aloke"
"Sales",468817,"Dusink","Bartek"
"Sales",494602,"Beeson","Mayuko"
"Sales",48230,"Motley","Fusako"
"Sales",494629,"Nergos","Uwe"
"Sales",468759,"Berendt","Tesuro"
"Sales",494663,"Erev","Shen"
"Sales",494666,"Vieri","Shir"
"Sales",494679,"Mitchem","Vishwani"
"Sales",465432,"Coombs","Xianlong"
"Sales",468713,"Gide","Tomofumi"
"Sales",450236,"Pezzoli","Bilhanan"
"Sales",103133,"Ullian","Marsja"
"Sales",494733,"Suppi","Udi"
"Sales",465436,"Copas","Basem"
"Sales",494909,"Liedekerke","Genta"
"Sales",287016,"Fordan","Ute"
"Sales",468711,"Molenaar","Jianhui"
"Sales",494941,"Perz","Marsja"
"Sales",494955,"Nitta","Rosella"
"Sales",212819,"Kalsbeek","Feipei"
"Sales",468667,"Cappelli","Shem"
"Sales",468639,"Vecchi","Magdalena"
"Sales",495031,"Cunliffe","Gro"
"Sales",257168,"Krybus","Masasuke"
"Sales",495038,"Rotem","Amalendu"
"Sales",287071,"Breugel","Zito"
"Sales",449299,"McAffer","Charlene"
"Sales",468628,"Lorcy","Herbert"
"Sales",23472,"Naumovich","Shahaf"
"Sales",257154,"Vrecion","Kazuhiro"
"Sales",495318,"Kornatzky","Reinhard"
"Sales",257135,"Tsunoo","Georgi"
"Sales",486571,"Teitelbaum","Shooichi"
"Sales",497272,"Kakkad","Harngdar"
"Sales",257130,"Remmers","Shiv"
"Sales",497282,"Pell","Werner"
"Sales",468521,"Benantar","Gita"
"Sales",287177,"Nergos","Yuichiro"
"Sales",497388,"Salinas","Evgueni"
"Sales",468438,"Ramsey","Patricia"
"Sales",497405,"Clouatre","Xinyu"
"Sales",468414,"Deyuan","Nikolaos"
"Sales",497598,"Chappelet","Zdislav"
"Sales",468322,"Denny","Xiaopeng"
"Sales",497620,"Sichman","Goh"
"Sales",497638,"Chachaty","Kinh"
"Sales",51882,"Beidas","Bingning"
"Sales",23465,"Walstra","Martien"
"Sales",497740,"Cardazo","Aemilian"
"Sales",23459,"Varker","Gretta"
"Sales",468304,"Sherertz","Marl"
"Sales",497811,"Vickson","Sajjad"
"Sales",71329,"Erdmenger","Eirik"
"Sales",13292,"Alpin","Bokyung"
"Sales",497857,"Michaeli","Brigham"
"Sales",497876,"Kavanagh","Moni"
"Sales",11557,"Pesch","Candido"
"Sales",498126,"Standera","Cathie"
"Sales",449361,"Hutter","Wayne"
"Sales",47919,"Sichman","Subhash"
"Sales",498171,"Rijckaert","Mohan"
"Sales",498205,"Kalloufi","Persi"
"Sales",468172,"Zolotykh","Kinh"
"Sales",449371,"Krogh","Vugranam"
"Sales",462843,"Rindone","Chiradeep"
"Sales",287265,"Mersereau","Saeed"
"Sales",47886,"Reeker","TRUE"
"Sales",468014,"Dalphin","Sarita"
"Sales",498483,"Gornas","Sivanarayana"
"Sales",23454,"Felcyn","Heejo"
"Sales",287272,"Denny","Dmitry"
"Sales",257024,"Parhami","Kwee"
"Sales",287274,"Stamatiou","Marek"
"Sales",449386,"Montemayor","Kwan"
"Sales",468011,"Chiodo","Niclas"
"Sales",498567,"Brookner","Nimmagadda"
"Sales",23447,"Nyrup","Gaurav"
"Sales",467970,"Kuzuoka","Utz"
"Sales",470996,"Marsiglia","Wilmer"
"Sales",467946,"Baar","Randi"
"Sales",287301,"Jansch","Dinkar"
"Sales",498835,"Fandrianto","Zhonghui"
"Sales",498840,"Muhling","Sudharsan"
"Sales",498841,"Akaboshi","Dhritiman"
"Sales",498848,"Kawashima","Macha"
"Sales",256957,"Reeken","Tze"
"Sales",467932,"Bernini","Larisa"
"Sales",287330,"Belinskaya","Houman"
"Sales",10228,"Cesareni","Karoline"
"Sales",10248,"Tempesti","Frederique"
"Sales",467876,"Mondadori","Zeydy"
"Sales",467865,"Bodoff","Bedir"
"Sales",10302,"Baer","Faiza"
"Sales",10314,"Apsitis","Christfried"
"Sales",10320,"Stasinski","Uinam"
"Sales",10321,"Ravishankar","Guenter"
"Sales",256866,"Marshall","Yolla"
"Sales",480688,"Luan","Aimee"
"Sales",10914,"Prochazka","Mizuhito"
"Sales",51926,"Ghandeharizadeh","Mohammad"
"Sales",10959,"Vigier","Kerryn"
"Sales",74683,"Clouatre","Takanari"
"Sales",10977,"Murrill","Toong"
"Sales",467793,"Cooley","Candido"
"Sales",287354,"Brender","Steve"
"Sales",11205,"Ebeling","Tayeb"
"Sales",97032,"Meriste","Froduald"
"Sales",11237,"Salinas","Brendon"
"Sales",11248,"Tsukuda","Uinam"
"Sales",467787,"Ferriere","Xiaoqiang"
"Sales",467782,"Berztiss","Hideyuki"
"Sales",212714,"Akiyama","Dipayan"
"Sales",74728,"Jarecki","Gurbir"
"Sales",11318,"Unno","Gopalakrishnan"
"Sales",467771,"Schaad","Breannda"
"Sales",107278,"Tibblin","Sachar"
"Sales",287430,"Wolniewicz","Mabo"
"Sales",11359,"Jayawardene","Subhrajyoti"
"Sales",287456,"Jansch","Heejo"
"Sales",256781,"Pezzoli","Taizo"
"Sales",467669,"Foong","Godehard"
"Sales",11427,"Iisaka","Haldun"
"Sales",467665,"Lamma","Gio"
"Sales",467662,"Lorcy","Luigi"
"Sales",467658,"Serdy","Armond"
"Sales",11495,"Barriga","Shin"
"Sales",467639,"Rullman","Tiina"
"Sales",11680,"Iwayama","Aral"
"Sales",74750,"Alencar","Tsutomu"
"Sales",462839,"Ariola","Huan"
"Sales",467571,"Erni","Mohua"
"Sales",287470,"McFarlin","Jayson"
"Sales",11753,"Nishimukai","Fayez"
"Sales",97236,"Muchinsky","Reinhard"
"Sales",212705,"Rothe","Mori"
"Sales",11773,"Lorys","Naftaly"
"Sales",467490,"Nannarelli","Salvador"
"Sales",256742,"Goodrum","Baoqiu"
"Sales",256720,"Mattern","Arumugam"
"Sales",11801,"Dayang","Tommaso"
"Sales",256703,"Liedekerke","Shahab"
"Sales",51971,"Fairtlough","Luigi"
"Sales",71328,"Masada","Alagu"
"Sales",287547,"Schapiro","Danae"
"Sales",47583,"Willoner","Douadi"
"Sales",467372,"Lemarechal","Gian"
"Sales",212693,"Valette","Serge"
"Sales",256148,"Peltason","Feixiong"
"Sales",12460,"Gerlach","Jingling"
"Sales",12497,"Penz","Stein"
"Sales",467295,"Ramaiah","Jolita"
"Sales",12685,"Openshaw","Siamak"
"Sales",449433,"Bakhtari","Lansing"
"Sales",12724,"Lammel","Parke"
"Sales",256144,"Wrigley","Phuoc"
"Sales",467249,"Jumpertz","Manton"
"Sales",467239,"Brobst","Danco"
"Sales",467235,"Zeilberger","Serge"
"Sales",51984,"Condotta","Persi"
"Sales",467189,"Akiyama","Ingmar"
"Sales",12798,"Beeson","Lillian"
"Sales",467137,"Suermann","Ute"
"Sales",12845,"Baar","Florian"
"Sales",13037,"Schaad","Alagu"
"Sales",13043,"Kobuchi","Keiichiro"
"Sales",13075,"Morrin","Rosella"
"Sales",287624,"Ambroszkiewicz","Francesca"
"Sales",467123,"Jakobus","Avishai"
"Sales",287833,"Yurek","Ohad"
"Sales",467121,"Gimarc","Irena"
"Sales",23407,"Ramsey","Maha"
"Sales",256106,"Vickson","Inderjeet"
"Sales",467064,"Merle","Jeanna"
"Sales",13176,"Thiria","Pranas"
"Sales",13564,"Manderick","Jongsuk"
"Sales",201910,"Streng","Heather"
"Sales",13588,"Dahlbom","Xuejia"
"Sales",65134,"Schlegelmilch","Theirry"
"Sales",467025,"Nyanchama","Premal"
"Sales",466968,"Kitai","Lene"
"Sales",13676,"Avouris","Gadiel"
"Sales",13692,"Kisuki","Yongdong"
"Sales",466955,"Besancenot","Yucai"
"Sales",466904,"Bauknecht","Giap"
"Sales",13715,"Range","Licheng"
"Sales",466888,"Trogemann","Zhilian"
"Sales",466880,"Krybus","Shahar"
"Sales",13764,"Usery","Demin"
"Sales",11515,"Basawa","Ulf"
"Sales",13784,"Ranst","Surveyors"
"Sales",13801,"Mayerwieser","Shih"
"Sales",13808,"Stentiford","Becky"
"Sales",471049,"Azumi","Kitty"
"Sales",466793,"Wuwongse","Jongsuk"
"Sales",14025,"Takanami","Stevo"
"Sales",14065,"Stanger","Bikash"
"Sales",256068,"Jumpertz","Aran"
"Sales",287953,"Hambrick","Nalini"
"Sales",14081,"Fontet","Alain"
"Sales",466783,"Erdi","Mack"
"Sales",256034,"Hooghiemstra","Prodip"
"Sales",466779,"Pintelas","Garnet"
"Sales",52191,"Takanami","Chiranjit"
"Sales",14122,"Erde","Masato"
"Sales",47479,"Anguita","Mats"
"Sales",14156,"Kading","Emdad"
"Sales",462807,"Ratnaker","Hauke"
"Sales",466740,"Feldhoffer","Oddvar"
"Sales",288006,"Sundgren","Miyeon"
"Sales",74859,"Eastman","Dmitri"
"Sales",14429,"Koblick","Marek"
"Sales",256021,"Gammage","Fay"
"Sales",466714,"Luft","Akhilish"
"Sales",14454,"Ananiadou","Gita"
"Sales",466674,"Whittlesey","Kazuhisa"
"Sales",52201,"Schrooten","Kerryn"
"Sales",288071,"Shanbhogue","Supot"
"Sales",466626,"Benzaken","Tsutomu"
"Sales",466619,"Fordan","Mansur"
"Sales",47456,"Katzenelson","Tristan"
"Sales",466618,"Kavanagh","Pascal"
"Sales",288073,"Kroha","Adam"
"Sales",14544,"Janetzko","Licheng"
"Sales",14551,"Sinitsyn","Richard"
"Sales",14553,"Selvestrel","Uri"
"Sales",23390,"Baalen","Isamu"
"Sales",466563,"Bernini","Fay"
"Sales",52262,"Melter","Leni"
"Sales",14621,"Wixon","Souichi"
"Sales",14639,"Hempstead","Arvind"
"Sales",14644,"Oxman","Yefim"
"Sales",255935,"Polajnar","Takushi"
"Sales",14658,"Morton","Mohd"
"Sales",255906,"Mandell","Hideyuki"
"Sales",466545,"Krybus","Kwangjo"
"Sales",255887,"Zockler","Theron"
"Sales",14889,"Solovay","Subhash"
"Sales",14891,"Smeets","Lalit"
"Sales",288207,"Sigstam","Hidekazu"
"Sales",466457,"Isaac","Odoardo"
"Sales",74898,"Paludetto","Matt"
"Sales",14966,"Underwood","Zhanqiu"
"Sales",14969,"Himler","Hongzue"
"Sales",288233,"Demian","Marsja"
"Sales",14985,"Syang","Almudena"
"Sales",52290,"Baca","Arif"
"Sales",15006,"Cools","Miquel"
"Sales",15023,"Dredge","Sumant"
"Sales",466355,"Waymire","Aria"
"Sales",462779,"Junot","JoAnna"
"Sales",288258,"Porenta","Huican"
"Sales",15064,"Comyn","Wilmer"
"Sales",288282,"Luby","Leen"
"Sales",15113,"Giaccio","Zhiguo"
"Sales",288307,"Renear","Vitaly"
"Sales",255867,"Welham","Kwun"
"Sales",466351,"Diderrich","Manohar"
"Sales",288332,"Douceur","Sibyl"
"Sales",466283,"Narwekar","Aemilian"
"Sales",466275,"Denis","Gor"
"Sales",15369,"Penttonen","Premal"
"Sales",15382,"Siegrist","Alassane"
"Sales",201885,"Tsukuda","Heng"
"Sales",212591,"Ravishankar","Sigeru"
"Sales",255835,"Henders","Insup"
"Sales",288357,"Jeong","Shih"
"Sales",471116,"Rodite","Remco"
"Sales",15474,"Plumb","Gilbert"
"Sales",466209,"Fujisaki","Chikako"
"Sales",15529,"Joslin","Jacopo"
"Sales",466186,"Redmiles","Alenka"
"Sales",15539,"Spieker","Shigeichiro"
"Sales",466146,"Uludag","Sven"
"Sales",15583,"Denny","Kasidit"
"Sales",288376,"Stavenow","Nechama"
"Sales",288378,"Dayana","Toshimori"
"Sales",466089,"Henseler","Udo"
"Sales",15652,"Sundgren","Tokuyasu"
"Sales",288398,"Schiper","Hitofumi"
"Sales",466056,"Syrzycki","Babette"
"Sales",466034,"Lovengreen","Saniya"
"Sales",466026,"Genther","Satoru"
"Sales",465976,"Lichtman","Niclas"
"Sales",465963,"Camarinopoulos","Stevo"
"Sales",288400,"Haraldson","Arvin"
"Sales",15921,"Manderick","Ziyad"
"Sales",465921,"Tramer","Shuky"
"Sales",52538,"Thebaut","Garnet"
"Sales",465845,"Chinin","Adly"
"Sales",15958,"Vidya","Fumino"
"Sales",288409,"Spell","Jaana"
"Sales",47135,"Rosca","Ohad"
"Sales",288426,"Erez","Golgen"
"Sales",255786,"Birta","Giordano"
"Sales",288435,"Speek","Idoia"
"Sales",465828,"Perfilyeva","Saeed"
"Sales",465823,"Panangaden","Shaw"
"Sales",16034,"Conta","Pramod"
"Sales",75142,"Speckmann","Uwe"
"Sales",465783,"Tchuente","Constantino"
"Sales",255785,"Ernst","Maik"
"Sales",255781,"Coors","Sanjoy"
"Sales",288478,"Uchoa","Jiong"
"Sales",16149,"Luit","Ennio"
"Sales",47115,"Rijsenbrij","Richara"
"Sales",16364,"Gini","Yifei"
"Sales",16375,"Begiun","Zvonko"
"Sales",288483,"Azulay","Kensyu"
"Sales",465770,"Nicolson","Toshimori"
"Sales",16424,"Sanella","Sajjan"
"Sales",255753,"Ramaiah","Ugo"
"Sales",47056,"Marciano","Parto"
"Sales",16538,"Perng","Radhakrishnan"
"Sales",16564,"Rusterholz","Xiaopeng"
"Sales",465612,"Lichtman","Tzu"
"Sales",16584,"Einsfeld","Toney"
"Sales",465585,"Gelosh","Margareta"
"Sales",65136,"Undy","Terresa"
"Sales",465547,"Alpin","Bernice"
"Sales",47048,"Cooke","Ziva"
"Sales",16667,"Bazzichi","Munehiko"
"Sales",465475,"Maquelin","Adam"
"Sales",288539,"Wynblatt","Martien"
"Sales",16866,"Ratnakar","Toney"
"Sales",465463,"Vasanthakumar","Pranav"
"Sales",16886,"Sundgren","Wilmer"
"Sales",52625,"Papastamatiou","Heeju"
"Sales",255717,"Walstra","Hein"
"Sales",16936,"Baar","Vitaly"
"Sales",465251,"Kampfer","Serap"
"Sales",47022,"Terlouw","Mostafa"
"Sales",288578,"Birrer","Boguslaw"
"Sales",17009,"Jansen","Carrsten"
"Sales",17014,"Waterhouse","Sadun"
"Sales",17035,"Eiter","Eldridge"
"Sales",471118,"Fetvedt","Weiwu"
"Sales",69009,"Debuse","Byong"
"Sales",17077,"Quittner","Hironoby"
"Sales",465226,"Rajala","Shigehito"
"Sales",451949,"Conte","Billie"
"Sales",288630,"Bresenham","Magdalena"
"Sales",465206,"Murthy","Shietung"
"Sales",288658,"Halloran","Giordano"
"Sales",465178,"Morris","Rafail"
"Sales",201852,"Luce","Ramya"
"Sales",17245,"Milicia","Neven"
"Sales",17256,"Matteis","Shigeaki"
"Sales",288706,"Ritzmann","Yuuichi"
"Sales",17353,"Shobatake","Shigeo"
"Sales",17377,"Ambroszkiewicz","Kien"
"Sales",465164,"Schmiedel","Martina"
"Sales",255558,"Skafidas","Alair"
"Sales",465090,"Zambonelli","Utpal"
"Sales",465072,"Zambonelli","Masasuke"
"Sales",17513,"Barreiro","Spyrose"
"Sales",465041,"Kabayashi","Tommaso"
"Sales",288793,"Takkinen","Wonhee"
"Sales",11664,"Brizzi","Oksana"
"Sales",212500,"Hammerschmidt","Akemi"
"Sales",289146,"Honglei","Leif"
"Sales",255533,"Picco","Fumitake"
"Sales",17767,"Akazan","Jianwen"
"Sales",464948,"Vesel","Mingsen"
"Sales",97360,"Gill","Mabo"
"Sales",289248,"Loncour","Shushma"
"Sales",17810,"Rousseau","Dinah"
"Sales",52882,"Spelt","Candido"
"Sales",17823,"Acton","Uriel"
"Sales",17829,"Whittlesey","Przemyslawa"
"Sales",17832,"Ermel","Joydip"
"Sales",17854,"Bazelow","Shuho"
"Sales",464861,"Anick","Ashish"
"Sales",97363,"Lundstrom","Fay"
"Sales",290331,"Radhakrishnan","Huei"
"Sales",18058,"Brobst","Naraig"
"Sales",18135,"Bahl","Hugh"
"Sales",290371,"Kandlur","Woody"
"Sales",255457,"Heyers","Anwar"
"Sales",18180,"Murtafg","Adam"
"Sales",464761,"Luga","Juyoung"
"Sales",18557,"Rikino","Kwangsub"
"Sales",464739,"Fiutem","Chinya"
"Sales",464611,"Narwekar","Ebbe"
"Sales",75463,"Linnainmaa","Tianruo"
"Sales",464578,"Peris","Christfried"
"Sales",18659,"Portugali","Michaela"
"Sales",18679,"Lambe","Roded"
"Sales",464577,"Merel","Yolla"
"Sales",464548,"Gulik","Demin"
"Sales",18697,"Katalagarianos","Oddvar"
"Sales",74063,"Hashii","Breannda"
"Sales",75468,"Armand","Marco"
"Sales",18931,"Simmel","Tzvetan"
"Sales",464455,"Chaudhury","Rafols"
"Sales",18951,"Babu","IEEE"
"Sales",201834,"Showalter","Muneo"
"Sales",464399,"Peyn","Kazuhiro"
"Sales",212498,"Fairtlough","Pranav"
"Sales",19026,"Arlazarov","Zhongwei"
"Sales",464390,"Feinberg","Jinpo"
"Sales",46683,"Wynblatt","Ger"
"Sales",52935,"Babb","Ung"
"Sales",290434,"Ferriere","Mohan"
"Sales",464325,"Worfolk","Kshitij"
"Sales",19226,"Rouquie","Jaques"
"Sales",75492,"Leslie","Mokhtar"
"Sales",19243,"Vitiello","Chenyi"
"Sales",464317,"Talmon","Shigehito"
"Sales",464302,"Solares","Bluma"
"Sales",23260,"Bolotov","Takahito"
"Sales",75494,"Hinsberger","Murthy"
"Sales",19318,"Halevi","Xianlong"
"Sales",74020,"Nivat","Sasan"
"Sales",464284,"Henders","Huiqun"
"Sales",464251,"Quadeer","Marin"
"Sales",46662,"Ernst","Uwe"
"Sales",255456,"Tibblin","Aleksandar"
"Sales",464242,"Androutsos","Gen"
"Sales",19634,"Etalle","Phuoc"
"Sales",464204,"Bruckman","Manu"
"Sales",75503,"Unno","Shin"
"Sales",19662,"Mundy","Kagan"
"Sales",52987,"Erez","Ronghao"
"Sales",19888,"Etalle","Rance"
"Sales",486856,"Broomell","Zhigen"
"Sales",19898,"Aamodt","Vidar"
"Sales",290737,"Colorni","Abdulah"
"Sales",19955,"Conry","IEEE"
"Sales",462663,"Schaar","Mong"
"Sales",464100,"Rahimi","Kyoichi"
"Sales",19979,"Schwartzbauer","Nahum"
"Sales",464056,"Denos","Cheong"
"Sales",46422,"Ulupinar","Satyanarayana"
"Sales",20062,"Heuser","Uinam"
"Sales",20077,"Benveniste","Kristen"
"Sales",20092,"Smailagic","Unal"
"Sales",464022,"Beznosov","Bartek"
"Sales",464003,"Irland","Otilia"
"Sales",463995,"Wrigley","Chiranjit"
"Sales",292155,"Siegrist","Oksana"
"Sales",20178,"Szilard","Subir"
"Sales",20211,"Sadowsky","Idoia"
"Sales",292181,"Sichman","Jingling"
"Sales",463827,"Quittner","Khalid"
"Sales",20278,"Hartvigsen","Zhiwei"
"Sales",255426,"Kulisch","Cristinel"
"Sales",20290,"Jayawardene","Ashish"
"Sales",463823,"Kieras","Falguni"
"Sales",463782,"Braccini","Teiji"
"Sales",292189,"Ponthieu","Kristinn"
"Sales",53225,"Sidou","Deniz"
"Sales",11164,"Limongiello","Alain"
"Sales",20352,"Osgood","Zito"
"Sales",201818,"Kulisch","Zhonghui"
"Sales",20372,"Vuskovic","Danny"
"Sales",255392,"Sommen","Munehiro"
"Sales",471396,"Itschner","Monique"
"Sales",463649,"Picaronny","Leaf"
"Sales",292206,"Segond","Uinam"
"Sales",201790,"Gente","Mary"
"Sales",463646,"Nooteboom","Marie"
"Sales",107267,"Rosti","Roded"
"Sales",255386,"Jeong","Tonia"
"Sales",20495,"Schahn","Nishit"
"Sales",65211,"Hofstetter","TRUE"
"Sales",20519,"Schnelling","Kellie"
"Sales",463425,"Raczkowsky","Denis"
"Sales",255382,"Facello","Zito"
"Sales",463423,"Gimarc","Byong"
"Sales",463421,"Kroha","Zhensheng"
"Sales",463395,"Vanwelkenhuysen","Toshimi"
"Sales",20659,"Orlowski","Ziva"
"Sales",65232,"Luff","Bartek"
"Sales",212431,"Zizka","Jixiang"
"Sales",11671,"Babu","Pranjal"
"Sales",20708,"Arlazarov","Aemilian"
"Sales",20737,"Acton","Oscar"
"Sales",292281,"Bardell","Lakshmi"
"Sales",75533,"Coorg","Tomoyuki"
"Sales",20763,"Shobatake","Garnet"
"Sales",292502,"Przulj","Giao"
"Sales",53237,"Sherertz","Constantijn"
"Sales",11150,"Garigliano","Geraldo"
"Sales",46328,"Trogemann","Wuxu"
"Sales",20844,"Ginneken","Shigehiro"
"Sales",212423,"Demke","Reinhold"
"Sales",212383,"Zeilberger","Mototsugu"
"Sales",462180,"Potthoff","Badri"
"Sales",97403,"Ducloy","JiYoung"
"Sales",46322,"Farrag","Harngdar"
"Sales",46146,"Riesenhuber","Kolar"
"Sales",21080,"Flasterstein","Fen"
"Sales",97408,"Rissanen","Mototsugu"
"Sales",292563,"Mungall","Przemyslawa"
"Sales",53248,"Baaleh","Jordanka"
"Sales",471407,"Peroz","Marsal"
"Sales",462125,"Chelton","Sigeru"
"Sales",75550,"Rodham","Trygve"
"Sales",254817,"Terkki","Lobel"
"Sales",21195,"Krider","Sadegh"
"Sales",254807,"Camarinopoulos","Vidya"
"Sales",461906,"Schwartzburd","Ziya"
"Sales",21385,"Shiratori","Mikhail"
"Sales",46113,"Linares","Lech"
"Sales",21405,"Matteis","Yuguang"
"Sales",46112,"DeMori","Cordelia"
"Sales",461884,"Teitelbaum","Qiwen"
"Sales",292639,"Schicker","Youjian"
"Sales",21473,"Calkin","Youssef"
"Sales",461814,"Giveon","Udaiprakash"
"Sales",21477,"Samarati","Weiyi"
"Sales",461810,"Erdi","Ronghao"
"Sales",461803,"Radwan","Charmane"
"Sales",461802,"Swick","Parviz"
"Sales",21535,"Ramalingam","Filipp"
"Sales",21537,"Mitchem","Boutros"
"Sales",292979,"Janetzko","Zhaofang"
"Sales",254718,"Ladret","Bernd"
"Sales",21899,"Kuzuoka","Gianluca"
"Sales",21909,"Brizzi","Mohammed"
"Sales",21910,"Bolsens","Saeed"
"Sales",461801,"Cooman","Sumali"
"Sales",461778,"Vasanthakumar","Chanjung"
"Sales",254711,"Weedman","Szabolcs"
"Sales",201764,"Collette","Masali"
"Sales",22220,"Ermel","Masami"
"Sales",461731,"Luon","KayLiang"
"Sales",22223,"Openshaw","Inderjeet"
"Sales",46094,"Ramsey","Martien"
"Sales",68210,"Suermann","Tremaine"
"Sales",22278,"Kermarrec","Paris"
"Sales",461703,"Raczkowsky","Toshimi"
"Sales",75592,"Borstler","Gretta"
"Sales",461659,"Murthy","Shushma"
"Sales",461644,"Moehrke","Serenella"
"Sales",293108,"Gien","Lijie"
"Sales",22400,"Magalhaes","Adhemar"
"Sales",22408,"Perko","Heejo"
"Sales",22418,"Chandrasekhar","Xinan"
"Sales",22428,"Douceur","Remzi"
"Sales",22432,"Sichman","Raimond"
"Sales",293115,"Sommen","KayLiang"
"Sales",46071,"Peron","Gretta"
"Sales",75596,"Bierbaum","Ramalingam"
"Sales",22499,"Sichman","Shigehito"
"Sales",461564,"Setiz","Shir"
"Sales",461554,"Rosen","Shigenori"
"Sales",22557,"Luon","Abdulla"
"Sales",461463,"Kaminger","Aron"
"Sales",461437,"Seiwald","Shaibal"
"Sales",11149,"Imataki","Domenico"
"Sales",22607,"Mateescu","Cedric"
"Sales",22609,"Baalen","Zvonko"
"Sales",461254,"Domenig","Chenxi"
"Sales",450363,"Gluchowski","Zita"
"Sales",293355,"Kolvik","Huan"
"Sales",461228,"Rassart","Sven"
"Sales",254464,"Matteis","Kazuhito"
"Sales",46028,"Emmerich","Sakthirel"
"Sales",46027,"Gaughan","Vatsa"
"Sales",22759,"Ghandeharizadeh","Sedat"
"Sales",461175,"Albarhamtoshy","Hitofumi"
"Sales",22783,"Beerel","Takahiro"
"Sales",46013,"Perz","Yongmao"
"Sales",75822,"Dayang","Unal"
"Sales",22843,"Perna","Kwangyoen"
"Sales",212304,"Camarinopoulos","Tzvetan"
"Sales",293393,"Chandrasekhar","Jolita"
"Sales",460993,"Valtorta","Utpal"
"Sales",22914,"Bernick","Mariusz"
"Sales",22934,"Plumb","Parviz"
"Sales",460934,"Xiaoshan","Utpal"
"Sales",293401,"Marsiglia","Seshu"
"Sales",23195,"Ertl","Mark"
"Sales",460582,"Egerstedt","Eric"
"Sales",460577,"Srimani","Brigham"
"Sales",293453,"Ghemri","Gilbert"
"Sales",460558,"Herbst","Shaleah"
"Sales",23020,"Kampfer","Arvind"
"Sales",460549,"Pillow","Boriana"
"Sales",254440,"Veevers","Achilleas"
"Sales",460544,"Koyama","Djenana"
"Sales",24567,"Vitiello","Ute"
"Sales",24587,"Warwick","Elzbieta"
"Sales",460542,"Panienski","Kasturi"
"Sales",45781,"Conti","Erez"
"Sales",460528,"Orlowski","Shahab"
"Sales",45774,"Wrigley","Alassane"
"Sales",460426,"Terekhov","Domenico"
"Sales",24718,"Castellani","Shahar"
"Sales",24721,"Ranze","Bernt"
"Sales",459858,"Swen","Barton"
"Sales",25075,"Clemencon","Lucian"
"Sales",459743,"Weiland","Miyeon"
"Sales",293880,"Kampfer","Piyawadee"
"Sales",459724,"Pero","Lakshmi"
"Sales",25184,"Gente","Roselyn"
"Sales",25204,"Gubsky","Yefim"
"Sales",25211,"Piancastelli","Przemyslawa"
"Sales",459689,"Badache","Krister"
"Sales",25414,"Haraldson","Leandro"
"Sales",25415,"Sommen","Billur"
"Sales",25435,"Milicia","DeForest"
"Sales",294151,"Madeira","Randy"
"Sales",294168,"Basart","Lein"
"Sales",459681,"Braccini","Niteen"
"Sales",294169,"Huxford","Herb"
"Sales",212272,"Munawer","Erzsebet"
"Sales",25523,"Openshaw","Atreye"
"Sales",459642,"Plavsic","Stella"
"Sales",294191,"Rodier","Subbu"
"Sales",53331,"Shobatake","Douadi"
"Sales",294200,"Wilharm","Heeju"
"Sales",459579,"Ermel","Hideyuki"
"Sales",25778,"Speel","Yucai"
"Sales",25780,"Bernick","Zvonko"
"Sales",254344,"Nyrup","Yaghout"
"Sales",75928,"Varley","Limsoon"
"Sales",25869,"Androutsos","Weiyi"
"Sales",53523,"Foote","Nidapan"
"Sales",26403,"Skogmar","Aria"
"Sales",459406,"Melski","Mong"
"Sales",254336,"Danlos","Adin"
"Sales",294234,"Kirkerud","Adam"
"Sales",45141,"Lamba","Shan"
"Sales",26466,"Koblick","Giri"
"Sales",26476,"Karcich","Bilhanan"
"Sales",26488,"Perly","Zdislav"
"Sales",459369,"Slaats","Pradeep"
"Sales",459347,"Baca","Martijn"
"Sales",26536,"Seuren","Premsyl"
"Sales",45138,"Karcich","Miomir"
"Sales",459332,"Luan","Krassimir"
"Sales",53551,"Ranai","Jolita"
"Sales",459326,"Flanders","Mitsuyuki"
"Sales",254102,"Flexer","Raimond"
"Sales",26600,"Staylopatis","Hidekazu"
"Sales",26609,"Badr","Yongmin"
"Sales",294259,"Birke","Saddek"
"Sales",254070,"Marwedel","Kenroku"
"Sales",459270,"Rajaraman","Greger"
"Sales",459265,"Plessier","Oscar"
"Sales",26696,"Hegner","Saniya"
"Sales",26698,"Leuchs","Tayeb"
"Sales",45115,"Weedman","Gay"
"Sales",458882,"Jeong","Troy"
"Sales",296002,"Lores","Manibrata"
"Sales",296006,"Sinicrope","Hitofumi"
"Sales",27132,"Chimia","Hsiangchu"
"Sales",458814,"Falck","Munehiro"
"Sales",296018,"Schach","Ronnie"
"Sales",45112,"Nilsson","Kwangho"
"Sales",27169,"Merel","Yucai"
"Sales",27175,"Picco","Maya"
"Sales",11852,"Yurek","Zhongwei"
"Sales",53581,"Peot","Mabhin"
"Sales",458757,"Cmelik","Cathie"
"Sales",27221,"Rosar","Syozo"
"Sales",45102,"McAlpine","Sugwoo"
"Sales",296042,"Rando","Eberhardt"
"Sales",296046,"Stranks","Tonia"
"Sales",458705,"Iwayama","Aris"
"Sales",458696,"Sherertz","Taisook"
"Sales",27305,"Ertl","Hauke"
"Sales",458686,"Danecki","Adam"
"Sales",27334,"Awdeh","Raimond"
"Sales",458633,"Akiyama","Hausi"
"Sales",97477,"Orsini","Yinlin"
"Sales",471744,"Iisaku","Niteen"
"Sales",45073,"Olivero","Xiadong"
"Sales",212266,"Schwartzburd","Hailing"
"Sales",27456,"Hoppenstand","Danil"
"Sales",296121,"Puppe","Arie"
"Sales",296124,"Swift","Yuriy"
"Sales",27561,"Reistad","Marin"
"Sales",12575,"Merel","Sadok"
"Sales",458583,"Karner","Licheng"
"Sales",458578,"Melski","Christfried"
"Sales",27599,"Schieder","Kensei"
"Sales",212254,"Matzke","Heeju"
"Sales",27622,"Middleton","Poornachandra"
"Sales",201016,"Domenig","Horward"
"Sales",253441,"Terekhov","Aria"
"Sales",27684,"Shimshoni","Geraldo"
"Sales",27686,"Rosiles","Manu"
"Sales",27756,"Suwa","Stevo"
"Sales",27770,"Mukaidono","Kankanahalli"
"Sales",27772,"Salvesen","Shahaf"
"Sales",212238,"Irland","Candido"
"Sales",76142,"Ambroszkiewicz","Nikolaos"
"Sales",76155,"Flexer","Pradeep"
"Sales",458472,"Lyonns","Cordelia"
"Sales",253433,"Ratzlaff","Froduald"
"Sales",458439,"Furudate","Rimli"
"Sales",53679,"Litzkow","Aleksandar"
"Sales",253429,"Gimbel","Takahira"
"Sales",27941,"Kroon","Mohit"
"Sales",27944,"Dahlbom","Supot"
"Sales",27965,"Krohn","Murthy"
"Sales",27976,"Makrucki","Becky"
"Sales",28029,"Crooks","Irena"
"Sales",458387,"Gajiwala","George"
"Sales",28054,"Lamba","Guozhong"
"Sales",458357,"Begiun","Van"
"Sales",97486,"Kroha","Sanjiv"
"Sales",45003,"Pulkowski","Udo"
"Sales",458287,"Hertweck","Adly"
"Sales",28279,"Brickell","Zhenhua"
"Sales",458225,"Kamber","Aiichiro"
"Sales",458219,"Kruskal","Nahid"
"Sales",28337,"Erdmenger","George"
"Sales",44786,"Emiris","Shirish"
"Sales",28369,"Nourani","Ronghao"
"Sales",458082,"Busillo","Marla"
"Sales",486606,"Bazelow","Bluma"
"Sales",296403,"Flowers","Vojin"
"Sales",458025,"Speer","Moti"
"Sales",28633,"Siprelle","Bartek"
"Sales",28653,"Flanders","Pranay"
"Sales",76169,"Ghalwash","Paris"
"Sales",44761,"Itzfeldt","Aiichiro"
"Sales",296411,"Kusakari","Adhemar"
"Sales",28699,"Osgood","Hatsukazu"
"Sales",76174,"Pettey","Souichi"
"Sales",457907,"Osgood","Geoffrey"
"Sales",457867,"Nitta","Masami"
"Sales",29080,"Shumilov","Panayotis"
"Sales",29094,"Schaft","Rildo"
"Sales",471795,"Ritzmann","Bilhanan"
"Sales",29133,"Peck","Rafael"
"Sales",29139,"Merli","Eldridge"
"Sales",457800,"Domenig","Stabislas"
"Sales",29164,"Mitchem","Alagu"
"Sales",29169,"Huxford","Miyeon"
"Sales",65286,"Chorvat","Arup"
"Sales",29213,"Gustavson","Izaskun"
"Sales",296672,"Brodie","Adin"
"Sales",29427,"Matzov","Billur"
"Sales",29451,"Suppi","Tomoyuki"
"Sales",44730,"Keirsey","Haldun"
"Sales",296692,"Siepmann","Kristina"
"Sales",23110,"Holburn","Danny"
"Sales",29752,"Strooper","Basil"
"Sales",457768,"Range","Xiaobin"
"Sales",296715,"Jeong","Noritoshi"
"Sales",296716,"Collette","Dinkar"
"Sales",44700,"Merli","Ziyad"
"Sales",53730,"Wissmann","Feiyu"
"Sales",29807,"Peltason","Kazuhiko"
"Sales",29850,"Junot","Hyuncheol"
"Sales",296735,"Iacovou","Satyanarayana"
"Sales",44686,"Thorelli","Arnould"
"Sales",296736,"Remmers","Holgard"
"Sales",44682,"Boissier","Souichi"
"Sales",296768,"Peot","Nevio"
"Sales",253184,"Riexinger","Mokhtar"
"Sales",30185,"Luef","Marl"
"Sales",30214,"Demir","Patricio"
"Sales",30221,"Gien","Odysseas"
"Sales",30240,"Merks","Berry"
"Sales",105451,"Kisuki","Yuriy"
"Sales",97521,"Egerstedt","Arch"
"Sales",30448,"Brodie","Jacqueline"
"Sales",53748,"Cappelli","Masami"
"Sales",253168,"Luon","Keiichiro"
"Sales",30466,"Giaccio","Sumant"
"Sales",30485,"Cappelletti","Younwoo"
"Sales",53763,"Gischer","Xinglin"
"Sales",462542,"Curless","Venkatesan"
"Sales",30508,"Aloisi","Herbert"
"Sales",253157,"Giveon","Radhia"
"Sales",30517,"Setlzner","Kwangjo"
"Sales",30547,"Linnainmaa","Augustine"
"Sales",296848,"Kermarrec","Jianhua"
"Sales",44646,"Sundgren","Juyoung"
"Sales",457516,"Heyers","Mohd"
"Sales",457511,"Pleszkun","Uinam"
"Sales",296858,"Mellouli","Harngdar"
"Sales",296865,"Baaz","Val"
"Sales",30894,"Turnbull","Kristian"
"Sales",449481,"Eterovic","Sasan"
"Sales",212214,"Bamford","Basim"
"Sales",457234,"Munoz","Tamiya"
"Sales",457195,"Tchuente","Changho"
"Sales",296887,"Weedon","Yakichi"
"Sales",296901,"Ranai","Margo"
"Sales",31159,"Brandsma","Berto"
"Sales",31174,"Kilgour","Bernt"
"Sales",31185,"Sooriamurthi","Vatsa"
"Sales",296913,"Matzov","Arto"
"Sales",457174,"Veldwijk","Masako"
"Sales",296918,"Itzigehl","Sashi"
"Sales",252977,"Solovay","Lobel"
"Sales",31483,"Speel","Constantino"
"Sales",31515,"Viele","Masato"
"Sales",31524,"Biron","Jaewoo"
"Sales",296994,"Kinley","Leah"
"Sales",472186,"Janetzko","Dung"
"Sales",31550,"Crelier","Falguni"
"Sales",456890,"Cools","Cedric"
"Sales",31557,"Kalafatis","Denny"
"Sales",252967,"Foong","Tuval"
"Sales",31764,"Felcyn","Zhigen"
"Sales",252964,"Azuma","Arnould"
"Sales",212188,"Arlazarov","Kiam"
"Sales",31831,"Swiss","Vivian"
"Sales",252917,"Berztiss","Kristinn"
"Sales",53795,"Asmuth","Tadanori"
"Sales",43560,"Boudaillier","Nidapan"
"Sales",43558,"Shiratori","Bikash"
"Sales",456837,"Anily","Magy"
"Sales",32273,"Pashtan","Theirry"
"Sales",297104,"Marrevee","Barun"
"Sales",252888,"Swab","Candido"
"Sales",456791,"Massonet","Taizo"
"Sales",297116,"Stemann","Gianluca"
"Sales",43515,"Deville","Billie"
"Sales",456790,"Chenney","LiMin"
"Sales",252886,"Breugel","Satosi"
"Sales",481089,"Vrecion","Kitty"
"Sales",456752,"Perin","Ulf"
"Sales",252779,"Cromarty","Mokhtar"
"Sales",32618,"Krone","Boalin"
"Sales",43487,"Ducloy","Kristof"
"Sales",76252,"Khamsi","Marco"
"Sales",32633,"Isard","Mokhtar"
"Sales",456718,"Gurbaxani","Arumugam"
"Sales",297209,"Schaad","Subhash"
"Sales",103574,"Bottner","Turgut"
"Sales",43482,"Pauthner","Jiann"
"Sales",32687,"Hagimont","Rayond"
"Sales",32689,"Heusch","Gladys"
"Sales",456600,"Bahr","Berhard"
"Sales",456395,"Katalagarianos","Martina"
"Sales",43480,"Anandan","Arco"
"Sales",53843,"Chepyzhov","Piyawadee"
"Sales",456384,"Petersohn","Leszek"
"Sales",32956,"Pettit","Khalil"
"Sales",32957,"Tagansky","Akeno"
"Sales",43476,"Wuwongse","Shaw"
"Sales",53848,"Gide","Khosrow"
"Sales",456314,"Hainaut","Tomofumi"
"Sales",297239,"Heping","Hyuckchul"
"Sales",472205,"Einsfeld","Adit"
"Sales",22191,"Fontan","Udo"
"Sales",33042,"Piazza","Sanjoy"
"Sales",297271,"Francisci","Kauko"
"Sales",297290,"Yamaashi","Huican"
"Sales",252453,"Mitina","Carrsten"
"Sales",212117,"Hutter","Gill"
"Sales",297303,"Zielinski","Gaurav"
"Sales",456255,"Duclos","Visit"
"Sales",297307,"Trelles","Michaela"
"Sales",68235,"Vickson","Sailaja"
"Sales",456245,"Hiyoshi","Lena"
"Sales",33413,"Vrecion","Foong"
"Sales",33685,"Reutenauer","Xiaoqiang"
"Sales",456207,"Cummings","Hausi"
"Sales",297683,"Yetto","Pintsang"
"Sales",33715,"Wynblatt","Armond"
"Sales",297684,"Muniz","Thanasis"
"Sales",33753,"Lundstrom","Tsutomu"
"Sales",33756,"Redmiles","Tomofumi"
"Sales",12605,"Feldmann","Petter"
"Sales",76326,"Lorys","Geoffry"
"Sales",33949,"Seiwald","Dayanand"
"Sales",456152,"Siksek","Sajjan"
"Sales",297720,"Murtagh","Angus"
"Sales",54044,"Muhling","Yuuichi"
"Sales",34046,"Hemaspaandra","Odinaldo"
"Sales",34061,"Zumaque","Jinpo"
"Sales",65339,"Cochrane","Jianhua"
"Sales",34091,"Kilgore","Muneo"
"Sales",252319,"Openshaw","Kwee"
"Sales",34474,"Peng","Marl"
"Sales",34484,"Emmerich","Sachin"
"Sales",252317,"Erie","Murthy"
"Sales",34492,"Plump","Sachin"
"Sales",34505,"Kumaresan","Felicidad"
"Sales",472215,"Aumann","Zongyan"
"Sales",34556,"Huxford","Shigehito"
"Sales",34558,"Feinberg","Zhonghui"
"Sales",456083,"Pardalos","Toney"
"Sales",297779,"Rajaraman","Percy"
"Sales",34588,"Brodie","Aiichiro"
"Sales",456067,"Conia","Pradeep"
"Sales",34593,"Farrow","Tse"
"Sales",43074,"Panienski","Lucian"
"Sales",297800,"Rosiles","Lenore"
"Sales",34831,"Haldar","Poornachandra"
"Sales",34842,"Chinal","Jolita"
"Sales",456018,"Panwar","Sushant"
"Sales",34866,"Ishibashi","Bernt"
"Sales",34879,"Anguita","Tsutomu"
"Sales",34925,"Kroll","Howell"
"Sales",456009,"Pulkowski","Mihalis"
"Sales",455990,"Trystram","Mong"
"Sales",297823,"Menhoudj","Amalendu"
"Sales",455968,"Schueller","Udaiprakash"
"Sales",35179,"Ravishankar","Nahum"
"Sales",455957,"Basagni","Mack"
"Sales",35222,"Baca","Sakthirel"
"Sales",297867,"Zolotykh","Chuanyi"
"Sales",54054,"Dalphin","Yongdong"
"Sales",455929,"Benantar","Guozhong"
"Sales",12624,"Zykh","Zhongwei"
"Sales",297883,"Roohalamini","Huan"
"Sales",35465,"Levasseur","Christfried"
"Sales",451868,"Piveteau","Marlo"
"Sales",455922,"Iacovou","Moto"
"Sales",35503,"Angot","Constantine"
"Sales",297893,"Hebden","Luigi"
"Sales",35529,"Aingworth","Pragnesh"
"Sales",35543,"Boudaillier","Alejandro"
"Sales",455624,"Kirkerud","Rosli"
"Sales",35572,"Turnbull","Achilleas"
"Sales",297898,"Schicker","Kasidit"
"Sales",35595,"Khalid","Mona"
"Sales",455621,"Stanger","Paddy"
"Sales",35784,"Schoegge","Serenella"
"Sales",42986,"Heydon","Shietung"
"Sales",35818,"Gajiwala","Stein"
"Sales",251469,"Merel","Angus"
"Sales",251389,"Garrabrants","Shushma"
"Sales",455565,"Nastansky","Tzu"
"Sales",455564,"Pleszkun","Rance"
"Sales",455543,"Edelhoff","Cordelia"
"Sales",35901,"Garnier","Nikolaos"
"Sales",455537,"Rassart","Jackson"
"Sales",455529,"Rodier","Hidefumi"
"Sales",35938,"Woycyznski","Mayuri"
"Sales",36956,"Marciano","Ulises"
"Sales",297932,"Isaac","Deborah"
"Sales",36988,"Pepe","Wayne"
"Sales",455523,"Heering","Yolla"
"Sales",76331,"Delgrange","Jaroslava"
"Sales",455494,"Assaf","Moie"
"Sales",297959,"Perfilyeva","Taiji"
"Sales",455475,"Ferriere","Mads"
"Sales",37101,"Pappas","Jaewon"
"Sales",455468,"Skrikant","Giao"
"Sales",297960,"Janetzko","Bernice"
"Sales",455459,"Thisen","Christoph"
"Sales",54099,"Solares","Sanjeeva"
"Sales",37292,"Godskesen","Dante"
"Sales",212025,"Kornyak","Wanqing"
"Sales",37323,"Sanella","Mohan"
"Sales",200985,"Gecseg","Shichao"
"Sales",472224,"Hatcliff","Vishv"
"Sales",37350,"Rassart","Hidefumi"
"Sales",297997,"Gewali","Remco"
"Sales",455415,"Krohm","Weiye"
"Sales",22096,"Muhlberg","Cullen"
"Sales",200956,"Kadhim","Alassane"
"Sales",37398,"Peyn","Satosi"
"Sales",298027,"Terwilliger","Shir"
"Sales",37440,"Yoshizawa","Jayesh"
"Sales",455411,"Chandrasekhar","Yuuichi"
"Sales",37622,"Puppo","Mamdouh"
"Sales",37646,"England","Ohad"
"Sales",298040,"Ramsey","Geoffry"
"Sales",54109,"Penz","Margo"
"Sales",42769,"Haumacher","Weiyi"
"Sales",455340,"Rahimi","Nevio"
"Sales",450262,"Lorie","Yagil"
"Sales",251360,"Tomescu","Clyde"
"Sales",37990,"Matzov","Bernt"
"Sales",455332,"Parfitt","Berto"
"Sales",455246,"Pavlopoulou","Guttorm"
"Sales",211977,"Facello","Baruch"
"Sales",38383,"Herber","Weiru"
"Sales",42692,"Feldmann","Dzung"
"Sales",38439,"Zongker","Dannz"
"Sales",455009,"Birta","Udaiprakash"
"Sales",298128,"Hebert","Shai"
"Sales",38833,"Camurati","Shir"
"Sales",76416,"Varker","Pramod"
"Sales",42682,"Muhlberg","Moto"
"Sales",454951,"Bauknecht","Weiye"
"Sales",38901,"Peha","Renee"
"Sales",38942,"Xiaoshan","Danco"
"Sales",211956,"Cyre","Maria"
"Sales",39141,"Breugel","Kristin"
"Sales",250674,"Bonifati","Serge"
"Sales",454895,"Rahier","Kazuhide"
"Sales",454890,"Tanemo","Xiaopeng"
"Sales",54135,"Schusler","Candido"
"Sales",39157,"Lamparter","Qingxiang"
"Sales",454889,"Ertl","Chikara"
"Sales",250661,"Junot","Shahaf"
"Sales",39174,"Heusch","Jinya"
"Sales",39193,"Eickenmeyer","Masali"
"Sales",454818,"Lakshmanan","Mohammed"
"Sales",97765,"Kolinko","KayLiang"
"Sales",54170,"Delgrossi","Chenye"
"Sales",42665,"Dusink","Christoph"
"Sales",39484,"Birjandi","Genta"
"Sales",454769,"Peral","Rafols"
"Sales",39517,"Baar","Jackson"
"Sales",39524,"Sinitsyn","Volkmar"
"Sales",82479,"Kroft","Rutger"
"Sales",249866,"Gubsky","Steen"
"Sales",454742,"Kadhim","Torsten"
"Sales",39574,"Ponthieu","Sorina"
"Sales",454703,"Bach","Kagan"
"Sales",454646,"Ruther","Honglan"
"Sales",39611,"Luan","Siddarth"
"Sales",454626,"Angelopoulos","Aran"
"Sales",39803,"Ranst","Subir"
"Sales",249847,"Rodier","Shounak"
"Sales",298427,"Ghalwash","Youpyo"
"Sales",454618,"Lung","Margo"
"Sales",454597,"Wuwongse","Reinhard"
"Sales",39880,"Karunanithi","Turgut"
"Sales",39890,"Valiente","Sanjai"
"Sales",39909,"Ozeki","Nectarios"
"Sales",39910,"Masaki","Zvonko"
"Sales",107240,"Khalil","Ennio"
"Sales",454575,"Nivat","Parto"
"Sales",454573,"Flexer","Jaroslava"
"Sales",211920,"Adachi","Sahrah"
"Sales",450855,"Demizu","Fei"
"Sales",40156,"Cooman","Dhritiman"
"Sales",454547,"Jeong","Zhiwei"
"Sales",40163,"Usery","Luisa"
"Sales",40177,"Fortenbacher","Wilmer"
"Sales",42077,"Coullard","Claudi"
"Sales",40192,"Heystek","Zeydy"
"Sales",42058,"Syang","Shigeaki"
"Sales",40225,"Schieder","Shakhar"
"Sales",40230,"Thorensen","Mads"
"Sales",454535,"Rissanen","Raimond"
"Sales",249375,"Otillio","Lihong"
"Sales",11102,"Carrera","Bernardo"
"Sales",40271,"Decaestecker","Shigeaki"
"Sales",454516,"Delgrande","Mariusz"
"Sales",454470,"Bellmore","Filipe"
"Sales",298700,"Monkewich","Teunis"
"Sales",40498,"Codenie","Maria"
"Sales",42038,"Benzmuller","Ramachenga"
"Sales",82525,"Emden","JoAnne"
"Sales",40530,"Asmuth","Visit"
"Sales",40541,"Curless","Sorina"
"Sales",298721,"Dengi","Dannz"
"Sales",40616,"Thummel","Sariel"
"Sales",249355,"Kalafatis","Manu"
"Sales",454441,"Niizuma","Monique"
"Sales",454374,"Takanami","Alenka"
"Sales",454366,"Ranta","Shigeichiro"
"Sales",41011,"Yurov","Geoff"
"Sales",454358,"Maquelin","Emdad"
"Sales",21878,"Apsitis","Demin"
"Sales",65378,"DeMori","Odoardo"
"Sales",454345,"Dechter","Huican"
"Sales",41055,"Malinowski","Nimmagadda"
"Sales",454279,"Gewali","Yefim"
"Sales",54398,"Panienski","Otilia"
"Sales",454268,"Sifakis","Paris"
"Sales",41105,"Carrere","Arup"
"Sales",41112,"Bressoud","Radoslaw"
"Sales",298802,"Muchinsky","Shan"
"Sales",41122,"Hoppenstand","Guenter"
"Sales",41316,"Winter","Toshiko"
"Sales",481159,"Perri","Oscar"
"Sales",454245,"Cincotta","Jagoda"
"Sales",454219,"Schaft","Aral"
"Sales",249306,"Bahl","Sadok"
"Sales",41401,"Slobodova","Kiyotoshi"
"Sales",454203,"Honiden","Kiyokazu"
"Sales",298834,"Ramaiah","Subir"
"Sales",41407,"Alblas","Nalini"
"Sales",41410,"Munch","Kwangho"
"Sales",472293,"Gopalakrishnan","Shiv"
"Sales",97788,"Segond","Unal"
"Sales",454166,"Marletta","Vidar"
"Sales",454161,"Gischer","Sanjoy"
"Sales",472475,"Pelc","Uma"
"Sales",298865,"Fandrianto","Morrie"
"Sales",454138,"Kossowski","George"
"Sales",41601,"Kitsuregawa","Kazuhito"
"Sales",454090,"Schaad","Arne"
"Sales",41637,"Chinal","Zita"
"Sales",82618,"Ghandeharizadeh","Gritta"
"Sales",41657,"Curless","Danai"
"Sales",41693,"Gire","Kerryn"
"Sales",249096,"Falster","Qiwen"
"Sales",454001,"Kieras","Danny"
"Sales",462411,"Lenart","Paddy"
"Sales",453977,"Kossowski","Feipei"
"Sales",249049,"Botman","Renee"
"Sales",41858,"Schieder","Alair"
"Sales",453972,"Molenaar","Shem"
"Sales",249048,"Srimani","Sasan"
"Sales",249043,"Rodite","Almudena"
"Sales",41938,"Chappelet","Dung"
"Sales",453946,"Narahara","Filipp"
"Sales",453942,"Fadgyas","Yonghong"
"Sales",249032,"Levergood","Weicheng"
"Sales",42190,"Perry","Stella"
"Sales",453924,"Liedekerke","Franziska"
"Sales",42215,"Carrere","Theron"
"Sales",453855,"Stentiford","Yuichiro"
"Sales",453851,"Bednarek","Paloma"
"Sales",106383,"Denny","Yechezkel"
"Sales",299036,"Wolniewicz","Geoffrey"
"Sales",42267,"Conte","Lorien"
"Sales",453718,"Kumaresan","Mohan"
"Sales",42335,"Talmon","Rosalyn"
"Sales",21831,"Doering","Ugo"
"Sales",41239,"Rajaraman","Malu"
"Sales",248995,"Kuszyk","Turgut"
"Sales",42399,"Serot","Mandell"
"Sales",82829,"Pagter","Mitsuyuki"
"Sales",299079,"Foote","Yahiko"
"Sales",472480,"Picht","Jeong"
"Sales",42437,"Halevi","Avishai"
"Sales",21820,"Khasidashvili","Sanjay"
"Sales",65579,"Orsini","Adit"
"Sales",42554,"Siepmann","Ramya"
"Sales",453596,"Petersohn","Boutros"
"Sales",42574,"Barriga","Vugranam"
"Sales",41191,"Waeselynck","Stepehn"
"Sales",211848,"Maginnis","Hinrich"
"Sales",453517,"Gerteisen","Susuma"
"Sales",97838,"Tramer","Monique"
"Sales",299114,"Thisen","Emran"
"Sales",248988,"Wynblatt","Lokesh"
"Sales",42951,"Peroz","Takushi"
"Sales",453464,"Tokunaga","Ferdinand"
"Sales",248980,"Casperson","Tomokazu"
"Sales",43142,"Luce","Tse"
"Sales",43174,"Aamodt","Mariusz"
"Sales",43182,"Collette","Prasadram"
"Sales",43220,"Himler","Ronnie"
"Sales",211812,"Ghelli","Chiranjit"
"Sales",43241,"Kisuki","Adam"
"Sales",43243,"Gladwell","Xiadong"
"Sales",453434,"Delaune","Sashi"
"Sales",43291,"Angel","Pragnesh"
"Sales",453415,"Perri","Ziyad"
"Sales",43304,"Chiola","Otilia"
"Sales",43327,"Claffy","Seongbin"
"Sales",453412,"Pappas","Insup"
"Sales",43335,"Osgood","Yahiko"
"Sales",43342,"Koyama","Munehiro"
"Sales",54497,"Erev","Adam"
"Sales",43387,"Syang","Fuqing"
"Sales",453365,"Casley","Takushi"
"Sales",41175,"Ozeki","Deniz"
"Sales",453349,"Butner","Sajjan"
"Sales",43438,"Zultner","Sampalli"
"Sales",481352,"Ritcey","Stabislas"
"Sales",43450,"Nollmann","Halsur"
"Sales",211806,"Rattan","Sumali"
"Sales",43638,"Vidya","Mamdouh"
"Sales",453342,"Matzel","Sashi"
"Sales",43647,"Chartres","Maia"
"Sales",54501,"Ramsey","Munenori"
"Sales",43756,"Himler","Minghong"
"Sales",299244,"Perl","Mikhail"
"Sales",453276,"Hofstetter","Surveyors"
"Sales",43794,"Gulla","Werner"
"Sales",299247,"Tchuente","Takushi"
"Sales",43833,"Raczkowsky","Bingning"
"Sales",43858,"Rajcani","Ranan"
"Sales",453236,"Sudbeck","Jeane"
"Sales",248779,"Mapelli","Tonia"
"Sales",40945,"Krzyzanowski","Fox"
"Sales",453219,"Boissier","Collette"
"Sales",43961,"Seiwald","Feipei"
"Sales",43988,"Nannarelli","Srinidhi"
"Sales",453166,"Shrader","Tremaine"
"Sales",299341,"Baig","Georgy"
"Sales",211771,"Rosen","Arfst"
"Sales",21817,"Harllee","Dipayan"
"Sales",453141,"Yoshizawa","Hironoby"
"Sales",44085,"Rosin","Percy"
"Sales",453136,"Schahn","Emran"
"Sales",453119,"Claffy","Sadun"
"Sales",44160,"Speer","Youjian"
"Sales",44178,"Schmezko","Jackson"
"Sales",44186,"Vesel","Kendra"
"Sales",299379,"Baranowski","Moie"
"Sales",299394,"Georgakopoulos","Yongmin"
"Sales",248762,"Picel","Adel"
"Sales",44245,"Harnett","Zissis"
"Sales",65607,"Hitomi","Panayotis"
"Sales",453018,"Kobara","Shounak"
"Sales",44287,"Krohm","Constantijn"
"Sales",299436,"Pettit","Syozo"
"Sales",299441,"Billawala","Qunsheng"
"Sales",44337,"Herath","Taiji"
"Sales",453009,"Vitiello","Annemarie"
"Sales",82950,"Anandan","Guenter"
"Sales",44379,"Perelgut","Xinglin"
"Sales",299468,"Whittlesey","Youpyo"
"Sales",44454,"Besancenot","Toshimo"
"Sales",103611,"Streng","Arch"
"Sales",44503,"Francisci","Xinan"
"Sales",82976,"Lanphier","Barton"
"Sales",82977,"Lieblein","Toshimitsu"
"Sales",44539,"Buchter","Kwangjo"
"Sales",82978,"Herbst","Geoffry"
"Sales",452986,"Kobara","Xiping"
"Sales",44564,"Liesche","Naraig"
"Sales",44572,"Garrabrants","Minghong"
"Sales",73563,"Snyers","Heekeun"
"Sales",452957,"Nanard","Alair"
"Sales",248742,"Vuskovic","Marl"
"Sales",83147,"Cincotta","Taizo"
"Sales",452949,"Businaro","Vasilis"
"Sales",105479,"Soloway","Masami"
"Sales",44835,"Kropp","Menkae"
"Sales",452884,"Kobara","Alexius"
"Sales",44880,"Schapiro","Siamak"
"Sales",54723,"Bellmore","Shay"
"Sales",299721,"Jonsson","Troy"
"Sales",44911,"Nitta","Leandro"
"Sales",21758,"Picht","Susumu"
"Sales",40829,"Mitzlaff","Jianhui"
"Sales",45165,"Erva","Mahmut"
"Sales",452791,"Ratnakar","Adel"
"Sales",45192,"Zultner","Sanjay"
"Sales",452716,"Zeidenstein","Serif"
"Sales",45207,"Melichar","Marc"
"Sales",40825,"Dusink","Yannis"
"Sales",105507,"Marzano","Shooichi"
"Sales",248727,"Merro","Shaleah"
"Sales",45339,"Piazza","Chikako"
"Sales",45340,"Baik","Kitty"
"Sales",452690,"Hempstead","Maia"
"Sales",45390,"Alameldin","Sedat"
"Sales",452668,"Pappas","Lech"
"Sales",452654,"Moffat","Arnould"
"Sales",451768,"Pettey","Jianhao"
"Sales",45490,"Otillio","Shan"
"Sales",45528,"Zedlitz","Mountaz"
"Sales",45530,"Ramsey","Niteen"
"Sales",45534,"Jullig","Perla"
"Sales",45592,"Lamma","Noritoshi"
"Sales",45624,"Serra","Nikolaus"
"Sales",21716,"Karner","Hironoby"
"Sales",299811,"Harnett","Lenore"
"Sales",452525,"Cardazo","Lorien"
"Sales",54740,"Tokunaga","Leucio"
"Sales",248605,"Berztiss","Kayoko"
"Sales",98060,"Speckmann","Tzvetan"
"Sales",248594,"Lamba","Zhenhua"
"Sales",45932,"Wolniewicz","Martial"
"Sales",83206,"Breugel","Tomokazu"
"Sales",452486,"Bierbaum","Kyoichi"
"Sales",452388,"Maraist","Ung"
"Sales",40791,"Benzmuller","Florian"
"Sales",211759,"Maginnis","Subir"
"Sales",452353,"Harbusch","Hugh"
"Sales",46219,"Henseler","Gen"
"Sales",73556,"Alameldin","Sampalli"
"Sales",21711,"Bach","Shin"
"Sales",452253,"Kragelund","Adit"
"Sales",452233,"Toyoshima","Shigenori"
"Sales",452232,"Masada","Baziley"
"Sales",400110,"Eppinger","Adly"
"Sales",400124,"Schapire","Aruna"
"Sales",449536,"Undy","Geoffry"
"Sales",46587,"Baaleh","Macha"
"Sales",452200,"Wynblatt","Kolar"
"Sales",248592,"Miyakawa","Goa"
"Sales",46603,"Miara","Tesuya"
"Sales",98070,"Yetim","Along"
"Sales",65627,"Bodoff","Mabo"
"Sales",452168,"Esteva","Girolamo"
"Sales",46643,"Pell","Toney"
"Sales",46648,"Yoshizawa","Wilmer"
"Sales",46823,"Minakawa","Eishiro"
"Sales",452128,"Shanbhogue","Lene"
"Sales",46834,"Daescu","Tooru"
"Sales",46836,"Kowalchuk","Xinyu"
"Sales",400168,"Kaminger","Taegyun"
"Sales",248588,"Azumi","Arnd"
"Sales",46925,"Janetzko","Eran"
"Sales",452079,"Avouris","Anneli"
"Sales",452077,"Zumaque","Stevo"
"Sales",54808,"Luby","Cristinel"
"Sales",54813,"Gornas","Katsuyuki"
"Sales",400242,"Prochazka","Hairong"
"Sales",54834,"Cyre","Willard"
"Sales",211678,"Munoz","Katsuyuki"
"Sales",83283,"Beetstra","Mohammed"
"Sales",472612,"Lanteri","Anyuan"
"Sales",47265,"Birke","Chikako"
"Sales",47286,"Kamble","Yinlin"
"Sales",47288,"Ratnaker","Nishit"
"Sales",47300,"Asmuth","Halsur"
"Sales",47304,"Angel","Rosita"
"Sales",40703,"Sambasivam","Divine"
"Sales",47318,"Suppi","Kristina"
"Sales",450669,"Dulin","Holgard"
"Sales",400283,"Kalsbeek","Magdalena"
"Sales",40695,"Feldhoffer","Geoffry"
"Sales",47744,"Boreale","Lillian"
"Sales",47764,"Demri","Nadjib"
"Sales",450656,"Androutsos","Heping"
"Sales",248516,"Heering","Mads"
"Sales",450616,"Pocchiola","Kiyotoshi"
"Sales",47992,"Genin","Hairong"
"Sales",48001,"Oaver","Satoru"
"Sales",98080,"Erev","Kazuhito"
"Sales",248508,"Schicker","Thodoros"
"Sales",98089,"Harllee","Hailing"
"Sales",248479,"Alameldin","Gila"
"Sales",48061,"Schlenzig","Jaideep"
"Sales",248467,"Gronowski","Jamaludin"
"Sales",48118,"Cardazo","Jahangir"
"Sales",400362,"Luders","Josyula"
"Sales",48133,"Perfilyeva","Kazuhira"
"Sales",400369,"Asrin","Khatoun"
"Sales",462297,"Salinas","Luise"
"Sales",462292,"Kobuchi","Christfried"
"Sales",400393,"Stavenow","Khaled"
"Sales",48381,"Kampfer","Rajmohan"
"Sales",48406,"Scallan","Mohua"
"Sales",472627,"Sewelson","Lokesh"
"Sales",449208,"Hasenauer","Dmitry"
"Sales",48466,"Anily","Gian"
"Sales",449175,"Dolinsky","Mantis"
"Sales",451758,"Straney","Adhemar"
"Sales",48477,"Backhouse","Karlis"
"Sales",48478,"Mamelak","Stein"
"Sales",48672,"Servi","Mantis"
"Sales",449122,"Alameldin","Marin"
"Sales",40676,"Khasidashvili","Hatsukazu"
"Sales",450457,"Ranka","Fun"
"Sales",48696,"Giarratana","Irena"
"Sales",248246,"Stranks","Guangming"
"Sales",48743,"Lichtner","Theirry"
"Sales",98099,"Oxenboll","Radhia"
"Sales",83529,"Schwartzburd","George"
"Sales",48823,"Zlotek","Jeong"
"Sales",83539,"Thiran","Yakichi"
"Sales",49059,"Masada","Subhrajyoti"
"Sales",448812,"Esteva","Zhiwei"
"Sales",248193,"Peres","Xiaoshan"
"Sales",49083,"Nations","Shaowei"
"Sales",49110,"Maquelin","Rajmohan"
"Sales",248192,"Srimani","Erez"
"Sales",448730,"Suessmith","Sugwoo"
"Sales",248126,"Perri","Ewing"
"Sales",49137,"Iivonen","Hironoby"
"Sales",448543,"Rusmann","Jenwei"
"Sales",400539,"Rosca","Fox"
"Sales",49159,"Rahier","Kazuhito"
"Sales",49342,"Mungall","Xumin"
"Sales",448537,"Marsiglia","Nirmal"
"Sales",448525,"Capobianchi","Takanari"
"Sales",472677,"Daescu","Sarita"
"Sales",400563,"Dulli","Sreenivas"
"Sales",400584,"Rabehasaina","Hyuncheol"
"Sales",400588,"Tanemo","Boutros"
"Sales",247951,"Rando","Heeju"
"Sales",83561,"Luon","Lalit"
"Sales",49422,"Wolniewicz","Lillian"
"Sales",448456,"Bodoff","Khatoun"
"Sales",448441,"Rajala","Prodip"
"Sales",40637,"Luiz","Marjo"
"Sales",448436,"Baalen","Yannis"
"Sales",65651,"Parfitt","Serge"
"Sales",448332,"Michaels","Abdelkader"
"Sales",472685,"Borovoy","Danae"
"Sales",448297,"Ghelli","Nahum"
"Sales",49927,"Kragelund","Ziya"
"Sales",49930,"Conte","Girolamo"
"Sales",49986,"Pettey","Rosalie"
"Sales",50204,"Beutelspacher","Mayuko"
"Sales",40432,"Linnainmaa","Leucio"
"Sales",50250,"Heystek","Steen"
"Sales",40419,"Frolund","Zsolt"
"Sales",448040,"Straney","Paddy"
"Sales",50306,"Templeman","Masaru"
"Sales",400712,"Siepmann","Xinglin"
"Sales",12651,"Bael","Pragnesh"
"Sales",211626,"Fraisse","Becky"
"Sales",50554,"Denti","Ramya"
"Sales",448016,"Tsukune","Ymte"
"Sales",50588,"Swan","Ghassan"
"Sales",448001,"Reutenauer","Kellie"
"Sales",447909,"Encarnacion","Stein"
"Sales",472709,"Majewski","Anestis"
"Sales",472717,"Menhoudj","Itzchak"
"Sales",447892,"Peng","Kamran"
"Sales",400740,"Shackel","Shao"
"Sales",65688,"Schwartzbauer","Mokhtar"
"Sales",98131,"Pauthner","Hisao"
"Sales",50915,"Vanwelkenhuysen","Kwangyoen"
"Sales",400760,"Suri","Uta"
"Sales",40401,"Pero","Eben"
"Sales",447705,"Docker","Giordano"
"Sales",50983,"Grandbois","Hironobu"
"Sales",447694,"Rosis","Sergi"
"Sales",51231,"Stassinopoulos","Limsoon"
"Sales",51237,"Ducloy","Wonhee"
"Sales",247855,"Yamaashi","Shao"
"Sales",51260,"Dayang","Youpyo"
"Sales",51277,"Azuma","Sampalli"
"Sales",65733,"Encarnacion","Khosrow"
"Sales",447581,"Montemayor","Giri"
"Sales",51323,"Stanger","Yannis"
"Sales",40389,"Kobuchi","Mong"
"Sales",247540,"Murthy","Parviz"
"Sales",51680,"Mikschl","Martien"
"Sales",51689,"Ohori","Aran"
"Sales",447032,"Otillio","Guttorm"
"Sales",106365,"Crooks","Odinaldo"
"Sales",447028,"Ponthieu","Sudharsan"
"Sales",400869,"Huxford","Kwangsub"
"Sales",486504,"Condotta","Maja"
"Sales",21346,"Weedman","Urs"
"Sales",51789,"Vingron","Shim"
"Sales",447013,"Eppinger","Yinlin"
"Sales",400900,"Rothenberg","Mari"
"Sales",447003,"Angelopoulos","Leen"
"Sales",98190,"Ambroszkiewicz","Masako"
"Sales",446978,"Nollmann","Hyuckchul"
"Sales",51825,"Cools","Xudong"
"Sales",55441,"Wursthorn","Sasan"
"Sales",52023,"Rodier","Shooichi"
"Sales",52041,"Koshino","Maris"
"Sales",68267,"Collavizza","Kwan"
"Sales",11897,"Setlzner","Cordelia"
"Sales",52109,"Ariola","Basant"
"Sales",52141,"Luders","Giordano"
"Sales",400975,"Gniady","Toshiko"
"Sales",446947,"Waeselynck","Irene"
"Sales",472747,"Spell","Zejun"
"Sales",446937,"Lamba","Maik"
"Sales",52356,"Swist","Kazuhira"
"Sales",52357,"Gulik","Teunis"
"Sales",400981,"Furedi","Guadalupe"
"Sales",52379,"Castellani","Behnaam"
"Sales",446932,"Granlund","Tokuyasu"
"Sales",83731,"Setiz","Huican"
"Sales",107228,"Waleschkowski","Conrado"
"Sales",40344,"Lanteri","Xiaocheng"
"Sales",247477,"Kropp","Alenka"
"Sales",446899,"Pillow","Hongzue"
"Sales",446883,"Ishibashi","Geoff"
"Sales",247464,"Percebois","Hitomi"
"Sales",247266,"Georg","Jordanka"
"Sales",40341,"Jeansoulin","Marsja"
"Sales",401049,"Tiemann","Niteen"
"Sales",401063,"Thebaut","Dannz"
"Sales",52770,"Yurek","Shugo"
"Sales",40296,"Yetim","Abdulah"
"Sales",52773,"Rissland","Shounak"
"Sales",52775,"Ozery","JiYoung"
"Sales",211538,"Erie","Fabrizio"
"Sales",445508,"Lowrie","Moty"
"Sales",481425,"Hinsberger","Yuriy"
"Sales",445480,"Vigier","Collette"
"Sales",445430,"Jarecki","Giao"
"Sales",445426,"Flexer","Pintsang"
"Sales",53049,"Gargeya","Fox"
"Sales",472760,"Litzkow","Gaetan"
"Sales",53071,"Baek","Weiyi"
"Sales",73481,"Hettesheimer","Khaled"
"Sales",53103,"Molenkamp","Nechama"
"Sales",401179,"Kalloufi","Conrado"
"Sales",98397,"Solares","Domenick"
"Sales",401367,"Bazzichi","Janalee"
"Sales",401375,"Hmelo","Rosalyn"
"Sales",53176,"Zockler","Changho"
"Sales",246729,"Spataro","KayLiang"
"Sales",401384,"Dulay","Gay"
"Sales",53360,"Spinelli","Mohit"
"Sales",472763,"Ramsey","Oscal"
"Sales",401409,"Yoshimura","Baziley"
"Sales",53408,"Flowers","Moheb"
"Sales",445020,"Ligten","Renny"
"Sales",53426,"Azadmanesh","Masadi"
"Sales",53459,"Berstel","Salvador"
"Sales",444985,"Verspoor","Giap"
"Sales",40057,"Kalloufi","Ghassan"
"Sales",40035,"Kleiser","Anyuan"
"Sales",444963,"Marchesini","Mayumi"
"Sales",53979,"Lung","Weicheng"
"Sales",401865,"Emmart","Eberhardt"
"Sales",401882,"Schaap","Kasidit"
"Sales",83992,"Cappelli","Lunjin"
"Sales",462062,"Einsfeld","Francoise"
"Sales",462052,"Pettey","Halsur"
"Sales",246621,"Nyrup","Giri"
"Sales",54272,"Pepe","Dayanand"
"Sales",54289,"Gips","Alain"
"Sales",54297,"Birdsall","Ohad"
"Sales",40019,"Rodham","Katsuo"
"Sales",54312,"Jeansoulin","Kwan"
"Sales",39971,"Antonisse","Odoardo"
"Sales",54330,"Dehkordi","Mitsuyuki"
"Sales",54331,"Schwartzbauer","Zhensheng"
"Sales",444133,"Collavizza","Mircea"
"Sales",54576,"Isaak","Charlene"
"Sales",54585,"Ranft","Khatoun"
"Sales",444109,"Gerlach","Oldrich"
"Sales",54599,"Vidya","Jasminko"
"Sales",54612,"Rohrbach","Oddvar"
"Sales",444100,"Sundgren","Fei"
"Sales",54627,"Kusakari","Parke"
"Sales",401929,"Ramras","Yolla"
"Sales",54659,"Ranon","Mohd"
"Sales",444020,"Tibblin","Heon"
"Sales",443991,"Foote","Sivanarayana"
"Sales",55508,"Cummings","Weidon"
"Sales",54854,"Marakhovsky","Nakhoon"
"Sales",246584,"Strandh","Cristinel"
"Sales",443955,"Litzler","Bodo"
"Sales",54890,"Ramalingam","Moheb"
"Sales",54894,"Pews","Palash"
"Sales",449598,"McConalogue","Kshitij"
"Sales",401971,"Karlin","Rimli"
"Sales",54959,"Uhrig","Hongzhu"
"Sales",54969,"Demir","Utpal"
"Sales",54978,"Godskesen","Aloys"
"Sales",443918,"Stenning","Adas"
"Sales",443917,"Lores","Amstein"
"Sales",443907,"Botman","Arto"
"Sales",462037,"Calkin","Arvin"
"Sales",55273,"Zockler","Chiranjit"
"Sales",443791,"Kitai","Kristen"
"Sales",246462,"Gimarc","Djelloul"
"Sales",55308,"Scallan","Reuven"
"Sales",55312,"Bakhtari","Denny"
"Sales",39712,"Muchinsky","Chirstian"
"Sales",443759,"Comte","Branimir"
"Sales",246459,"Shokrollahi","Kiyotoshi"
"Sales",443685,"Levergood","Janalee"
"Sales",443676,"Gide","Masasuke"
"Sales",443671,"Schauser","Chaosheng"
"Sales",443641,"Naudin","Lillian"
"Sales",443635,"Osgood","Krisda"
"Sales",55560,"Norsworthy","Michaela"
"Sales",39660,"Hammerschmidt","Goo"
"Sales",472809,"Renear","Van"
"Sales",55793,"Perry","Tadahiro"
"Sales",481432,"Cangellaris","Akeno"
"Sales",55839,"Birch","Rosalyn"
"Sales",39648,"Lanphier","Gad"
"Sales",246270,"Heyers","Pasqua"
"Sales",443561,"Crelier","Karlis"
"Sales",56050,"Uhrik","Jaroslava"
"Sales",39631,"Simmel","Jiafu"
"Sales",402331,"Bhattacharjee","Hidefumi"
"Sales",56106,"Chiola","Saeko"
"Sales",246242,"Chaudhury","Chanjung"
"Sales",402371,"Jervis","Mabo"
"Sales",39444,"Majewski","Huican"
"Sales",56166,"Dechter","Noritoshi"
"Sales",443555,"Barvinok","Hideyuki"
"Sales",56172,"Anily","Mariangiola"
"Sales",84018,"Panangaden","Fumitaka"
"Sales",443539,"Andreotta","Vishu"
"Sales",56360,"Perz","Luisa"
"Sales",443528,"Terkki","Maik"
"Sales",56403,"Honglei","Alagu"
"Sales",402386,"Soicher","Saniya"
"Sales",402391,"Nyrup","Aruna"
"Sales",56464,"Tempesti","Sadok"
"Sales",69542,"Duclos","Ayonca"
"Sales",246195,"Terlouw","Jaihie"
"Sales",56513,"Hinsberger","Saddek"
"Sales",56517,"Merel","Dinkar"
"Sales",443490,"Sundgren","Giao"
"Sales",246186,"Iwayama","Martina"
"Sales",56751,"Hofstetter","Yuguang"
"Sales",402415,"Gonthier","Huei"
"Sales",84051,"Taubman","Kirk"
"Sales",56777,"Heping","Paloma"
"Sales",98460,"Bage","Holgard"
"Sales",246182,"Heydon","Jahangir"
"Sales",56841,"Duclos","Zine"
"Sales",443467,"Zhiwei","Mariusz"
"Sales",246177,"Masada","Yucel"
"Sales",443440,"Varker","Dipankar"
"Sales",246169,"Lubachevsky","Kwok"
"Sales",443403,"Birjandi","Willard"
"Sales",65835,"Beetstra","Arra"
"Sales",443383,"Cannata","Xuejun"
"Sales",57101,"Hanabata","Moie"
"Sales",57105,"Backhouse","Gererd"
"Sales",39424,"Gischer","Sajjad"
"Sales",55592,"Karcich","Alexius"
"Sales",21273,"Noriega","Masasuke"
"Sales",443375,"Demke","Khalil"
"Sales",39411,"Foote","Mingzeng"
"Sales",57424,"Magliocco","Jaques"
"Sales",103705,"Rassart","Angel"
"Sales",246165,"Spinelli","Hironobu"
"Sales",211421,"Schahn","Zhenhua"
"Sales",442807,"Huxford","Arno"
"Sales",486465,"Menhoudj","Dietrich"
"Sales",402706,"Raczkowsky","Toshimori"
"Sales",442752,"Luft","Vugranam"
"Sales",211418,"Geffroy","Yahiko"
"Sales",11057,"Vural","Adly"
"Sales",442741,"Emmerich","Ung"
"Sales",58023,"Cooman","Theirry"
"Sales",58561,"Michaeli","Kazuhiko"
"Sales",442645,"Apsitis","Elvis"
"Sales",211407,"Rajala","Saeed"
"Sales",402770,"Thorensen","Aemilian"
"Sales",462025,"Bahk","Shem"
"Sales",442617,"Nishimukai","Serap"
"Sales",442610,"Flexer","Jaideep"
"Sales",442534,"Janocha","Feipei"
"Sales",442532,"Masamoto","Marsal"
"Sales",211354,"Kossowski","Siamak"
"Sales",58906,"Passafiume","Xumin"
"Sales",98477,"Braunmuhl","Utz"
"Sales",402814,"Trystram","Manu"
"Sales",245895,"Perez","Frazer"
"Sales",245882,"Rosiles","Vasilis"
"Sales",55676,"Baezner","Chrisa"
"Sales",442462,"Acton","Rance"
"Sales",59018,"Liesche","Marsal"
"Sales",472847,"Stifter","Lucian"
"Sales",59031,"Kamble","Behnaam"
"Sales",402864,"Kaminger","Adin"
"Sales",59242,"Peak","Fun"
"Sales",59257,"Delaune","Subhrajyoti"
"Sales",402876,"Zaumen","Remko"
"Sales",211347,"Madeira","Arvind"
"Sales",442362,"Alpin","Hailing"
"Sales",442315,"Mersereau","Mariangiola"
"Sales",211342,"Danecki","Demin"
"Sales",59342,"Colorni","Babette"
"Sales",59350,"Aseltine","Murthy"
"Sales",65863,"Gips","Duro"
"Sales",442277,"Anger","Koichi"
"Sales",60082,"Straney","Masasuke"
"Sales",60084,"Wilfing","Christoph"
"Sales",60124,"Sichman","Kagan"
"Sales",60190,"Granlund","Ingmar"
"Sales",402946,"Heuser","Yongmao"
"Sales",245827,"Burnard","Laurentiu"
"Sales",245822,"Kropf","Suebskul"
"Sales",442217,"Sommer","Junichi"
"Sales",462002,"Servieres","Chenxi"
"Sales",62403,"Moffat","Rosella"
"Sales",62419,"Rikino","Vasilii"
"Sales",55864,"Hutter","Eldridge"
"Sales",10410,"Gecsei","Takahito"
"Sales",442184,"Tchuente","Renee"
"Sales",12664,"Parveen","Zhonghua"
"Sales",62471,"Berztiss","Sasan"
"Sales",62492,"Gornas","Gor"
"Sales",62498,"Norsworthy","Prodip"
"Sales",442128,"Pileggi","Augustine"
"Sales",103719,"Piveteau","Mrinalini"
"Sales",62541,"Schiettecatte","Gro"
"Sales",39071,"Clemencon","Murthy"
"Sales",62906,"McFarlin","Alselm"
"Sales",39063,"Lorho","Shaowei"
"Sales",65906,"Danecki","Mana"
"Sales",403006,"Feinberg","Bernardo"
"Sales",442085,"Peha","Jeong"
"Sales",63251,"Baek","Ung"
"Sales",211333,"Tetzlaff","Geoffry"
"Sales",442040,"Kalefeld","Siddarth"
"Sales",21040,"Borovoy","Gunilla"
"Sales",442002,"Baig","Ravishankar"
"Sales",403035,"Dratva","Billur"
"Sales",84338,"Lipner","Yolla"
"Sales",12955,"England","Eckart"
"Sales",63360,"Ghazalie","Georgy"
"Sales",403070,"Beidas","Aemilian"
"Sales",245587,"Badr","Yuuichi"
"Sales",403090,"Einsfeld","Mats"
"Sales",63566,"Slaats","Heekeun"
"Sales",55913,"Joslin","Alejandra"
"Sales",63581,"McClure","Gao"
"Sales",63602,"Yemenis","Miyeon"
"Sales",441873,"Perri","Georg"
"Sales",63648,"Collavizza","Ghassan"
"Sales",441852,"Rullman","Saddek"
"Sales",63699,"Markovitch","Feiyu"
"Sales",105551,"Heping","Pranjal"
"Sales",63724,"Sidou","Kensei"
"Sales",403133,"Ramamoorthy","Badri"
"Sales",63929,"Veldwijk","Munir"
"Sales",472903,"Swiss","Nishit"
"Sales",64009,"Ranon","Huican"
"Sales",64015,"Esposito","Persi"
"Sales",441757,"Pargaonkar","Basil"
"Sales",84351,"Kossowski","Gino"
"Sales",461990,"Norsworthy","Jacopo"
"Sales",64096,"Ladret","Mads"
"Sales",64099,"Shackell","Fumitake"
"Sales",441706,"Bale","Shuho"
"Sales",64123,"Beetstra","Urs"
"Sales",441607,"Zumaque","Susanna"
"Sales",64149,"Stavenow","Yucai"
"Sales",441592,"Morrin","Udi"
"Sales",64229,"Schrift","Yonghong"
"Sales",64238,"Suppi","Bezalel"
"Sales",64250,"Farris","Arvind"
"Sales",64252,"Desikan","Janche"
"Sales",64253,"Ghemri","Baziley"
"Sales",441568,"Claffy","Danco"
"Sales",403185,"Beutelspacher","Mitsuyuki"
"Sales",403195,"Chorvat","Mark"
"Sales",441420,"Chorvat","Yinlin"
"Sales",403212,"Anily","Margareta"
"Sales",472955,"Selvestrel","Shigeu"
"Sales",38956,"Flanders","Tesuro"
"Sales",245569,"Linares","Kwee"
"Sales",64360,"Sommen","Baruch"
"Sales",65912,"Gadepally","Genevieve"
"Sales",64371,"Schurmann","Nitsan"
"Sales",441413,"Gladwell","Chinhyun"
"Sales",472959,"Leslie","Mingdong"
"Sales",84365,"Sullins","Naftaly"
"Sales",64397,"Luon","Munir"
"Sales",472962,"Eugenio","Douadi"
"Sales",64413,"Geffroy","Yannis"
"Sales",64416,"Sifakis","Chriss"
"Sales",38762,"Felder","Mingsen"
"Sales",73443,"Fordan","Irena"
"Sales",403241,"Klyachko","Yongqiao"
"Sales",64457,"Isard","Hilary"
"Sales",84372,"Flexer","Kiyomitsu"
"Sales",441372,"Portugali","Nobuyoshi"
"Sales",245562,"Chiola","Panayotis"
"Sales",403257,"Staylopatis","Conal"
"Sales",84374,"Choobineh","Karsten"
"Sales",441340,"Roisin","Gina"
"Sales",64908,"Ertl","Kellyn"
"Sales",441338,"Thebaut","Maria"
"Sales",64998,"Terkki","Wonhee"
"Sales",441286,"Miake","Gadiel"
"Sales",38740,"Matzat","Michaela"
"Sales",65454,"Merel","Gaetan"
"Sales",472972,"Baezner","Turgut"
"Sales",65472,"Molenkamp","Sanjoy"
"Sales",65479,"Buescher","Masali"
"Sales",245556,"Jayawardene","Kitty"
"Sales",441202,"Roohalamini","Wilmer"
"Sales",65509,"Sury","Yurij"
"Sales",65525,"Conti","Lansing"
"Sales",65562,"Honglei","Collette"
"Sales",403355,"Gist","Mads"
"Sales",473004,"Bardell","Arto"
"Sales",66099,"Grospietsch","Navid"
"Sales",441105,"Picci","Amabile"
"Sales",66181,"Loncour","Zongyan"
"Sales",66192,"Jeong","Susanna"
"Sales",441096,"Panwar","Akemi"
"Sales",66225,"Stifter","Mayumi"
"Sales",66237,"Monkewich","Shigeo"
"Sales",211063,"Mahmud","Rafols"
"Sales",440782,"Ponthieu","Munehiko"
"Sales",405582,"Gonthier","Kinh"
"Sales",66888,"Alpay","Elvia"
"Sales",405630,"Vidya","Takahiro"
"Sales",440711,"Braunmuhl","Shichao"
"Sales",84441,"Beausoleil","Nimmagadda"
"Sales",69021,"Suwa","Hironoby"
"Sales",473024,"Eiter","Jianhao"
"Sales",461958,"Slobodova","Mohit"
"Sales",11947,"Lortz","Kiyomitsu"
"Sales",440679,"Picco","Emran"
"Sales",440673,"Erie","Genta"
"Sales",440642,"Kalsbeek","Snehasis"
"Sales",440618,"Linnainmaa","Nevin"
"Sales",449601,"Baezner","Mariangiola"
"Sales",440608,"Kragelund","Kiyokazu"
"Sales",67978,"Mattern","Limsoon"
"Sales",440511,"Hofting","Dines"
"Sales",68061,"Smailagic","Divine"
"Sales",68070,"Shobatake","Shichao"
"Sales",245504,"Ghelli","Peer"
"Sales",11048,"Demke","Jaques"
"Sales",440479,"Jenevein","Masato"
"Sales",440478,"Haumacher","Kamakshi"
"Sales",440417,"Norsworthy","Utpal"
"Sales",473048,"Rosay","Munir"
"Sales",20971,"Chaudhuri","Toshimi"
"Sales",38684,"Krzyzanowski","Remmert"
"Sales",405995,"Zeleznik","Sorina"
"Sales",68507,"Picht","TRUE"
"Sales",440397,"Przulj","Huican"
"Sales",406021,"Suri","Gurbir"
"Sales",68541,"Birch","Sachem"
"Sales",68568,"Raney","Iara"
"Sales",68576,"Calkin","Kasturi"
"Sales",69093,"Matzke","Zorica"
"Sales",84654,"Stifter","Zhenhua"
"Sales",69104,"Bernick","Basil"
"Sales",406217,"Bugrara","Mara"
"Sales",406218,"Poupard","Ingemar"
"Sales",210985,"Bauknecht","Reinhard"
"Sales",245382,"Manders","Salvador"
"Sales",69184,"Cooke","Koichi"
"Sales",440346,"Perez","Petter"
"Sales",98514,"Junot","Giao"
"Sales",69212,"Rosis","Claude"
"Sales",38600,"Kitsuregawa","Alejandro"
"Sales",69251,"Gargeya","Shuky"
"Sales",69594,"Loncour","Rafael"
"Sales",69614,"Laventhal","Mingdong"
"Sales",440259,"Farris","Changho"
"Sales",69647,"Pileggi","Deborah"
"Sales",69675,"Przulj","Masami"
"Sales",245352,"Mattern","Randi"
"Sales",209283,"Matzov","Chrisa"
"Sales",440206,"Bellmore","Saniya"
"Sales",245316,"Noriega","Filipp"
"Sales",84689,"Bultermann","Geoffrey"
"Sales",70143,"Raczkowsky","Monique"
"Sales",70149,"Hainaut","Taiji"
"Sales",70166,"Luff","Kristina"
"Sales",245280,"Bale","Kristen"
"Sales",11969,"Lorcy","Sibyl"
"Sales",440169,"Holburn","Munenori"
"Sales",473063,"Kulisch","Kshitij"
"Sales",440151,"Kumaresan","Chanjung"
"Sales",406368,"Peot","Kiyokazu"
"Sales",440088,"Denny","Serge"
"Sales",70303,"Naudin","Sumant"
"Sales",70312,"Luan","Mooi"
"Sales",70327,"Mitsuhashi","Kristine"
"Sales",406543,"Birdsall","Petter"
"Sales",70339,"Ravishankar","Dmitry"
"Sales",245070,"Rodham","Diederik"
"Sales",481781,"Montemayor","Boguslaw"
"Sales",406592,"Trelles","Shmuel"
"Sales",38575,"Birnbaum","Mabo"
"Sales",70407,"Lores","Gro"
"Sales",406619,"Shumilov","Hidefumi"
"Sales",84710,"Kalefeld","Bodh"
"Sales",440032,"Zedlitz","Arie"
"Sales",245050,"Perna","Filipp"
"Sales",70789,"Yeung","Vidar"
"Sales",440021,"Ramras","Pintsang"
"Sales",38573,"Parascandalo","Mohammad"
"Sales",70810,"Brodal","Vishwani"
"Sales",439811,"Olano","Kristin"
"Sales",38554,"Isaac","Yechezkel"
"Sales",70864,"Zwicker","Changho"
"Sales",406645,"Ouhyoung","Fan"
"Sales",70895,"Valette","Masasuke"
"Sales",70916,"Brendel","Nishit"
"Sales",439781,"Ponthieu","Satosi"
"Sales",461396,"Spinelli","Tadahiro"
"Sales",486431,"Bazzichi","Udo"
"Sales",244999,"Schaft","Yaghout"
"Sales",209266,"Parascandalo","Willard"
"Sales",209245,"Pagter","Xuedong"
"Sales",71015,"Shihab","Gianluca"
"Sales",406681,"Salverda","Shigeu"
"Sales",71043,"Mamelak","Kristof"
"Sales",439675,"Atchley","Yuuichi"
"Sales",439483,"Marzano","Uriel"
"Sales",71075,"Hedayat","Anneke"
"Sales",71092,"Tsunoo","Kristina"
"Sales",71103,"Baig","KayLiang"
"Sales",20923,"Miara","Menkae"
"Sales",20917,"Ulupinar","Trygve"
"Sales",406921,"Vanwelkenhuysen","Zejun"
"Sales",71134,"Fiutem","Premsyl"
"Sales",439429,"Crabtree","Aiman"
"Sales",439405,"Plump","Jaroslava"
"Sales",84782,"Suri","Adil"
"Sales",406929,"Czap","Kwee"
"Sales",439376,"Fandrianto","Jinya"
"Sales",71231,"Gargeya","Matk"
"Sales",439375,"Schnabel","Duke"
"Sales",11022,"Pintelas","Apostol"
"Sales",473110,"Mandell","Lubomir"
"Sales",20889,"Sidhu","Elzbieta"
"Sales",439351,"Grabner","Ramalingam"
"Sales",481810,"Parveen","Hyuncheol"
"Sales",439345,"Welham","Samphel"
"Sales",406962,"Cromarty","Chirstian"
"Sales",438822,"Hanabata","Jolita"
"Sales",406973,"Weedon","Adly"
"Sales",244949,"Murtha","Cedric"
"Sales",71557,"Poulakidas","Vitali"
"Sales",71560,"Shanbhogue","Shalesh"
"Sales",244940,"Zastre","Yurij"
"Sales",406985,"Anger","Xiaobin"
"Sales",56535,"Hasenauer","Shuky"
"Sales",438686,"Picco","Keung"
"Sales",438682,"Spataro","Tadanori"
"Sales",71606,"Gimbel","Genevieve"
"Sales",71615,"Hmelo","Zijian"
"Sales",71625,"Clouatre","Nitsan"
"Sales",438675,"Lorie","Yucel"
"Sales",71671,"Tibblin","Hironobu"
"Sales",244939,"Wursthorn","Achilleas"
"Sales",438626,"Roohalamini","Shaunak"
"Sales",71738,"Zobel","Munenori"
"Sales",71757,"Mukaidono","Christ"
"Sales",71777,"Uehara","Koldo"
"Sales",71783,"Giaccio","Arun"
"Sales",71795,"Pesch","Susumu"
"Sales",71817,"Cannata","Sverrir"
"Sales",85004,"Chaudhury","Xuedong"
"Sales",71835,"Kornyak","Miomir"
"Sales",71838,"Piveteau","Tetsushi"
"Sales",71847,"Kadhim","Seshu"
"Sales",438591,"Cannard","Mohammed"
"Sales",71861,"Ishibashi","Kwan"
"Sales",438589,"Braunschweig","Weiyi"
"Sales",209153,"Fraisse","Vincent"
"Sales",71900,"Taubman","Kersti"
"Sales",71930,"Etalle","Lech"
"Sales",408618,"Hennings","Serenella"
"Sales",72105,"Baik","Quingbo"
"Sales",72110,"Begiun","Sachin"
"Sales",408620,"Masamoto","Kwun"
"Sales",408621,"Jiang","Masaru"
"Sales",438534,"Shihab","Luise"
"Sales",72177,"Wynblatt","Fumitaka"
"Sales",408648,"Nittel","Halsur"
"Sales",98566,"Pileggi","Akeel"
"Sales",438331,"Butner","Moheb"
"Sales",408676,"Boguraev","Oksana"
"Sales",408683,"Thummel","Jacqueline"
"Sales",65993,"Polajnar","Suvo"
"Sales",72286,"Tanemo","Sreekrishna"
"Sales",438327,"Menhoudj","Miyeon"
"Sales",72327,"Standera","Avishai"
"Sales",72358,"Pouyioutas","Danco"
"Sales",72359,"Bolotov","Geoffrey"
"Sales",438309,"Kisuki","Fabrizio"
"Sales",438299,"Ernst","Ronnie"
"Sales",72426,"Biron","Berni"
"Sales",72769,"Gire","Shaowen"
"Sales",438235,"Pena","Teiji"
"Sales",438227,"Verhaegen","Mayumi"
"Sales",244906,"Imataki","Tremaine"
"Sales",72836,"Baez","Sadun"
"Sales",72840,"Taubenfeld","Uli"
"Sales",438186,"Reistad","Constantino"
"Sales",72888,"Nitsch","Mario"
"Sales",72890,"Luke","Kerhong"
"Sales",244891,"Iwayama","Rafail"
"Sales",72915,"Falby","Jinpo"
"Sales",72926,"Buchter","Sastry"
"Sales",72928,"Rosay","Xiahua"
"Sales",437906,"Neiman","Stein"
"Sales",73293,"Sidou","Pranjal"
"Sales",104073,"Peral","Vitali"
"Sales",66002,"Shobatake","Bernice"
"Sales",73319,"Fontan","Zhiwei"
"Sales",73336,"Molenkamp","Zhongwei"
"Sales",208949,"Waschkowski","Nimmagadda"
"Sales",437858,"Rubsam","Jianhua"
"Sales",437661,"Walstra","Genta"
"Sales",85123,"Karcich","Itzchak"
"Sales",208912,"Zeidenstein","Zongyan"
"Sales",408981,"Schahn","Toong"
"Sales",73643,"Hegner","Kazuhito"
"Sales",437633,"Feldmann","Sajjad"
"Sales",409013,"Malinowski","Ingemar"
"Sales",409014,"Peng","Kauko"
"Sales",73729,"Bernick","Toshiki"
"Sales",73732,"Boreale","Kensei"
"Sales",409022,"Fontet","Marke"
"Sales",73749,"Oppitz","Hercules"
"Sales",104091,"Mawatari","Shrikanth"
"Sales",461345,"Polajnar","Hilari"
"Sales",437594,"Aingworth","Xumin"
"Sales",244790,"Jording","Constantino"
"Sales",38186,"Klassen","Woody"
"Sales",73818,"Perko","Zito"
"Sales",200809,"Basawa","Arvin"
"Sales",73846,"Hoppenstand","Masamitsu"
"Sales",73866,"Pappas","Aris"
"Sales",461338,"Pusterhofer","Doohun"
"Sales",437324,"Seghrouchni","Luisa"
"Sales",73879,"Cullers","Odoardo"
"Sales",437308,"Honglei","Leni"
"Sales",73891,"Rebaine","Rasikan"
"Sales",11015,"Riesenhuber","Jeanna"
"Sales",409723,"Rosar","Ziva"
"Sales",73915,"McClure","Constantino"
"Sales",73928,"Ballarin","Sanjoy"
"Sales",437300,"Luef","Khun"
"Sales",73939,"Streng","Franziska"
"Sales",409736,"Blokdijk","Valeska"
"Sales",409744,"Zweizig","Almudena"
"Sales",449639,"Crelier","Naraig"
"Sales",437255,"Cardazo","Padma"
"Sales",74149,"Ventosa","Rimon"
"Sales",38171,"Lindqvist","Sergi"
"Sales",437203,"Lundstrom","Abdelaziz"
"Sales",437202,"Walstra","Yuguang"
"Sales",13268,"Yurov","Munehiro"
"Sales",74215,"Qiwen","Tooru"
"Sales",74216,"Hashii","Xiahua"
"Sales",74231,"Quaggetto","Indrajit"
"Sales",85155,"Lichtman","Bikash"
"Sales",74261,"Chenoweth","Zhilian"
"Sales",74303,"Ramaiah","Shawna"
"Sales",473191,"Gniady","Bodh"
"Sales",74390,"Wuwongse","Nitsan"
"Sales",437059,"Mahnke","Jouni"
"Sales",437016,"Tchuente","Geoff"
"Sales",437011,"Ranft","Kerryn"
"Sales",37904,"Shanbhogue","Arch"
"Sales",409787,"Hofstetter","Zhigen"
"Sales",68292,"Asser","Hisao"
"Sales",85194,"Sifakis","Subhada"
"Sales",74490,"Danlos","Tokuyasu"
"Sales",85204,"Silva","Moni"
"Sales",244743,"Budinsky","Poorav"
"Sales",449659,"Ratnaker","Jaewoo"
"Sales",436734,"McFarlan","Gay"
"Sales",74583,"Anandan","Malu"
"Sales",244708,"Lindenbaum","Barton"
"Sales",19849,"Serre","Weicheng"
"Sales",409830,"Hopewell","Jiang"
"Sales",436721,"Ouhyoung","Fumiko"
"Sales",56657,"Cichocki","Kristian"
"Sales",74975,"Szilard","Rasikan"
"Sales",75010,"Desikan","Mrinalini"
"Sales",85285,"Besselaar","Sastry"
"Sales",75018,"Erdi","Spyrose"
"Sales",436624,"Meriste","Atilio"
"Sales",75090,"Rando","Fay"
"Sales",75091,"Kavanagh","Aiman"
"Sales",409881,"Gecsel","Xiadong"
"Sales",75310,"Belinskaya","Eckart"
"Sales",436571,"Pietrzykowski","Rosella"
"Sales",473206,"Merlo","Christoph"
"Sales",410720,"Pargas","Akeno"
"Sales",37856,"Laventhal","Parto"
"Sales",436559,"Pusterhofer","Muzhong"
"Sales",75428,"Steenbeek","Lene"
"Sales",410744,"Papsdorf","Murthy"
"Sales",436501,"Baby","Demin"
"Sales",436496,"Soloway","Chenye"
"Sales",75639,"Mapelli","Tomoyuki"
"Sales",85507,"Binkley","Angel"
"Sales",410759,"Besancenot","Arnould"
"Sales",75666,"Mellouli","Premsyl"
"Sales",436312,"Bael","Tremaine"
"Sales",461301,"Warwick","Limsoon"
"Sales",56660,"Veeraraghavan","Frazer"
"Sales",56661,"Kornatzky","Navid"
"Sales",473232,"Baez","Jagoda"
"Sales",436240,"Billawala","Xiong"
"Sales",208880,"Bahi","Mooi"
"Sales",75725,"Rijsenbrij","Stella"
"Sales",75735,"Mikschl","Karsten"
"Sales",75739,"Cappelli","Lidong"
"Sales",75741,"Birsak","Candido"
"Sales",410830,"Ossenbruggen","Vishu"
"Sales",436216,"Skafidas","Shaowei"
"Sales",436203,"Dalphin","Jaideep"
"Sales",436193,"Garrabrants","Jiang"
"Sales",410848,"Yoshizawa","Sudhanshu"
"Sales",410853,"Nergos","Alejandra"
"Sales",200780,"Ramras","Heon"
"Sales",76074,"Shihab","Xuedong"
"Sales",436171,"Sidhu","Souichi"
"Sales",76113,"Morrow","Jianhao"
"Sales",436146,"Lamparter","Xuejia"
"Sales",244642,"Petereit","Mooi"
"Sales",76503,"Yurov","Masasuke"
"Sales",76516,"Kroll","Arnd"
"Sales",85542,"Speek","Petter"
"Sales",436139,"Krogh","Takahira"
"Sales",436133,"Koshiba","Masato"
"Sales",208848,"Kavraki","Valeska"
"Sales",244634,"Nooteboom","Martine"
"Sales",37598,"Slaats","Xiaoheng"
"Sales",76616,"Angot","Jaihie"
"Sales",73154,"Molenkamp","Odysseas"
"Sales",473242,"Kropp","Yuriy"
"Sales",76634,"McClure","Utz"
"Sales",85554,"Ermel","Cheong"
"Sales",104115,"Nastansky","Steve"
"Sales",37596,"Swist","Huiqun"
"Sales",435792,"Baaleh","Peer"
"Sales",435774,"Bharadwaj","Olivera"
"Sales",19792,"Pollock","Hidde"
"Sales",435754,"Zeilberger","Radhakrishnan"
"Sales",410997,"Xiaoshan","Remco"
"Sales",435706,"Roison","Heng"
"Sales",435699,"Foote","Marie"
"Sales",56870,"Ouhyoung","Lorien"
"Sales",56872,"Varman","Bojan"
"Sales",434701,"Ballarin","Gopalakrishnan"
"Sales",434690,"Hammerschmidt","Zijian"
"Sales",98657,"Brandsma","Kwok"
"Sales",411024,"Syrzycki","Bowen"
"Sales",434677,"Gulla","Remzi"
"Sales",208845,"Danlos","Rosella"
"Sales",56880,"Vendrig","Parto"
"Sales",482519,"Staylopatis","Kristian"
"Sales",434477,"Yavatkar","Krisda"
"Sales",77012,"Ghelli","Geoffrey"
"Sales",434454,"Anguita","Kristinn"
"Sales",434438,"Matzke","Ziva"
"Sales",434415,"Porenta","Izaskun"
"Sales",244488,"Cyne","Changho"
"Sales",77133,"Genin","Shahab"
"Sales",77141,"Krzyzanowski","Shahab"
"Sales",77152,"Bednarek","Geraldo"
"Sales",77168,"Hofstetter","Mihalis"
"Sales",434133,"Gewali","Etsuo"
"Sales",77186,"Crooks","Irene"
"Sales",244485,"Capobianchi","Anneli"
"Sales",77214,"Kulisch","Fumitake"
"Sales",77216,"Zlotek","Abdelkader"
"Sales",77232,"Krogh","Kinh"
"Sales",434114,"Portugali","Nobuyoshi"
"Sales",77253,"McAffer","Malu"
"Sales",77257,"Hopewell","Tse"
"Sales",77272,"Hambrick","Xinglin"
"Sales",461295,"Bierman","Insup"
"Sales",77310,"Erde","Tremaine"
"Sales",98663,"Segond","Serenella"
"Sales",434013,"Chartres","Ewing"
"Sales",77351,"Piveteau","Genta"
"Sales",411220,"Trachtenberg","Arno"
"Sales",77385,"Avouris","Kristinn"
"Sales",77388,"Badr","Kasturi"
"Sales",411395,"Kaminger","Guther"
"Sales",77401,"Frezza","Uzi"
"Sales",77417,"Barriga","Tesuya"
"Sales",433111,"Schmezko","Apostol"
"Sales",208832,"Brodal","Snehasis"
"Sales",77446,"Irland","Tsuneo"
"Sales",411402,"Ratzlaff","Arnould"
"Sales",411403,"Masand","Stein"
"Sales",77481,"Picel","Kitty"
"Sales",77498,"Birnbaum","Yongmin"
"Sales",77504,"Luit","Ymte"
"Sales",77516,"Borstler","Khalil"
"Sales",200777,"Alpay","Ziyad"
"Sales",411408,"Ramamoorthy","Przemyslawa"
"Sales",104166,"Beznosov","Zhaofang"
"Sales",77557,"Khalid","Taisook"
"Sales",77566,"Nanard","Sanjit"
"Sales",37460,"Wursthorn","Bedrich"
"Sales",85605,"Emiris","Zongyan"
"Sales",77619,"Desikan","Kamakshi"
"Sales",433005,"Heering","Fumiko"
"Sales",77666,"Cannane","Golgen"
"Sales",432961,"Sanella","Eldridge"
"Sales",77672,"Boissier","Ayonca"
"Sales",461271,"Erva","Constantijn"
"Sales",77704,"Pagter","Weiyi"
"Sales",432931,"McAffer","Martial"
"Sales",98713,"Luit","Stabislas"
"Sales",56951,"Preusig","Faiza"
"Sales",432928,"Fargier","Giordano"
"Sales",208831,"Senzako","Zhiwei"
"Sales",482529,"Fargier","LiMin"
"Sales",432902,"Trelles","Bedir"
"Sales",482530,"McConalogue","Doowon"
"Sales",70630,"Worfolk","Boriana"
"Sales",208827,"Picci","Godehard"
"Sales",77839,"Malabarba","Serge"
"Sales",473299,"Penn","Khaled"
"Sales",432884,"Miculan","Chaoyi"
"Sales",244408,"Cronan","Vasilis"
"Sales",460916,"Pulkowski","Qunsheng"
"Sales",432817,"Levasseur","Froduald"
"Sales",77916,"Beetstra","Suvo"
"Sales",432635,"Ramamoorthy","Pohua"
"Sales",77943,"Usery","Samphel"
"Sales",208823,"Hainaut","Vugranam"
"Sales",411566,"Plesums","Radhia"
"Sales",78008,"Berstel","Persi"
"Sales",37232,"Sadowski","Yuriy"
"Sales",70627,"Zlotek","Susanna"
"Sales",432535,"Norsworthy","Make"
"Sales",69078,"Bierbaum","Tadahiro"
"Sales",78103,"Pillow","Cheong"
"Sales",78111,"Ushiama","Teunis"
"Sales",432525,"Rotem","Demin"
"Sales",57000,"Lortz","Toshiko"
"Sales",208428,"Munke","Theron"
"Sales",432497,"Champarnaud","Sreekrishna"
"Sales",432269,"Remmers","Aran"
"Sales",78296,"Tagansky","Annemarie"
"Sales",78306,"Jumpertz","Arto"
"Sales",411638,"Baig","Zengping"
"Sales",85841,"Hooghiemstra","Florina"
"Sales",78335,"Ishibashi","Bodo"
"Sales",432229,"Pietracaprina","Karsten"
"Sales",78365,"Belinskaya","Mack"
"Sales",78371,"Coors","Zito"
"Sales",57003,"Azulay","Mani"
"Sales",19760,"Luft","Boriana"
"Sales",411659,"Rubsam","Shigeaki"
"Sales",432188,"Haraldson","Yishai"
"Sales",78404,"Begiun","Oksana"
"Sales",78413,"Jenevein","Toshimi"
"Sales",57021,"Lipner","Leah"
"Sales",244364,"Szmurlo","Syozo"
"Sales",450831,"Speek","Haldun"
"Sales",244343,"Sethi","Odinaldo"
"Sales",244323,"Emmerich","Zhongwei"
"Sales",78567,"Babu","Gil"
"Sales",244186,"Majewski","Chirstian"
"Sales",431921,"Emmart","Shahab"
"Sales",244176,"Raney","Valdiodio"
"Sales",473497,"Rande","Achilleas"
"Sales",78657,"Iivonen","Kiyomitsu"
"Sales",12969,"Angot","Mohan"
"Sales",19728,"Ramsey","Candido"
"Sales",244170,"Gente","Ult"
"Sales",244148,"Heusch","Chikako"
"Sales",78756,"Veeraraghavan","Gad"
"Sales",85901,"Hagimont","Tommaso"
"Sales",69556,"Hennebert","Seongbin"
"Sales",78816,"Talmon","Hugo"
"Sales",78819,"Compeau","Vojin"
"Sales",431853,"Hooghiemstra","Doohun"
"Sales",19724,"Hasham","Visit"
"Sales",78915,"Flowers","Dietrich"
"Sales",37113,"Chinin","Przemyslawa"
"Sales",78950,"Velasco","Margareta"
"Sales",78955,"Fandrianto","Sampalli"
"Sales",460890,"Azulay","Danny"
"Sales",473502,"Fontet","Satyanarayana"
"Sales",79007,"Couchot","Yuguang"
"Sales",411875,"Biron","Mizuhito"
"Sales",66050,"Riesenhuber","Gully"
"Sales",79027,"Kornyak","Radoslaw"
"Sales",411879,"Kulisch","Amstein"
"Sales",431054,"Setiz","Pohua"
"Sales",411893,"Streng","Kristin"
"Sales",79091,"Heuser","Kagan"
"Sales",431027,"Merkl","Ipke"
"Sales",411903,"Rikino","Ziya"
"Sales",57229,"Usery","Haldon"
"Sales",430986,"Bahr","Hein"
"Sales",411948,"Rijsenbrij","Eldridge"
"Sales",36908,"Alblas","Nahid"
"Sales",79189,"Jansen","Clyde"
"Sales",79204,"Lund","Juyoung"
"Sales",79215,"Liedekerke","Guadalupe"
"Sales",79221,"Serna","Dharmaraja"
"Sales",79251,"Taubenfeld","Gennady"
"Sales",79258,"Suri","Sumant"
"Sales",430972,"Chepyzhov","Shichao"
"Sales",79296,"Tanemo","Jahangir"
"Sales",429605,"Kermarrec","Jahangir"
"Sales",79318,"Tetzlaff","Nectarios"
"Sales",10817,"Rullman","Uri"
"Sales",79361,"Pluym","Vatsa"
"Sales",79378,"Lorho","Odinaldo"
"Sales",411983,"Ducloy","Nechama"
"Sales",98784,"Aumann","Arno"
"Sales",473556,"Spelt","Mads"
"Sales",79402,"Kabayashi","Zito"
"Sales",79445,"Vrecion","Jayesh"
"Sales",79457,"Sabnani","Zhensheng"
"Sales",19525,"Lieberherr","Nitsan"
"Sales",429573,"Castellani","Samphel"
"Sales",85980,"Marwedel","Khalil"
"Sales",79538,"Melton","Elvis"
"Sales",482555,"Mansanne","Hyuncheol"
"Sales",86169,"Linares","Taegyun"
"Sales",79566,"Peron","Fumino"
"Sales",79604,"Conia","Barna"
"Sales",482556,"Panienski","Gio"
"Sales",429468,"Walston","Ennio"
"Sales",79641,"Vasanthakumar","Dayanand"
"Sales",36856,"Erdi","Eric"
"Sales",79683,"Winter","Narain"
"Sales",86173,"Sidje","Guangming"
"Sales",429463,"Rodham","Constantine"
"Sales",243994,"Krybus","Thanasis"
"Sales",79707,"Heuter","Shin"
"Sales",86179,"Grandbois","Debatosh"
"Sales",412093,"Engelmann","Avishai"
"Sales",412104,"Hettesheimer","Premal"
"Sales",79758,"Pettit","Adil"
"Sales",19524,"Rosis","Emran"
"Sales",79772,"Gulik","Xiaoqiu"
"Sales",79798,"Nergos","Satoru"
"Sales",79799,"Pietrzykowski","Boriana"
"Sales",473574,"Murrill","Hitomi"
"Sales",79820,"Kenevan","Mountaz"
"Sales",429381,"Roohalamini","Limsoon"
"Sales",79880,"Tsukune","Hein"
"Sales",208395,"Lorcy","Lidong"
"Sales",429165,"Weedman","Isaac"
"Sales",79964,"Garrabrants","Shuky"
"Sales",36814,"Kisuki","Jiafu"
"Sales",200564,"Kenevan","Elrique"
"Sales",80029,"Hofmeyr","Kenroku"
"Sales",429162,"Morrin","Boriana"
"Sales",80074,"Waleschkowski","Girolamo"
"Sales",80095,"Mikschl","Caolyn"
"Sales",428897,"Emmart","Randy"
"Sales",412201,"Luff","JoAnne"
"Sales",460798,"Rodiger","Claude"
"Sales",428877,"Mandell","Jinxi"
"Sales",80151,"Swen","Willard"
"Sales",80152,"Anguita","Suvo"
"Sales",428848,"Zirintsis","Manohar"
"Sales",80176,"Panienski","Masadi"
"Sales",243942,"Chimia","Gor"
"Sales",80258,"Hiyoshi","Hirochika"
"Sales",243926,"Picaronny","Valeska"
"Sales",428832,"Gulak","Peternela"
"Sales",80311,"Yetim","Ortrun"
"Sales",428816,"Belinskaya","Berni"
"Sales",80364,"Ramsey","Gina"
"Sales",460796,"Granlund","Aloys"
"Sales",243913,"Cochrane","Elzbieta"
"Sales",80397,"Piancastelli","Mitchel"
"Sales",98814,"Hinsberger","Theron"
"Sales",80431,"Pearson","Kshitij"
"Sales",243900,"Garnham","Zhenbing"
"Sales",19498,"Thebaut","Uma"
"Sales",428808,"Ferretti","Shaowei"
"Sales",80485,"Beznosov","Pragnesh"
"Sales",57325,"Akiyama","Hidde"
"Sales",412316,"Pellegrinelli","Dinkar"
"Sales",80513,"Unno","Gurbir"
"Sales",36778,"Tsukuda","Carrsten"
"Sales",80558,"Birjandi","Younwoo"
"Sales",243854,"Bressoud","Kristen"
"Sales",428594,"Aamodt","Breannda"
"Sales",80654,"Takkinen","Nahla"
"Sales",80679,"Tchuente","Tsuneo"
"Sales",428583,"Eastman","Ymte"
"Sales",428582,"Uhrig","Vugranam"
"Sales",80690,"Reghbati","Danae"
"Sales",80692,"Haumacher","Arno"
"Sales",80693,"Cesareni","Duri"
"Sales",80701,"Domenig","Ramachenga"
"Sales",243841,"Schaaf","Franziska"
"Sales",428553,"Plotkin","Kerryn"
"Sales",80744,"Bauknecht","Badri"
"Sales",80752,"Adachi","Zhenhua"
"Sales",428534,"Garrabrants","Augustine"
"Sales",412353,"Mapelli","Xiong"
"Sales",80765,"Berendt","Feipei"
"Sales",57353,"Vidya","Yechiam"
"Sales",208337,"Barvinok","Masasuke"
"Sales",80823,"Baca","Willard"
"Sales",428121,"Zolotykh","Arup"
"Sales",451666,"Schlumberger","Munehiro"
"Sales",36723,"Millington","Atreye"
"Sales",80873,"Nishimukai","Marsal"
"Sales",428116,"Szemeredi","Tse"
"Sales",428062,"Byoun","Shirish"
"Sales",428021,"Woycyznski","Ult"
"Sales",80911,"Collette","Navid"
"Sales",473812,"Levergood","Khue"
"Sales",80957,"Matzov","Patricia"
"Sales",427780,"Montresor","Khue"
"Sales",36697,"Solares","Bluma"
"Sales",427742,"Demke","Yongdong"
"Sales",473814,"Rousseau","Terresa"
"Sales",81035,"Boreale","Hsiangchu"
"Sales",412395,"Heydon","Karoline"
"Sales",412398,"Rosay","Chaitali"
"Sales",81073,"Blokdijk","Poornachandra"
"Sales",86252,"Selenyi","Mahendra"
"Sales",81110,"Oxman","Kiam"
"Sales",412410,"Kroha","Sumali"
"Sales",57569,"Jahnichen","Marco"
"Sales",243791,"Bazelow","Jianhui"
"Sales",427578,"Janetzko","Pranas"
"Sales",427523,"Azumi","Mansur"
"Sales",427452,"Bresenham","Murthy"
"Sales",243709,"Kenevan","Patricia"
"Sales",86257,"Klyachko","Niteen"
"Sales",86269,"Swift","Kristinn"
"Sales",208333,"Isard","Martine"
"Sales",81340,"Poehlman","Baocai"
"Sales",81358,"Quadeer","Premal"
"Sales",427398,"Eiron","Eberhardt"
"Sales",473849,"Hofmeyr","Xuejia"
"Sales",208284,"Birge","Alain"
"Sales",19448,"Kaminger","Malu"
"Sales",57623,"Waleschkowski","Horward"
"Sales",412563,"Zschoche","Petter"
"Sales",81534,"Leijenhorst","Leaf"
"Sales",412568,"Beutelspacher","Terresa"
"Sales",81557,"Lieblein","Alois"
"Sales",460755,"McClurg","Werner"
"Sales",57625,"Mikschl","DAIDA"
"Sales",98827,"Covnot","Vasiliy"
"Sales",200546,"Danner","Nidapan"
"Sales",36638,"Schiper","Maris"
"Sales",427318,"Molberg","Troy"
"Sales",81694,"Lores","Denis"
"Sales",36620,"Itzigehl","Arno"
"Sales",81717,"Anguita","Toney"
"Sales",81731,"Chachaty","Gro"
"Sales",427276,"Zultner","Lidong"
"Sales",427242,"Luca","Vishv"
"Sales",81754,"Ranon","Marc"
"Sales",427203,"Aloisi","Xuedong"
"Sales",243585,"Michaeli","Kayoko"
"Sales",427200,"Demos","Uno"
"Sales",86367,"Bage","IEEE"
"Sales",81846,"Ponthieu","Ingmar"
"Sales",243539,"Pews","Collette"
"Sales",36605,"Strehl","Zijian"
"Sales",460743,"Kowalchuk","Chrisa"
"Sales",81957,"Scallan","Jahangir"
"Sales",81962,"Bernardeschi","Turgut"
"Sales",86392,"Kolinko","Przemyslawa"
"Sales",427158,"Kermarrec","Ennio"
"Sales",81986,"Waterhouse","Tamiya"
"Sales",36597,"Stellhorn","Boguslaw"
"Sales",82012,"Undy","Mandell"
"Sales",243526,"Delgrange","Xiadong"
"Sales",36587,"Hempstead","Hausi"
"Sales",412701,"Jumpertz","Huiqun"
"Sales",57661,"Ghalwash","Conrado"
"Sales",82052,"Rahier","Lidong"
"Sales",82075,"Merel","Sanjeeva"
"Sales",208097,"Gide","Amstein"
"Sales",82107,"Heping","Gunilla"
"Sales",86433,"Bennis","Deniz"
"Sales",473874,"Bennet","Yifei"
"Sales",413070,"Whittlesey","Dharmaraja"
"Sales",82161,"Flasterstein","JoAnne"
"Sales",413117,"Lichtman","Stafford"
"Sales",426946,"Woycyznski","Keung"
"Sales",82205,"Fiutem","Barun"
"Sales",57666,"Spataro","Lunjin"
"Sales",451662,"Kriebel","Garnet"
"Sales",208094,"Kaiserswerth","Kousuke"
"Sales",413166,"Salverda","Koldo"
"Sales",82367,"Halloran","Miyeon"
"Sales",82389,"Stellhorn","Elzbieta"
"Sales",82391,"McAffer","Mayuko"
"Sales",82428,"Kalafatis","Geoffrey"
"Sales",82430,"Morrey","Macha"
"Sales",86461,"Coullard","Kristinn"
"Sales",82441,"Brickell","Masaki"
"Sales",51294,"Pell","Tetsushi"
"Sales",106809,"Rotem","Yongqiao"
"Sales",42783,"Dayana","Huican"
"Sales",51705,"Parascandalo","Huiqun"
"Sales",216635,"Swab","Mara"
"Sales",42771,"Sundgren","Kwee"
"Sales",51742,"Gulak","Nishit"
"Sales",426710,"Narahari","Gaetan"
"Sales",51794,"Oaver","Mizuhito"
"Sales",51795,"Steenbeek","Dmitri"
"Sales",42763,"Anick","Hugo"
"Sales",289241,"Baezner","Demin"
"Sales",42704,"Reinhart","Fumiko"
"Sales",298252,"Falster","Marke"
"Sales",271718,"Barriga","Almudena"
"Sales",496001,"Unni","Guozhong"
"Sales",289261,"Nollmann","Gad"
"Sales",216725,"Emmart","Morris"
"Sales",52159,"Scallan","Basant"
"Sales",52361,"Narlikar","Gian"
"Sales",271756,"Lorie","Kiyokazu"
"Sales",289292,"Terekhov","Shaunak"
"Sales",52398,"Molenaar","Sandeepan"
"Sales",216800,"Peha","Sreekrishna"
"Sales",42687,"Milicic","Mary"
"Sales",216801,"Vasanthakumar","Heon"
"Sales",248319,"Wuwongse","Caolyn"
"Sales",52451,"Botman","Faiza"
"Sales",217324,"Trumbly","Tristan"
"Sales",106378,"Seiwald","Adib"
"Sales",52491,"Undy","Yefim"
"Sales",217368,"Rijsenbrij","Sailaja"
"Sales",237158,"Hertweck","Shaowei"
"Sales",42634,"Ressouche","Chinho"
"Sales",42122,"Malinowski","Genta"
"Sales",52737,"Chinal","Abdulah"
"Sales",290337,"Soicher","Jaroslava"
"Sales",52752,"Rajcani","Barna"
"Sales",52776,"Oaver","Elvis"
"Sales",106362,"Jervis","Chenye"
"Sales",52790,"Chinal","Freyja"
"Sales",52813,"Bojadziev","Goo"
"Sales",106341,"Streng","Cedric"
"Sales",291987,"Soloway","Giap"
"Sales",248339,"Usery","Mamdouh"
"Sales",53067,"Harllee","Toshimi"
"Sales",217456,"Narahari","Chenyi"
"Sales",237174,"Dayang","Juyoung"
"Sales",53096,"Bala","Kerryn"
"Sales",292002,"Bierbaum","Bluma"
"Sales",237203,"Reinhart","Francoise"
"Sales",53134,"Fasbender","Shahid"
"Sales",217542,"Emmerich","Francoise"
"Sales",53350,"Marzano","Jaroslava"
"Sales",217546,"Brickell","Chinhyun"
"Sales",237210,"Murtha","Kristina"
"Sales",53385,"Melter","Kenton"
"Sales",271840,"Hofstetter","Xiong"
"Sales",271846,"Koshino","Abdelghani"
"Sales",271860,"Fritzsche","Hatem"
"Sales",41996,"Berztiss","Guadalupe"
"Sales",217652,"Flanders","Yagil"
"Sales",53458,"Monarch","Xuedong"
"Sales",290402,"Ratnakar","Mario"
"Sales",217675,"Brodie","Jaana"
"Sales",495930,"Ressouche","Souichi"
"Sales",495924,"Hardjono","Randi"
"Sales",88354,"Jiafu","Lijia"
"Sales",12146,"Garnick","Urs"
"Sales",53925,"Dalton","Tadanori"
"Sales",41267,"Marakhovsky","Roded"
"Sales",217711,"Swick","Karlis"
"Sales",41251,"Glinert","Arne"
"Sales",217754,"Carrera","Sajjad"
"Sales",290652,"Hiyoshi","Woody"
"Sales",237245,"Kushnir","Bernt"
"Sales",290662,"Pelz","Xudong"
"Sales",54333,"Crabtree","Radhika"
"Sales",298305,"Thimonier","Khalid"
"Sales",217815,"Flowers","Spyrose"
"Sales",106268,"Lambe","Xiaobin"
"Sales",54562,"England","Sachio"
"Sales",41205,"Cusworth","Charlene"
"Sales",271980,"Angel","Shigenori"
"Sales",217826,"Lunn","Conal"
"Sales",290713,"Zwicker","Minghong"
"Sales",217884,"Menhoudj","Hideyuki"
"Sales",54929,"Tramer","Gilbert"
"Sales",54932,"Munoz","Kamakshi"
"Sales",54937,"Schmezko","Jiong"
"Sales",92772,"McClurg","Mohamadou"
"Sales",54976,"Berstel","Xiaocheng"
"Sales",40950,"Herber","Isaac"
"Sales",54988,"Welham","Lucien"
"Sales",106254,"Lowrie","Gian"
"Sales",217917,"Krzyzanowski","Stella"
"Sales",272034,"Atchley","Zdislav"
"Sales",237255,"Collette","Dipayan"
"Sales",55267,"Berendt","Uta"
"Sales",217964,"Mitzlaff","Abdelghani"
"Sales",217971,"Giaccio","Zsolt"
"Sales",55348,"Jansch","Lorien"
"Sales",426732,"Cairo","Joydip"
"Sales",55718,"McAffer","Jeane"
"Sales",55719,"Bazelow","Howell"
"Sales",55739,"Schlegelmilch","Shirish"
"Sales",55748,"Swick","Masato"
"Sales",290800,"Meriste","Shmuel"
"Sales",220722,"Slaats","Claudi"
"Sales",55810,"Schaaf","Leif"
"Sales",55831,"Ravishankar","Xudong"
"Sales",292149,"Provine","Xuejia"
"Sales",56056,"Perng","Uma"
"Sales",56065,"Nollmann","Mabhin"
"Sales",56068,"Schapiro","Haldun"
"Sales",248365,"Gniady","Xinyu"
"Sales",56133,"Sullins","Ebru"
"Sales",56143,"Bondorf","Sakthirel"
"Sales",220758,"Schapire","Chiradeep"
"Sales",220766,"Litzkow","Xiadong"
"Sales",292167,"Murrill","Guenter"
"Sales",272066,"Conia","Seongbae"
"Sales",56428,"Hanabata","Olivera"
"Sales",56479,"Seuren","Arup"
"Sales",251886,"Ermel","Faiza"
"Sales",56481,"Pettey","Maha"
"Sales",237288,"Lagarias","Tomofumi"
"Sales",56725,"Penz","Hatim"
"Sales",433857,"Terwilliger","Shiv"
"Sales",56731,"Haddadi","Malu"
"Sales",220842,"Hooghiemstra","Shigehiro"
"Sales",415834,"Kenevan","Dannz"
"Sales",220864,"Azuma","Frazer"
"Sales",220869,"Braunmuhl","JoAnne"
"Sales",292198,"Gien","Geoff"
"Sales",86351,"Staylopatis","Jackson"
"Sales",220891,"Bharadwaj","Mats"
"Sales",56828,"Stanfel","Yinghua"
"Sales",106176,"Thebaut","Karsten"
"Sales",220921,"Chorvat","Byong"
"Sales",40757,"Fadgyas","Christ"
"Sales",292214,"Gaughan","Jayesh"
"Sales",292216,"Chartres","Shalesh"
"Sales",220957,"Tibblin","Volkmar"
"Sales",292334,"Samarati","Kasturi"
"Sales",13856,"Conta","Xiping"
"Sales",237296,"Zeidenstein","Saeko"
"Sales",298333,"Basart","Huican"
"Sales",57141,"Oxenboll","Mark"
"Sales",57182,"Naudin","Zhigen"
"Sales",57373,"Zhiwei","Mabry"
"Sales",489668,"Decleir","Georg"
"Sales",292225,"Masaki","Byong"
"Sales",292236,"Rusterholz","Jamaludin"
"Sales",106170,"Nergos","Giap"
"Sales",292237,"Azevdeo","Tadanori"
"Sales",221038,"Mahnke","Kenroku"
"Sales",57447,"Schieder","Herbert"
"Sales",57450,"Lagarias","Shridhar"
"Sales",221048,"Rassart","Kwangho"
"Sales",57501,"Chiodo","Keiichiro"
"Sales",57508,"Rousseau","Muneo"
"Sales",57511,"Crabtree","Weidon"
"Sales",57514,"Byoun","Hyuckchul"
"Sales",57521,"Baak","Janalee"
"Sales",57876,"Jervis","Danai"
"Sales",495800,"Bondorf","Ugo"
"Sales",489667,"Dehkordi","Thanasis"
"Sales",415842,"Mapelli","Jeanne"
"Sales",57952,"Zuberek","Make"
"Sales",57953,"Mattern","Susanna"
"Sales",57957,"Werthner","Marla"
"Sales",403878,"Sichman","Rance"
"Sales",292359,"Orsini","Theron"
"Sales",272425,"Staylopatis","Vugranam"
"Sales",58010,"Broder","Gennady"
"Sales",58021,"Griswold","Alexius"
"Sales",92744,"Esteva","Danae"
"Sales",292365,"Cheshire","Gritta"
"Sales",58620,"Rosenbaum","Toshimori"
"Sales",415849,"Walstra","Susanta"
"Sales",40441,"Hanratty","Candida"
"Sales",292569,"Poulakidas","Amabile"
"Sales",414307,"Khasidashvili","Zhensheng"
"Sales",292570,"Schaad","Arumugam"
"Sales",272504,"Ramaiah","Kwan"
"Sales",58895,"Spinelli","Eishiro"
"Sales",221437,"Matzel","Hatim"
"Sales",292603,"Tomescu","DeForest"
"Sales",58916,"Raney","Poorav"
"Sales",292608,"Buchter","Tonia"
"Sales",433898,"Kugler","Erez"
"Sales",58987,"Rosch","Leen"
"Sales",106157,"Asser","Geoffry"
"Sales",221476,"Cesareni","Murthy"
"Sales",59214,"Eiter","Hitomi"
"Sales",59232,"Panangaden","Stafford"
"Sales",221512,"Hennings","Xuedong"
"Sales",272547,"Bain","Gina"
"Sales",40417,"Sundgren","Gian"
"Sales",59289,"Sridhar","Yucel"
"Sales",59309,"Sury","Dannz"
"Sales",292624,"Jiang","Huiqun"
"Sales",292386,"Huttel","Yuqun"
"Sales",221560,"Weisert","Jahangir"
"Sales",59361,"Perez","Shawna"
"Sales",59363,"DuCasse","Lein"
"Sales",60106,"Homond","Saniya"
"Sales",221596,"Sundgren","Heejo"
"Sales",88261,"Liedekerke","Cristinel"
"Sales",13501,"Peek","Caolyn"
"Sales",60162,"Heemskerk","Tesuya"
"Sales",221641,"Cummings","Ulf"
"Sales",106153,"Gluchowski","Arfst"
"Sales",60184,"Vakili","Miquel"
"Sales",248836,"Raoux","IEEE"
"Sales",221664,"Jullig","Sedat"
"Sales",60413,"Assaf","Renny"
"Sales",60430,"Schlumberger","Josyula"
"Sales",221866,"Montemayor","Chandrasekaran"
"Sales",292983,"Kalefeld","Tzu"
"Sales",18004,"Miyakawa","George"
"Sales",221884,"McConalogue","Lakshmi"
"Sales",40361,"Rajcani","Howell"
"Sales",221885,"Joslin","Jacopo"
"Sales",221886,"Merro","Marsha"
"Sales",62409,"Peng","Zhonghui"
"Sales",92726,"Doering","Saeed"
"Sales",495755,"Erni","Jiang"
"Sales",414319,"Brendel","Zengping"
"Sales",292418,"Fairtlough","Urs"
"Sales",248847,"Rotem","Abdelghani"
"Sales",433917,"Desikan","Erez"
"Sales",62902,"Bultermann","Oldrich"
"Sales",237438,"Kading","Junichi"
"Sales",40324,"Cools","Maya"
"Sales",62937,"Neiman","Susanna"
"Sales",62963,"Sethi","Basem"
"Sales",293014,"Danlos","Uzi"
"Sales",63026,"Stassinopoulos","Jaber"
"Sales",63055,"Falco","Aleksandar"
"Sales",292427,"Porotnikoff","Irena"
"Sales",17994,"Msuda","Oscar"
"Sales",293023,"Waymire","Odinaldo"
"Sales",403904,"Khasidashvili","Feipei"
"Sales",253733,"Rissland","Jiang"
"Sales",106104,"Lueh","Magdalena"
"Sales",272829,"Babb","Guadalupe"
"Sales",63316,"Segond","Jeanna"
"Sales",293040,"Merey","Rildo"
"Sales",63378,"Plotkin","Satoru"
"Sales",293049,"Gustavson","Navin"
"Sales",248852,"Kalloufi","Oldrich"
"Sales",272840,"Gulak","Sorina"
"Sales",63586,"Tibblin","Prodip"
"Sales",63620,"Knightly","Mikhail"
"Sales",40304,"Luan","Leon"
"Sales",40107,"Tsunoo","Basil"
"Sales",40080,"Bressoud","Eberhardt"
"Sales",272842,"Lamparter","Renny"
"Sales",293123,"Luck","Basem"
"Sales",63682,"Erdi","Boguslaw"
"Sales",63688,"Spieker","Jouni"
"Sales",433922,"Brookner","Owen"
"Sales",222199,"Demizu","Collette"
"Sales",222210,"Demian","Augustine"
"Sales",63907,"Bugrara","Ayakannu"
"Sales",292653,"Gide","Basim"
"Sales",293144,"Huhdanpaa","Junichi"
"Sales",63934,"Hedayat","Uinam"
"Sales",222227,"Validov","Gilbert"
"Sales",222245,"Mandell","Kwee"
"Sales",63986,"Piveteau","Bokyung"
"Sales",64010,"Erev","Aron"
"Sales",64011,"Isaak","Xuejun"
"Sales",64014,"Marrevee","Chaoyi"
"Sales",222259,"Lagarias","Moni"
"Sales",222261,"Ecklund","Jingling"
"Sales",64059,"Iisaka","Behnaam"
"Sales",39963,"Sichman","Seshu"
"Sales",272897,"Erde","Gila"
"Sales",64138,"Fetvedt","Yuqun"
"Sales",272908,"Fioravanti","Toshimitsu"
"Sales",222321,"Kroft","Fuqing"
"Sales",64171,"Kaelbling","Heather"
"Sales",222514,"Kaminger","Moie"
"Sales",13491,"Halevi","Xiaocheng"
"Sales",12612,"Thimonier","Chandrasekaran"
"Sales",293342,"Moehrke","Dekang"
"Sales",64254,"Petersohn","Tru"
"Sales",105818,"Hoogerwoord","Gro"
"Sales",222544,"Yeung","Yagil"
"Sales",105790,"Mandell","Collette"
"Sales",293380,"Linares","Giap"
"Sales",272979,"Engberts","Xinyu"
"Sales",292722,"Cochrane","Mizuhito"
"Sales",222589,"Hemaspaandra","Kamakshi"
"Sales",222619,"Malabarba","Arve"
"Sales",272989,"Laventhal","Danil"
"Sales",222635,"Narlikar","Utz"
"Sales",64489,"Thorensen","Gay"
"Sales",293418,"Furudate","Douadi"
"Sales",222656,"Gente","Aluzio"
"Sales",64934,"Munos","Rosli"
"Sales",273021,"Ishibashi","Pohua"
"Sales",39417,"Maksimenko","Jeanne"
"Sales",495684,"Lieblein","Shan"
"Sales",39416,"Serot","Juichirou"
"Sales",65414,"Setlzner","Florina"
"Sales",273054,"Strehl","Karoline"
"Sales",293826,"Falck","Mahendra"
"Sales",39408,"Yoshizawa","Arto"
"Sales",403916,"Zobel","Toshimitsu"
"Sales",39380,"Smailagic","Visit"
"Sales",65450,"Rosch","Jianhui"
"Sales",105572,"Haldar","Vivian"
"Sales",65491,"Cooman","Suvo"
"Sales",65518,"Mahmud","Arlette"
"Sales",487658,"Erdi","Boalin"
"Sales",222751,"Bridgland","Hideyuki"
"Sales",222755,"Frolund","Yongqiao"
"Sales",222781,"Dratva","Anneli"
"Sales",222791,"Eastman","Ohad"
"Sales",273264,"Broder","Tonny"
"Sales",427838,"DiGiano","Breannda"
"Sales",105475,"Impagliazzo","Mariangiola"
"Sales",237554,"Benner","Muzhong"
"Sales",222833,"Mapelli","Duke"
"Sales",222836,"Aloia","Ishfaq"
"Sales",92434,"Budinsky","Chenxi"
"Sales",427847,"Vernadat","Jeanna"
"Sales",66771,"Brickell","Hideo"
"Sales",39295,"Ginesta","Yuchang"
"Sales",248899,"Oberman","Sanjit"
"Sales",237592,"Brodie","Abdelwaheb"
"Sales",248902,"Esteva","Lihong"
"Sales",66821,"Shrader","Aiman"
"Sales",251905,"Terekhov","Bernardo"
"Sales",495659,"Ferretti","Janalee"
"Sales",237600,"Flexer","Saniya"
"Sales",427862,"Valtorta","Guoxiang"
"Sales",66877,"Rissland","Shaleah"
"Sales",293964,"Escriba","Tristan"
"Sales",222936,"Lindqvist","Djenana"
"Sales",492432,"Sluis","Masanao"
"Sales",222949,"Vieri","Steve"
"Sales",13413,"Iivonen","Sanjit"
"Sales",67293,"Burnard","Doohun"
"Sales",67317,"Haumacher","Nikolaos"
"Sales",39115,"Mungall","Subir"
"Sales",251919,"Nivat","Goh"
"Sales",67359,"Strooper","Yongmin"
"Sales",294170,"Improta","Valeri"
"Sales",105412,"Orlowski","Sedat"
"Sales",67966,"Kropp","Ortrun"
"Sales",294180,"Rodier","Herbert"
"Sales",251931,"Fetvedt","Zeydy"
"Sales",223232,"Clouatre","Chikako"
"Sales",273401,"Encarnacion","Herb"
"Sales",294227,"Ligten","Heather"
"Sales",68065,"Maierhofer","Filipe"
"Sales",294230,"Lodder","Tse"
"Sales",68484,"Preusig","Chandrasekaran"
"Sales",487613,"Brobst","Clyde"
"Sales",223274,"Vigier","Boriana"
"Sales",68539,"Matteis","Oddvar"
"Sales",39015,"Zolotykh","Ayakannu"
"Sales",223276,"Mukaidono","Goo"
"Sales",69099,"Thambidurai","Yolla"
"Sales",105379,"Liedekerke","Zhiguo"
"Sales",17971,"Macedo","Basil"
"Sales",38766,"Wegerle","Sreenivas"
"Sales",223302,"Feldmann","Inderjeet"
"Sales",292805,"Hoogerwoord","Jacqueline"
"Sales",294275,"Luiz","Duri"
"Sales",223310,"Erdi","Jolita"
"Sales",69625,"Taneja","Remmert"
"Sales",294276,"Trystram","Berthier"
"Sales",273580,"Munos","Chinhyun"
"Sales",88207,"Peron","Shuho"
"Sales",69665,"Fioravanti","Uzi"
"Sales",294309,"Capobianchi","Mostafa"
"Sales",295992,"Zultner","Jingling"
"Sales",38661,"Furedi","Morrie"
"Sales",38619,"Pena","Avishai"
"Sales",223365,"Pokrovskii","Annemarie"
"Sales",69749,"Wynblatt","Aran"
"Sales",70150,"Gulla","Sushant"
"Sales",70160,"Cherinka","Ashish"
"Sales",70180,"Cichocki","Renee"
"Sales",296013,"Perfilyeva","Yakichi"
"Sales",427952,"Weiland","Ottavia"
"Sales",403943,"Christianini","Geoffrey"
"Sales",495591,"Stentiford","Masanao"
"Sales",70279,"Stanger","Fox"
"Sales",92359,"Hanratty","Berto"
"Sales",70324,"Clouatre","Phuoc"
"Sales",70325,"Garrabrants","Elvis"
"Sales",248941,"Azumi","Visit"
"Sales",273696,"Camurati","Yongmao"
"Sales",223459,"Denna","Reuven"
"Sales",70425,"Businaro","Mechthild"
"Sales",70784,"Akaboshi","Abdelwaheb"
"Sales",38505,"Marciano","Erez"
"Sales",428150,"Tokunaga","Ulf"
"Sales",415897,"Duclos","Masami"
"Sales",70847,"Rossi","Jiafu"
"Sales",70871,"Beutelspacher","Bedrich"
"Sales",70873,"Callaway","Kiam"
"Sales",70883,"Munoz","Manton"
"Sales",38497,"Hiltgen","Anyuan"
"Sales",70908,"Unni","Brigham"
"Sales",489647,"Bondorf","Tomokazu"
"Sales",86337,"Munke","Rafols"
"Sales",70944,"Siksek","Berhard"
"Sales",70945,"Zwicker","Sugwoo"
"Sales",70977,"Wiegley","Ayonca"
"Sales",292862,"Heiserman","Hein"
"Sales",71064,"Genther","Kokou"
"Sales",223741,"Gaughan","Kersti"
"Sales",71076,"Rosca","Huei"
"Sales",223754,"Nyrup","Mrinalini"
"Sales",71111,"Rijckaert","Denis"
"Sales",237718,"Lally","Jaana"
"Sales",71137,"Segond","Honesty"
"Sales",223777,"Genin","Leen"
"Sales",91984,"Marakhovsky","Bader"
"Sales",17909,"Verspoor","Ishfaq"
"Sales",71197,"Rebaine","Rutger"
"Sales",273786,"Pramanik","Stafford"
"Sales",428171,"Matteis","Remko"
"Sales",71492,"Greenaway","Lidong"
"Sales",71521,"Mawatari","Fumitake"
"Sales",105296,"Peha","Conor"
"Sales",71562,"Docker","Basim"
"Sales",296382,"Perelgut","Yaghout"
"Sales",495535,"Paciorek","Srinidhi"
"Sales",71587,"Dichev","Chenyi"
"Sales",273803,"Ligten","Suebskul"
"Sales",296387,"Riexinger","Yuguang"
"Sales",71649,"Buchter","Leah"
"Sales",223864,"Lueh","Gina"
"Sales",248950,"Olivero","Arco"
"Sales",105271,"Yurek","Keung"
"Sales",296432,"Brendel","Atreyi"
"Sales",223876,"Ramsay","Hsiangchu"
"Sales",38236,"Clouatre","Kinh"
"Sales",292910,"Luce","Debatosh"
"Sales",296437,"Lund","Frederique"
"Sales",296444,"Debuse","Berhard"
"Sales",296446,"Michaeli","Jouni"
"Sales",71773,"Ebeling","Leen"
"Sales",299552,"Onuegbe","Mark"
"Sales",249130,"Bail","Tadahiro"
"Sales",91955,"Mamelak","Mantis"
"Sales",495521,"Heemskerk","Sakthirel"
"Sales",38210,"Hockney","Kristen"
"Sales",428191,"Rosay","Kersti"
"Sales",224010,"Dayana","Sigeru"
"Sales",71890,"Koshiba","Jeong"
"Sales",224013,"Trystram","Torsten"
"Sales",71929,"Gire","Sumant"
"Sales",72102,"Silva","Maha"
"Sales",292914,"Borovoy","Radhia"
"Sales",428199,"Solovay","Ioana"
"Sales",72156,"Stassinopoulos","Izaskun"
"Sales",495514,"Mikschl","Zijian"
"Sales",299561,"Simmel","Teruyuki"
"Sales",72208,"Chiodo","Stepehn"
"Sales",296688,"Schieder","Nahid"
"Sales",292926,"Krogh","Yuuichi"
"Sales",249145,"Bultermann","Ortrud"
"Sales",72263,"Ressouche","Jouko"
"Sales",38155,"Schwartzbauer","Anestis"
"Sales",292934,"Ducloy","Van"
"Sales",72301,"Hasenauer","Roded"
"Sales",72302,"Fontan","Aran"
"Sales",72324,"Curless","Ottavia"
"Sales",435059,"Lukaszewicz","Josyula"
"Sales",273953,"Benzaken","Maria"
"Sales",72356,"Cappelli","Candida"
"Sales",273984,"Tasistro","Sanjay"
"Sales",72402,"Kruskal","Margareta"
"Sales",72404,"Rassart","KayLiang"
"Sales",224171,"Ramamoorthy","Chaitali"
"Sales",37913,"Demri","Elvis"
"Sales",105060,"Rosin","Manu"
"Sales",224185,"Nitta","King"
"Sales",72865,"Muhling","Ronnie"
"Sales",72900,"Schoegge","Fan"
"Sales",37831,"Salinas","Nirmal"
"Sales",224356,"Tischendorf","Giri"
"Sales",37793,"Brendel","Naftali"
"Sales",237836,"Xiaoshan","Kolar"
"Sales",91896,"Billawala","Atreyi"
"Sales",73295,"Kinley","Weiye"
"Sales",224427,"Taneja","Shridhar"
"Sales",37601,"Naumovich","Gilbert"
"Sales",73365,"Erdi","Munehiko"
"Sales",224449,"Dayana","Martina"
"Sales",37600,"Engelmann","Kerhong"
"Sales",274009,"Desikan","Christoph"
"Sales",73414,"Eickenmeyer","Lijie"
"Sales",37587,"Pfau","Mahendra"
"Sales",37580,"Georg","Alair"
"Sales",224470,"Baja","Vesna"
"Sales",73669,"Vrecion","Shigehiro"
"Sales",37571,"Zyda","Lena"
"Sales",299571,"Bratsberg","Lihong"
"Sales",73713,"Itzfeldt","Elvia"
"Sales",224496,"Pargas","Masako"
"Sales",73757,"Pell","Jeong"
"Sales",237857,"Merkl","Larisa"
"Sales",249155,"Sherertz","Radhia"
"Sales",274047,"Bail","Mitsuyuki"
"Sales",428228,"Harbusch","Marin"
"Sales",296769,"Randt","Pantung"
"Sales",296774,"Sankaranarayanan","Ashish"
"Sales",104992,"Bottner","Toshimo"
"Sales",73860,"Thimonier","Vatsa"
"Sales",73893,"Marchesini","Kiam"
"Sales",274059,"Falby","Niclas"
"Sales",73918,"Heuter","Zhongwei"
"Sales",274069,"Cichocki","Susanna"
"Sales",74119,"Cannane","Uta"
"Sales",292970,"Strandh","Xinyu"
"Sales",85881,"Glinert","Hironoby"
"Sales",296804,"Conry","Takushi"
"Sales",296823,"Kuhnemann","Shahid"
"Sales",274097,"Sadowski","Lene"
"Sales",252156,"Huhdanpaa","Mountaz"
"Sales",74346,"Panangaden","Ymte"
"Sales",74359,"Gischer","Pramod"
"Sales",104924,"Schurmann","Bernardo"
"Sales",293151,"Ballarin","Troy"
"Sales",86315,"Matzov","Dharmaraja"
"Sales",296889,"Doering","Duro"
"Sales",414386,"Eiter","Bangqing"
"Sales",249167,"Schmittgen","Yifei"
"Sales",224651,"Rosenbaum","Douadi"
"Sales",104740,"Ghalwash","Vishwani"
"Sales",224667,"Harllee","Ziva"
"Sales",227542,"Menhardt","Magdalena"
"Sales",227565,"Nourani","Constantino"
"Sales",296930,"Grandbois","Hsiangchu"
"Sales",296944,"Cyre","Kankanahalli"
"Sales",74965,"Babu","Owen"
"Sales",227577,"Gomatam","Yannik"
"Sales",75000,"Ritcey","Hidekazu"
"Sales",227584,"Skrikant","Gita"
"Sales",489599,"Alencar","Gianluca"
"Sales",75104,"Pavlopoulou","Yishay"
"Sales",75283,"Menhoudj","Morris"
"Sales",104719,"Wynblatt","Guenter"
"Sales",75305,"Angelopoulos","Manu"
"Sales",75314,"Ranst","Valter"
"Sales",495484,"Krohm","Hercules"
"Sales",227643,"Felcyn","Luise"
"Sales",428261,"Georgatos","Zhonghua"
"Sales",227650,"Juneja","Takanari"
"Sales",227656,"Bottner","Krister"
"Sales",75400,"Uludag","Tua"
"Sales",104710,"Trogemann","Munenori"
"Sales",75406,"Luca","Paraskevi"
"Sales",75407,"Cincotta","Mahendra"
"Sales",104685,"Heuter","Ult"
"Sales",296970,"Isaac","Jianwen"
"Sales",104679,"Acton","Roselyn"
"Sales",249169,"Jumpertz","Zorica"
"Sales",495466,"Passino","Ingmar"
"Sales",274186,"Frolund","Neelam"
"Sales",293156,"Koprowski","Shushma"
"Sales",227729,"Usery","Katsuyuki"
"Sales",17666,"Delgrange","Chenxi"
"Sales",75737,"Jording","Koldo"
"Sales",37215,"Ecklund","Lenore"
"Sales",75753,"Sadowsky","Mohammed"
"Sales",227739,"Bazzichi","Yagil"
"Sales",428284,"Speckmann","Suzette"
"Sales",75981,"Cunliffe","Jiang"
"Sales",75987,"Narahara","Pradeep"
"Sales",37212,"Meszaros","Martial"
"Sales",274196,"Demizu","Ghassan"
"Sales",227764,"Sigstam","Maik"
"Sales",293157,"Schapire","Jolita"
"Sales",428301,"Przulj","Isamu"
"Sales",76086,"Spinelli","Ebbe"
"Sales",297063,"Zwicker","Kersti"
"Sales",37152,"Passafiume","Gennadi"
"Sales",297066,"Gecsei","Guiseppe"
"Sales",434206,"Angelov","Elrique"
"Sales",76527,"Kaiser","Serap"
"Sales",37150,"Menyhert","Nevio"
"Sales",274222,"Sessa","Heping"
"Sales",297083,"Wielonsky","Mohit"
"Sales",227847,"Birnbaum","Masanao"
"Sales",403951,"Serov","Yongqiao"
"Sales",76590,"Bazelow","Mats"
"Sales",76625,"Magliocco","Sushant"
"Sales",297102,"Renear","Garnet"
"Sales",76667,"Puppe","Luisa"
"Sales",76677,"Bratten","Yahiko"
"Sales",76678,"Aloia","Doohun"
"Sales",414393,"Honglei","Willard"
"Sales",428328,"Terlouw","Laurentiu"
"Sales",238024,"Highland","Keiichiro"
"Sales",404859,"Gelosh","Koldo"
"Sales",297117,"Gist","Horward"
"Sales",91855,"Erbe","Denis"
"Sales",299856,"Openshaw","Fuqing"
"Sales",227996,"Couchot","Sukumar"
"Sales",36928,"Yoshizawa","Wuxu"
"Sales",274255,"Molenkamp","Marie"
"Sales",228013,"Armand","Dipankar"
"Sales",76878,"Turnbull","Abdelwaheb"
"Sales",76881,"Pusterhofer","Zsolt"
"Sales",76892,"Collavizza","Mohammed"
"Sales",404584,"Kolinko","Gennady"
"Sales",274264,"Siepmann","Rosli"
"Sales",297157,"Pell","Ramalingam"
"Sales",76932,"Perfilyeva","Radoslaw"
"Sales",76935,"Serna","Atreye"
"Sales",297180,"Krybus","Shrikanth"
"Sales",228070,"DeMori","Yoshinari"
"Sales",77015,"Nollmann","Ute"
"Sales",77016,"Tyugu","Chenyi"
"Sales",36791,"Rabejac","Kinh"
"Sales",414426,"Hofting","Junsik"
"Sales",77081,"Fritzsche","Rance"
"Sales",77084,"Siegrist","Gao"
"Sales",297197,"Fiebach","Adhemar"
"Sales",404600,"Spieker","Geoff"
"Sales",77127,"Welham","Toshimo"
"Sales",249213,"Baalen","Shalesh"
"Sales",428427,"Merli","Hitofumi"
"Sales",77148,"Socorro","Tomoyuki"
"Sales",104606,"Strooper","Gal"
"Sales",297236,"Serra","Bedir"
"Sales",228125,"Bharadwaj","Pohua"
"Sales",77183,"Schueller","Isaac"
"Sales",77198,"Murtafg","Siamak"
"Sales",77230,"Varman","Hyuncheol"
"Sales",297238,"Buchter","Theron"
"Sales",228148,"Yetto","Gro"
"Sales",297245,"Potthoff","Gina"
"Sales",403979,"Morrin","Xinglin"
"Sales",77321,"Shrader","Cullen"
"Sales",77324,"Isaac","Gila"
"Sales",297266,"Furedi","Adil"
"Sales",274294,"Kading","Amalendu"
"Sales",274322,"Benantar","Ranga"
"Sales",404980,"Muchinsky","Nitsan"
"Sales",91598,"Undy","Junsik"
"Sales",77433,"Businaro","Ung"
"Sales",17646,"Farris","Ramzi"
"Sales",77477,"Ozeki","Percy"
"Sales",414441,"Koshiba","Howell"
"Sales",77533,"Nittel","Roddy"
"Sales",104580,"Spieker","Karoline"
"Sales",238162,"Goldhammer","Janalee"
"Sales",77568,"Peck","Erzsebet"
"Sales",91567,"Siksek","Zine"
"Sales",77576,"Chimia","Rosalie"
"Sales",77605,"Brendel","Sastry"
"Sales",293271,"Perly","Uri"
"Sales",228498,"Neiman","Aamod"
"Sales",274410,"Zockler","Teruyuki"
"Sales",228508,"Nyrup","Tesuro"
"Sales",228517,"Leaver","Huei"
"Sales",274423,"Segond","Amalendu"
"Sales",104578,"Steinauer","Arunachalam"
"Sales",77689,"Swan","Abdelkader"
"Sales",77702,"Jiang","Barna"
"Sales",104237,"Luef","Nitsan"
"Sales",238170,"Baba","Fay"
"Sales",274446,"Albarhamtoshy","Saeed"
"Sales",77753,"Valtorta","Masanao"
"Sales",274492,"Zeilberger","Malu"
"Sales",77801,"Hmelo","Hugo"
"Sales",435594,"Ravishankar","Hugo"
"Sales",489587,"Muhlberg","Zdislav"
"Sales",77844,"Gill","Genevieve"
"Sales",77848,"Pokrovskii","Lokesh"
"Sales",228771,"Menhoudj","Giri"
"Sales",104211,"Biran","Khun"
"Sales",274508,"Vickson","Rosli"
"Sales",297717,"Karnin","Nahid"
"Sales",489559,"Macedo","Adamantios"
"Sales",77961,"Ramamoorthy","Jixiang"
"Sales",77966,"Garnham","Panayotis"
"Sales",228807,"Shanbhogue","Poornachandra"
"Sales",238186,"Siochi","Fusako"
"Sales",415915,"Pfau","Saeko"
"Sales",297734,"Erman","Domenick"
"Sales",297743,"Renear","Ranga"
"Sales",78020,"Lorie","Moie"
"Sales",36649,"Chorvat","Sachem"
"Sales",78087,"Nastansky","Baoqiu"
"Sales",78092,"Hutter","Stein"
"Sales",228861,"Siksek","KayLiang"
"Sales",274521,"Winter","Mohammed"
"Sales",78106,"Ratnaker","Ashish"
"Sales",297778,"Riefers","Gaurav"
"Sales",297801,"Bouloucos","Martijn"
"Sales",297828,"Piazza","Chirstian"
"Sales",36600,"Thorensen","Berto"
"Sales",36591,"Goodrum","Heeju"
"Sales",489554,"Werthner","Goetz"
"Sales",274551,"Albarhamtoshy","Giordano"
"Sales",78273,"Verhoeff","Mona"
"Sales",78284,"Schrift","Marit"
"Sales",91534,"Dalton","Arun"
"Sales",78305,"Veevers","Fabrizio"
"Sales",229181,"Ponthieu","Oldrich"
"Sales",78412,"Rousseau","Nathalie"
"Sales",78424,"Bierbaum","Falguni"
"Sales",229204,"Sichman","Tomoyuki"
"Sales",492408,"Chaudhury","Hyuncheol"
"Sales",293301,"McClure","Aran"
"Sales",78453,"Olivero","Hyuckchul"
"Sales",229236,"Plumb","Jianwen"
"Sales",229238,"Dahlbom","IEEE"
"Sales",249462,"Avouris","Junsik"
"Sales",297998,"Lieberherr","Etsuo"
"Sales",78494,"Benzmuller","Snehasis"
"Sales",104110,"Lupu","Gaurav"
"Sales",78525,"Muntz","Shuichi"
"Sales",249468,"Ibel","Yakkov"
"Sales",78556,"Bernardinello","Moty"
"Sales",249484,"Miculan","Phuoc"
"Sales",78577,"Heystek","Guadalupe"
"Sales",229355,"Stellhorn","Sajjan"
"Sales",78602,"Masamoto","Steve"
"Sales",78628,"Varley","Nahid"
"Sales",293482,"Merks","Tamiya"
"Sales",299970,"Pargaonkar","Yuping"
"Sales",494901,"Pfau","Heather"
"Sales",229376,"Vasanthakumar","Miyeon"
"Sales",87836,"Versino","Patricia"
"Sales",78725,"Scallan","Yakichi"
"Sales",298016,"Rodham","Patricio"
"Sales",78763,"Kandlur","Odinaldo"
"Sales",36508,"Delgrande","Djenana"
"Sales",298033,"Verhoeff","Parto"
"Sales",78797,"Sessa","Margareta"
"Sales",229430,"Bridgland","Marko"
"Sales",78852,"Vuskovic","Kazunori"
"Sales",78858,"Bauknecht","Arlette"
"Sales",293526,"Decleir","Ekawit"
"Sales",91437,"Kragelund","Zhiwei"
"Sales",78951,"Mondadori","Faiza"
"Sales",274734,"Sury","Changho"
"Sales",274743,"Driscoll","Irena"
"Sales",36476,"Bugrara","Weiye"
"Sales",79049,"Besancenot","Lijie"
"Sales",91429,"Pollock","Shaunak"
"Sales",298107,"McAffer","Masanao"
"Sales",298117,"Boguraev","Amabile"
"Sales",91402,"Pietrzykowski","Dinkar"
"Sales",79152,"Rubsam","Barun"
"Sales",79167,"Marchegay","Chenyi"
"Sales",36458,"Garnier","Willard"
"Sales",79190,"Servi","Tsuneo"
"Sales",293530,"Kakkar","Xianlong"
"Sales",414522,"Gornas","Filipe"
"Sales",103689,"Antonakopoulos","Charlene"
"Sales",298130,"Aloia","Vugranam"
"Sales",79271,"Ratnakar","Jiang"
"Sales",36442,"Pelz","Jianwen"
"Sales",249516,"Sadowsky","Ayakannu"
"Sales",103679,"Azuma","Vasilii"
"Sales",298132,"Keustermans","Pintsang"
"Sales",36417,"Albarhamtoshy","Aamod"
"Sales",238779,"Driscoll","Shigeaki"
"Sales",298137,"Bashian","Cathie"
"Sales",494851,"Boguraev","Somnath"
"Sales",79371,"Curless","Tayeb"
"Sales",238786,"Qiwen","Ohad"
"Sales",79393,"Validov","Ziyad"
"Sales",298139,"Pargaonkar","Val"
"Sales",17608,"Bahl","Ennio"
"Sales",79448,"Luke","Chinya"
"Sales",79469,"Oberman","Yannis"
"Sales",298350,"Marrakchi","Ger"
"Sales",79492,"Gurbaxani","Vidya"
"Sales",79498,"Mapelli","Hilari"
"Sales",36354,"Kaiserswerth","Manu"
"Sales",36350,"Rossi","Yoshimitsu"
"Sales",79517,"Jervis","Pramod"
"Sales",229704,"Sommer","Gino"
"Sales",79555,"Schieder","Moon"
"Sales",494849,"Pillow","Jouni"
"Sales",79596,"Papadias","Gio"
"Sales",230059,"Narlikar","Zijian"
"Sales",252196,"Knightly","Kazunori"
"Sales",103595,"Hutton","Zhensheng"
"Sales",293556,"Matzov","Chuanyi"
"Sales",36283,"Kohling","Gunilla"
"Sales",404024,"Rubsam","Toshimi"
"Sales",79721,"Koshiba","Quingbo"
"Sales",274909,"Hegner","Shaw"
"Sales",36267,"Gecsel","Sven"
"Sales",428691,"Chenoweth","Sushant"
"Sales",36239,"Luit","Phule"
"Sales",274916,"Hatcliff","Dipankar"
"Sales",298439,"Uhrig","Youssef"
"Sales",230161,"Comyn","Chriss"
"Sales",238807,"Schicker","Juyoung"
"Sales",79883,"Baak","Surveyors"
"Sales",494841,"Danley","Chuanti"
"Sales",79908,"Ritcey","Shigeaki"
"Sales",79910,"Honglei","Gad"
"Sales",299992,"Ecklund","Mizuhito"
"Sales",36201,"Luef","Emran"
"Sales",79950,"Uludag","Weiye"
"Sales",230558,"Ventosa","Rafael"
"Sales",274947,"Hopewell","Arif"
"Sales",86314,"Schade","Shai"
"Sales",36110,"Lung","Franziska"
"Sales",80015,"Bernick","Martijn"
"Sales",80070,"Thisen","Mana"
"Sales",36092,"Diderrich","Kamran"
"Sales",103125,"Aamodt","Huican"
"Sales",17573,"Deverell","Berthier"
"Sales",238859,"England","Vitali"
"Sales",298478,"Honglei","Giordano"
"Sales",494824,"Seuren","Masaru"
"Sales",298682,"Lambe","Werner"
"Sales",80198,"Anger","Yefim"
"Sales",252216,"Lichtman","Adamantios"
"Sales",230643,"Kohling","Masato"
"Sales",80224,"Zaiane","Reinhard"
"Sales",36050,"Gadepally","Gonzalo"
"Sales",494823,"Marshall","Kazuhiko"
"Sales",298706,"Oxenboll","Cedric"
"Sales",274988,"Kisuki","Kersti"
"Sales",80249,"Matzen","Guenter"
"Sales",230675,"Hasenauer","Shao"
"Sales",298720,"Erev","Pragnesh"
"Sales",36042,"Prochazka","Chaitali"
"Sales",103070,"Bondorf","Lenore"
"Sales",80349,"Lenart","Kristina"
"Sales",36032,"Luck","Mikhail"
"Sales",230691,"Angelopoulos","Mantis"
"Sales",80415,"Feinberg","Mohammad"
"Sales",275020,"Danley","Valeri"
"Sales",80518,"Vasanthakumar","Arto"
"Sales",232050,"Weedon","Tomoyuki"
"Sales",35989,"Crelier","Dmitri"
"Sales",35985,"Fujisawa","Kinh"
"Sales",293616,"Perfilyeva","Munir"
"Sales",80547,"Cannata","Shakhar"
"Sales",417100,"McClurg","Uriel"
"Sales",293632,"Kenevan","Arnould"
"Sales",80588,"Scallan","Taisook"
"Sales",298742,"Cromarty","Bowen"
"Sales",80620,"Gischer","Filipe"
"Sales",80652,"Itzigehl","Waiman"
"Sales",494762,"Olano","Sanjai"
"Sales",298761,"Schicker","Owen"
"Sales",253808,"Gladwell","Irena"
"Sales",102691,"Molenaar","Irene"
"Sales",275109,"Chelton","Berry"
"Sales",232188,"Benzaken","Sachio"
"Sales",80757,"Kavvadias","Seongbin"
"Sales",494566,"Siksek","Shen"
"Sales",35945,"Caine","Sivanarayana"
"Sales",80785,"Eastman","Elrique"
"Sales",232197,"Jansch","Vitaly"
"Sales",298787,"Parfitt","Marjo"
"Sales",232404,"Joslin","Tonia"
"Sales",494533,"Domenig","Domenick"
"Sales",298821,"Schaft","Chrisa"
"Sales",238949,"Cronin","Minghong"
"Sales",298826,"Luft","Uma"
"Sales",17560,"Giveon","Garnik"
"Sales",431494,"Schnabel","Richara"
"Sales",81033,"Perez","Georg"
"Sales",275190,"Lanphier","Phuoc"
"Sales",35708,"Gill","Clyde"
"Sales",81081,"Bahl","Uno"
"Sales",232474,"Luke","Ugo"
"Sales",81091,"Sinitsyn","Djenana"
"Sales",401210,"Lampe","Yurij"
"Sales",401215,"Miara","Jovan"
"Sales",81157,"Zykh","Aleksander"
"Sales",81163,"Fandrianto","Oldrich"
"Sales",35659,"Armand","Gro"
"Sales",232507,"Gimbel","Uinam"
"Sales",232508,"Brickell","Kankanahalli"
"Sales",238987,"Koyama","Seongbae"
"Sales",35649,"Einsfeld","Toshimitsu"
"Sales",275197,"Yurek","Brendon"
"Sales",81238,"Hemaspaandra","Katsuyuki"
"Sales",102673,"Vigier","Stamatina"
"Sales",35620,"Cardazo","Przemyslawa"
"Sales",293661,"Takkinen","Oldrich"
"Sales",102649,"Cochrane","Pranjal"
"Sales",232904,"Zuberek","Debaprosad"
"Sales",81371,"Hitomi","Along"
"Sales",81380,"Hiroyama","Sajjad"
"Sales",238989,"Kropatsch","Matk"
"Sales",81397,"Scallan","Jinpo"
"Sales",81406,"Levergood","Aamer"
"Sales",81408,"Picaronny","Atreye"
"Sales",102584,"Slaats","Jianhui"
"Sales",102224,"Wilharm","Toshimi"
"Sales",102207,"Emmerich","Weiru"
"Sales",232982,"Etalle","Supot"
"Sales",275225,"Luce","Mong"
"Sales",81480,"Levasseur","Tetsurou"
"Sales",298996,"Siksek","Geoff"
"Sales",233025,"Ulupinar","Jianhua"
"Sales",298998,"Massonet","DeForest"
"Sales",102193,"Halloran","Tadahiro"
"Sales",81592,"Rehfuss","Monique"
"Sales",102181,"Danner","Jacqueline"
"Sales",35348,"Luga","Douadi"
"Sales",87519,"Streng","Conal"
"Sales",81636,"Koshiba","Tomokazu"
"Sales",35323,"Lung","Lihong"
"Sales",239028,"Angel","Surveyors"
"Sales",299008,"Veeraraghavan","Xiping"
"Sales",494430,"Kitsuregawa","Shih"
"Sales",299035,"McClure","Munehiro"
"Sales",102135,"Einsfeld","Premal"
"Sales",35079,"Michaeli","Houman"
"Sales",81720,"Heuter","Emdad"
"Sales",81723,"Picel","Feixiong"
"Sales",233290,"Hanratty","Navin"
"Sales",81730,"DuBourdieux","Sergi"
"Sales",299049,"Hennings","Alois"
"Sales",299052,"Speer","Demos"
"Sales",435595,"Foote","Jianhui"
"Sales",233307,"Heiserman","Kamakshi"
"Sales",233320,"Birsak","Byong"
"Sales",81803,"Schlenzig","Mara"
"Sales",81841,"Stavenow","Harjit"
"Sales",81874,"Paciorek","Marke"
"Sales",35050,"Montemayor","Dharmaraja"
"Sales",81927,"Francisci","Premal"
"Sales",35047,"Guenter","Uta"
"Sales",81960,"Demke","Satyanarayana"
"Sales",293701,"McClurg","Mooi"
"Sales",81971,"Rattan","Tristan"
"Sales",239047,"Savasere","Laurentiu"
"Sales",82004,"Baar","Sukumar"
"Sales",275471,"Cangellaris","Florian"
"Sales",82027,"Ellozy","Henk"
"Sales",249631,"Cromarty","Bingning"
"Sales",275479,"Ratnakar","Georgi"
"Sales",34988,"Matzel","Moty"
"Sales",82160,"Buescher","Shem"
"Sales",299101,"Thisen","Guozhong"
"Sales",82184,"Leivant","Sukumar"
"Sales",234263,"Zallocco","Cheong"
"Sales",82215,"Hoppenstand","Xiaoqiang"
"Sales",293715,"Kroon","Sorina"
"Sales",434264,"Bamford","Chiranjit"
"Sales",34953,"Slobodova","Gen"
"Sales",82241,"Weedon","Serenella"
"Sales",293720,"Nivat","Bernd"
"Sales",275536,"Murtagh","Jacopo"
"Sales",254247,"Furudate","Van"
"Sales",82289,"Francisci","Sachar"
"Sales",82300,"Conia","Jouni"
"Sales",82322,"Setlzner","Mitsuyuki"
"Sales",234346,"Nivat","Sushant"
"Sales",234359,"Quadeer","Tonia"
"Sales",82386,"Neimat","Jiang"
"Sales",293741,"Setiz","Takahira"
"Sales",82444,"Slobodova","Along"
"Sales",82667,"Panwar","Phillip"
"Sales",82668,"Menhardt","Feipei"
"Sales",234597,"Thombley","Kazunori"
"Sales",82696,"Luck","Cheong"
"Sales",239074,"Koprowski","Chenyi"
"Sales",13335,"Akaboshi","Val"
"Sales",234614,"Nations","Aleksander"
"Sales",293756,"Matteis","Kousuke"
"Sales",234649,"Preusig","Joydip"
"Sales",83005,"Rebaine","Christoper"
"Sales",239257,"Nyanchama","Chikako"
"Sales",83026,"Sridhar","Sedat"
"Sales",234682,"Rossi","Bedir"
"Sales",401304,"Pena","Horward"
"Sales",83097,"Stranks","Hiroyasu"
"Sales",249654,"Zizka","JoAnna"
"Sales",83115,"Kermarrec","Kazuhiko"
"Sales",234721,"Murthy","Seongbin"
"Sales",83141,"Lunn","Fatemeh"
"Sales",83316,"Dengi","Sukumar"
"Sales",83352,"Sherertz","Panayotis"
"Sales",83423,"Arlazarov","Rayond"
"Sales",236101,"Feinberg","Wilmer"
"Sales",34611,"Remmers","Marl"
"Sales",414568,"Molenkamp","Sivanarayana"
"Sales",34421,"Journel","Hsiangchu"
"Sales",101724,"Bernardeschi","Mari"
"Sales",299251,"Ebeling","Harngdar"
"Sales",101705,"Ritzmann","Hailing"
"Sales",404620,"Munos","Patricio"
"Sales",83964,"Castellani","Odysseas"
"Sales",83965,"Pramanik","Leif"
"Sales",34386,"Berztiss","Freyja"
"Sales",83977,"Yetim","Masali"
"Sales",84150,"Massonet","Stamatina"
"Sales",84174,"Zeleznik","Shahar"
"Sales",489315,"Spell","Yonghoan"
"Sales",84208,"Gubsky","Aksel"
"Sales",239295,"Orlowska","Pragnesh"
"Sales",239297,"Rosch","Eben"
"Sales",275705,"Peak","Jolita"
"Sales",236162,"Fontet","Hausi"
"Sales",275734,"Fordan","Tomofumi"
"Sales",236213,"Munoz","Hongzhu"
"Sales",84521,"Luders","Sumant"
"Sales",275915,"Kadhim","Marjo"
"Sales",249674,"Petereit","Gila"
"Sales",236226,"Levasseur","Mart"
"Sales",236230,"Milicia","Baoqiu"
"Sales",87489,"Miculan","Hideo"
"Sales",101631,"Willoner","Georgi"
"Sales",494411,"Karnin","Faiza"
"Sales",84853,"Sidou","JiYoung"
"Sales",34265,"Tsunoo","Mihalis"
"Sales",84881,"Biron","Vidya"
"Sales",84882,"Weiland","Chikako"
"Sales",84883,"Khalil","Vishv"
"Sales",84925,"Ertl","Saniya"
"Sales",401331,"Luks","Fumino"
"Sales",84969,"Coombs","Girolamo"
"Sales",85332,"Androutsos","Odoardo"
"Sales",85352,"Taubenfeld","Fumitaka"
"Sales",236527,"Encarnacion","Roded"
"Sales",429026,"Ratnaker","Kristine"
"Sales",252264,"Bondorf","Masami"
"Sales",101599,"Swiler","Jouni"
"Sales",429028,"Seiwald","Ibibia"
"Sales",238252,"Suppi","Uno"
"Sales",85661,"Piazza","Shaw"
"Sales",85247,"Piancastelli","Supot"
"Sales",85666,"Pavlopoulou","Jingling"
"Sales",85668,"Kambil","Branimir"
"Sales",34177,"Worfolk","Emran"
"Sales",34175,"Azuma","Shahaf"
"Sales",16829,"Collavizza","Pintsang"
"Sales",238286,"Poehlman","Rafols"
"Sales",85797,"Brendel","Yuichiro"
"Sales",276006,"Iisaku","Gurbir"
"Sales",276015,"Serot","Nathalie"
"Sales",238305,"Valiente","Constantine"
"Sales",85994,"Kavanagh","Heather"
"Sales",86027,"Ariola","Rajmohan"
"Sales",86091,"Wuwongse","Saeko"
"Sales",101592,"Kalloufi","Kwan"
"Sales",86105,"Plesums","Guther"
"Sales",86140,"Rosaz","Chanjung"
"Sales",86147,"Yurek","Saeed"
"Sales",238383,"Hedayat","Shai"
"Sales",239363,"Garigliano","Miomir"
"Sales",86501,"Kugler","Junichi"
"Sales",238394,"Rosiles","Shigeaki"
"Sales",86549,"Itzfeldt","Ute"
"Sales",299722,"Begiun","Douadi"
"Sales",494386,"Androutsos","Wojceich"
"Sales",33918,"Anger","Gunilla"
"Sales",86649,"Lorho","Yuuichi"
"Sales",86849,"Piveteau","Kiam"
"Sales",276053,"Lyonns","TRUE"
"Sales",238437,"Bodoff","Rimli"
"Sales",86912,"Debuse","Yakkov"
"Sales",101381,"Menhoudj","Munehiko"
"Sales",86954,"Vesel","Sedat"
"Sales",86965,"Luit","Feixiong"
"Sales",86966,"Guting","Shaowei"
"Sales",401547,"Bolsens","Augustine"
"Sales",239398,"Bazelow","Rajmohan"
"Sales",87169,"Milicic","Fumitake"
"Sales",238522,"Masada","Macha"
"Sales",87230,"Mitina","Krister"
"Sales",33892,"Kitsuregawa","Yifei"
"Sales",238534,"Valiente","Lillian"
"Sales",33878,"Dichev","Marsal"
"Sales",276248,"Murtagh","Fabrizio"
"Sales",87273,"Maquelin","Saeko"
"Sales",33864,"Pusterhofer","Eric"
"Sales",33845,"Neimat","Danai"
"Sales",91142,"Imataki","Gad"
"Sales",238576,"Whittlesey","Shietung"
"Sales",87682,"Felcyn","Turgut"
"Sales",101353,"Bale","Vugranam"
"Sales",494380,"Einsfeld","Goh"
"Sales",87711,"Dulay","Willard"
"Sales",429049,"Armand","Geoffrey"
"Sales",87773,"Comyn","Annemarie"
"Sales",276258,"Denis","Ulf"
"Sales",33797,"Parfitt","Shaibal"
"Sales",276259,"Staudhammer","Shaleah"
"Sales",238601,"Curless","Jaques"
"Sales",33777,"Meszaros","Petter"
"Sales",87819,"Trelles","Geoffrey"
"Sales",238627,"Lamma","Marc"
"Sales",16821,"Czap","Heather"
"Sales",91130,"Shihab","Kinh"
"Sales",101327,"Lieblein","Kristine"
"Sales",252281,"Axelband","Thanasis"
"Sales",12541,"Nanard","Shih"
"Sales",101316,"Mandell","Carrsten"
"Sales",88050,"Miara","Satoru"
"Sales",101307,"Baja","Spyrose"
"Sales",239434,"Peac","Rimon"
"Sales",88080,"Heuser","Mack"
"Sales",33553,"Murillo","Parke"
"Sales",101305,"Maginnis","Denis"
"Sales",238735,"Leslie","Kwan"
"Sales",239089,"Gonthier","Vidya"
"Sales",88132,"Wossner","Idoia"
"Sales",33534,"Validov","Francoise"
"Sales",239435,"Conta","Arco"
"Sales",33523,"Montemayor","Eran"
"Sales",33515,"Alblas","Hidekazu"
"Sales",239098,"Collavizza","Muneo"
"Sales",101298,"Conia","Mabhin"
"Sales",91114,"Bail","Spyrose"
"Sales",294073,"Rouquie","Chaitali"
"Sales",101265,"Pluym","Emran"
"Sales",239157,"Theuretzbacher","Henk"
"Sales",89355,"Bergere","Zdislav"
"Sales",33185,"Landherr","Uri"
"Sales",33184,"Kaelbling","Kazuhiro"
"Sales",33155,"Puoti","Cheong"
"Sales",239198,"Nitta","Murthy"
"Sales",33153,"Deyuan","Christoph"
"Sales",89464,"Krupka","Rildo"
"Sales",494346,"Escriba","JoAnne"
"Sales",89468,"Krupka","Goo"
"Sales",89470,"Suri","Marlo"
"Sales",239753,"Badr","Macha"
"Sales",89495,"Marquardt","Jeanna"
"Sales",239776,"Bernick","Susanta"
"Sales",90018,"Lueh","Toong"
"Sales",16808,"Katiyar","Kiyokazu"
"Sales",400150,"Milicic","Naraig"
"Sales",400163,"Hiltgen","Arnd"
"Sales",90086,"Uehara","Chaitali"
"Sales",276399,"Alameldin","Geoffrey"
"Sales",90105,"Docker","Rosita"
"Sales",239813,"Serna","Utpal"
"Sales",90120,"Kambil","Lidong"
"Sales",90151,"Aloisi","Richara"
"Sales",90356,"Krychniak","Serenella"
"Sales",90358,"Smailagic","Satoru"
"Sales",90364,"Majewski","Shao"
"Sales",239864,"Basawa","Geoffry"
"Sales",90420,"Koblick","Fumino"
"Sales",32924,"Passino","Rasiah"
"Sales",239876,"Fontet","Youpyo"
"Sales",494300,"Oberman","Zeljko"
"Sales",294102,"Plumb","Jianwen"
"Sales",429094,"Syrzycki","Udi"
"Sales",239915,"Aingworth","Taizo"
"Sales",90539,"Perz","Uzi"
"Sales",32898,"Hemaspaandra","DeForest"
"Sales",32883,"Bernini","Hirochika"
"Sales",90630,"Narahari","Kolar"
"Sales",276456,"Zallocco","Arnd"
"Sales",240134,"Mattern","Lidong"
"Sales",101239,"Khalil","Toshimori"
"Sales",90756,"Stafford","Narain"
"Sales",87441,"Ratnakar","Mack"
"Sales",32877,"Boudaillier","Qiwen"
"Sales",240183,"Usery","Yakichi"
"Sales",240205,"Masada","Moriyoshi"
"Sales",294121,"Bakhtari","Odinaldo"
"Sales",32823,"Menhoudj","Mingzeng"
"Sales",90843,"Besancenot","Atilio"
"Sales",240238,"Luef","Nathan"
"Sales",239547,"Fontan","Wojceich"
"Sales",91830,"Ghazalie","Vishv"
"Sales",240939,"Casley","Claudi"
"Sales",429110,"Argence","Isamu"
"Sales",32774,"Katzenelson","Margareta"
"Sales",239549,"Versino","Turgut"
"Sales",92028,"Baez","Jingling"
"Sales",32773,"Bail","Werner"
"Sales",240981,"Vieth","Jaihie"
"Sales",16745,"Zwicker","Xianlong"
"Sales",239554,"Melichar","Vasilii"
"Sales",92096,"Gist","Brigham"
"Sales",276526,"Jeong","Guiseppe"
"Sales",400387,"Spinelli","Boaz"
"Sales",276531,"Litvinov","Michaela"
"Sales",404641,"Schwartzbauer","Rimli"
"Sales",92177,"Rajala","Xiaoqiang"
"Sales",429113,"Turnbull","Gaurav"
"Sales",241048,"Panienski","Lucian"
"Sales",92244,"Gadepally","Vojin"
"Sales",294324,"Servi","Baziley"
"Sales",92304,"Roison","Rosita"
"Sales",92308,"Dichev","Chenye"
"Sales",241081,"Doering","Aemilian"
"Sales",92329,"Farrar","Goetz"
"Sales",401563,"Paludetto","Froduald"
"Sales",92534,"Delgrossi","Isamu"
"Sales",294335,"Silva","Pragnesh"
"Sales",92562,"Massonet","Yucel"
"Sales",241265,"Goodrum","Larisa"
"Sales",92568,"Koyama","Kenroku"
"Sales",92631,"Wrigley","Arvin"
"Sales",494230,"Greenaway","Zito"
"Sales",92643,"Picht","Tran"
"Sales",92648,"Ferretti","Neven"
"Sales",92685,"Atchley","Mang"
"Sales",241329,"Kampfer","Shakhar"
"Sales",92914,"Vecchi","Murthy"
"Sales",436353,"Legleitner","Arlette"
"Sales",92987,"Emden","Kiyotoshi"
"Sales",241366,"Foote","Hitofumi"
"Sales",92992,"Perly","Bezalel"
"Sales",32529,"Barbanera","Mohammed"
"Sales",93007,"Miara","Prasadram"
"Sales",32522,"Fabrizio","Gurbir"
"Sales",93225,"Docker","Xiadong"
"Sales",239613,"Ozery","Tadahiro"
"Sales",93282,"Iivonen","Randy"
"Sales",32482,"Marchegay","Mamdouh"
"Sales",32479,"Olano","Kerhong"
"Sales",87439,"Boyle","Nikolaos"
"Sales",276602,"Seiwald","Shuzo"
"Sales",93333,"Sabnani","Magy"
"Sales",100804,"Tomescu","Kish"
"Sales",404642,"Solovay","Rosalie"
"Sales",93776,"Himler","Frazer"
"Sales",241470,"Journel","Sangeeta"
"Sales",276615,"Baaleh","Masamitsu"
"Sales",400565,"Rusterholz","Mark"
"Sales",400578,"Eugenio","Gretta"
"Sales",401587,"Ratzlaff","Jaber"
"Sales",94071,"Morrey","Etsuo"
"Sales",241511,"Skafidas","Val"
"Sales",94122,"Gurbaxani","Chaoyi"
"Sales",94172,"Bage","Ronnie"
"Sales",276654,"Zeidenstein","Yoshimitsu"
"Sales",276658,"Peltason","Wayne"
"Sales",94385,"Yoshizawa","Anyuan"
"Sales",100762,"Serot","Divine"
"Sales",32237,"Range","Yucai"
"Sales",429648,"Gaughan","Pranjal"
"Sales",241766,"Syrzycki","LiMin"
"Sales",91025,"Siksek","Aria"
"Sales",276693,"Condotta","Chrisa"
"Sales",241842,"Staudhammer","Kokou"
"Sales",94817,"Zielinski","Radhakrishnan"
"Sales",100755,"Haraldson","Marlo"
"Sales",250021,"Khasidashvili","Honesty"
"Sales",241885,"Ananiadou","Bezalel"
"Sales",94882,"Baby","Jacopo"
"Sales",94884,"Rodiger","Sudhanshu"
"Sales",241896,"Cromarty","Duri"
"Sales",494159,"Segond","Yongdong"
"Sales",254248,"Muntz","Honglan"
"Sales",94901,"Uhrig","Heekeun"
"Sales",94907,"Brobst","Olivera"
"Sales",242141,"Lovengreen","Conor"
"Sales",487528,"Stroustrup","Shooichi"
"Sales",94933,"Castellani","Jongsuk"
"Sales",494155,"Schwabacher","Byong"
"Sales",242161,"Shobatake","Salvador"
"Sales",94983,"Engelmann","Vitaly"
"Sales",431773,"Montemayor","Chuanti"
"Sales",239701,"Mitzlaff","Jahangir"
"Sales",95018,"Setlzner","Danco"
"Sales",95024,"Spelt","Satosi"
"Sales",414666,"Alpay","Fai"
"Sales",294399,"Meriste","Zeydy"
"Sales",32204,"Leppanen","Garnet"
"Sales",242201,"Yetto","Tokuyasu"
"Sales",242237,"Papsdorf","Hidde"
"Sales",100741,"Ginesta","Serif"
"Sales",16712,"Schurmann","Flemming"
"Sales",95142,"Besancenot","Kien"
"Sales",276766,"Axelband","Mircea"
"Sales",242975,"Maquelin","Shahaf"
"Sales",242985,"Perly","Lene"
"Sales",32160,"Bugrara","Gou"
"Sales",242997,"Liedekerke","Willard"
"Sales",95404,"Sevcikova","Fumiko"
"Sales",95442,"Luef","Zejun"
"Sales",95456,"Zeidenstein","Shigeaki"
"Sales",95458,"Murtagh","Fumiya"
"Sales",243136,"Gilg","Ortrun"
"Sales",429714,"Ohori","Rimli"
"Sales",489292,"Huhdanpaa","Shuho"
"Sales",276800,"Remmele","Honglan"
"Sales",95523,"Varman","Sachem"
"Sales",239732,"Braunmuhl","Rance"
"Sales",95711,"Gihr","Toshimi"
"Sales",95730,"Steenbeek","Ingmar"
"Sales",95738,"Marrakchi","Moni"
"Sales",250116,"Hasenauer","Guenter"
"Sales",239737,"Kusakabe","Weicheng"
"Sales",95810,"Kandlur","Miquel"
"Sales",95838,"Denti","Keung"
"Sales",276815,"Bail","Subhrajyoti"
"Sales",96076,"Kruskal","Taegyun"
"Sales",96102,"Oxenboll","Marin"
"Sales",96148,"Bouloucos","Lokesh"
"Sales",96372,"Hettesheimer","Pantung"
"Sales",87419,"Yeung","Nakhoon"
"Sales",243306,"Randt","Sailaja"
"Sales",243320,"Lueh","Sarita"
"Sales",96421,"Huhdanpaa","Mori"
"Sales",96464,"Versino","Zhanqiu"
"Sales",32029,"Budinsky","Rajmohan"
"Sales",276844,"Peltason","Elzbieta"
"Sales",90970,"Flanders","Mari"
"Sales",400917,"Garrabrants","Hauke"
"Sales",431787,"Leuchs","Lihong"
"Sales",416018,"Aloia","Fen"
"Sales",400925,"Comyn","Doowon"
"Sales",100316,"Chiodo","Wilmer"
"Sales",96740,"Weedman","Aloys"
"Sales",276894,"Velasco","Stepehn"
"Sales",417123,"Ramsak","Shao"
"Sales",414683,"Nastansky","Ute"
"Sales",276905,"Menhoudj","Huai"
"Sales",97070,"Fandrianto","Tse"
"Sales",100297,"Paludetto","Jamaludin"
"Sales",243411,"Kroll","Miyeon"
"Sales",429747,"Kavanagh","Sanjiv"
"Sales",243430,"Stifter","Maia"
"Sales",31928,"Gecseg","Uli"
"Sales",97109,"Einsfeld","Arto"
"Sales",90953,"Vanwelkenhuysen","Mani"
"Sales",31742,"Vendrig","Pramod"
"Sales",401017,"Provine","Shigeu"
"Sales",401020,"Cronau","Arvin"
"Sales",401034,"Famili","Chikako"
"Sales",97609,"Hasham","Aris"
"Sales",401043,"Dymetman","Nahid"
"Sales",401045,"Skogmar","Xiong"
"Sales",97679,"Sethi","Lansing"
"Sales",97684,"Griswold","Rasikan"
"Sales",494065,"Rusterholz","Dzung"
"Sales",401060,"Demke","Moon"
"Sales",417129,"Edelhoff","Kousuke"
"Sales",243470,"Tyugu","Paloma"
"Sales",97918,"Pollacia","Adel"
"Sales",31712,"Dulay","Jiang"
"Sales",294470,"Bennet","Pramod"
"Sales",250164,"Kambil","Josyula"
"Sales",243494,"Bernatsky","Dannz"
"Sales",492323,"Stanfel","Houman"
"Sales",243514,"Braunschweig","Subhankar"
"Sales",494018,"Gente","Shuji"
"Sales",277122,"Heusch","Gay"
"Sales",494010,"Chenoweth","Urs"
"Sales",98295,"Mukaidono","Suzette"
"Sales",98300,"Schueller","Richara"
"Sales",98304,"Shanbhogue","Heather"
"Sales",401136,"Olano","Mansur"
"Sales",250174,"dAstous","Huai"
"Sales",277146,"Lodder","Frazer"
"Sales",98360,"Brobst","Leah"
"Sales",240067,"Tramer","Tzu"
"Sales",429759,"Hoppenstand","Frederique"
"Sales",401623,"Lindqvist","Palash"
"Sales",243673,"Mitina","Padma"
"Sales",31624,"Picht","Seongbin"
"Sales",98952,"Picci","Gian"
"Sales",31607,"Backhouse","Valdiodio"
"Sales",31418,"Grospietsch","Herbert"
"Sales",401428,"Merro","Honglan"
"Sales",243721,"Lyonns","Radhika"
"Sales",243744,"Munos","Kokou"
"Sales",99028,"Erol","Oddvar"
"Sales",401434,"Heuser","Theirry"
"Sales",99048,"Pintelas","Kinh"
"Sales",31388,"Bale","Hein"
"Sales",99066,"Ghalwash","Mariusz"
"Sales",401451,"Hasenauer","Conal"
"Sales",494005,"Honglei","Constantino"
"Sales",414711,"Garrabrants","Lihong"
"Sales",243799,"Chaudhury","Kiam"
"Sales",31385,"Daescu","Barry"
"Sales",243800,"Kroha","Kwun"
"Sales",99189,"Brendel","Khaled"
"Sales",243807,"Pargas","Valeri"
"Sales",100269,"Karunanithi","Kristin"
"Sales",493983,"Diderrich","Jayesh"
"Sales",401483,"Kisuki","Bedrich"
"Sales",100253,"Picht","Hercules"
"Sales",99445,"Gewali","Falguni"
"Sales",99451,"Riexinger","Guenter"
"Sales",401486,"Thorensen","Alper"
"Sales",243848,"Erdmenger","Eben"
"Sales",99469,"Kemmerer","Paraskevi"
"Sales",401494,"Hartvigsen","Martial"
"Sales",99487,"Uehara","Aran"
"Sales",99499,"Copas","Manu"
"Sales",243871,"Kilgore","Chanjung"
"Sales",31343,"Denos","Heon"
"Sales",99530,"Schapire","Vishv"
"Sales",100068,"Wynblatt","Lijia"
"Sales",493925,"Lamba","Bedir"
"Sales",31314,"Rothenberg","Kamran"
"Sales",243883,"Honiden","Zhigen"
"Sales",100127,"Impagliazzo","Gad"
"Sales",240261,"Jiafu","Hisao"
"Sales",100184,"Morrey","Aluzio"
"Sales",100203,"Mayerwieser","Mayuri"
"Sales",100391,"Meriste","Kayoko"
"Sales",100392,"Hitomi","Salvador"
"Sales",100395,"Kavraki","Sadun"
"Sales",277226,"Sinitsyn","Hironobu"
"Sales",31287,"Shrader","Dmitry"
"Sales",100252,"Viele","Radoslaw"
"Sales",250187,"Kropf","Mingzeng"
"Sales",240276,"Marrevee","Maria"
"Sales",493915,"Maliniak","Goo"
"Sales",240279,"Heydon","Kaijung"
"Sales",401918,"Welham","Saeko"
"Sales",401920,"Stranks","Hiroyasu"
"Sales",100535,"Couchot","Fay"
"Sales",401635,"Barinka","Nikolaos"
"Sales",277269,"Chleq","Piyush"
"Sales",100545,"Kaiser","Leif"
"Sales",250194,"Crabtree","Roded"
"Sales",429796,"Rahier","Raimond"
"Sales",100230,"Egerstedt","Honesty"
"Sales",244035,"Stellhorn","Susanta"
"Sales",493868,"Worfolk","Katsuyuki"
"Sales",402009,"Daescu","Jayesh"
"Sales",100701,"Benaini","Shigeo"
"Sales",100892,"Kolvik","Fumino"
"Sales",90906,"Poehlman","Duri"
"Sales",431533,"Staelin","Marjo"
"Sales",100972,"Validov","Mark"
"Sales",244081,"Lovengreen","Heping"
"Sales",244085,"Paludetto","Bernardo"
"Sales",100998,"Portugali","Breannda"
"Sales",250198,"Seiwald","Mingdong"
"Sales",244129,"Picaronny","Augustine"
"Sales",250204,"Krzyzanowski","Dannz"
"Sales",101011,"Marchesini","Miyeon"
"Sales",31075,"Merks","Rafail"
"Sales",493864,"Hoppenstand","Khalid"
"Sales",294562,"Maquelin","Marc"
"Sales",101080,"Bail","Bowen"
"Sales",244159,"Caine","Nathalie"
"Sales",244177,"Champarnaud","Tzu"
"Sales",401645,"Demian","Mrinalini"
"Sales",101153,"Gill","Manohar"
"Sales",101161,"Berstel","Bader"
"Sales",31017,"Kitsuregawa","Geoffry"
"Sales",101172,"Schoegge","Nevio"
"Sales",402236,"Copas","Ewing"
"Sales",100004,"Nitsch","Avishai"
"Sales",101423,"Bolotov","Hatem"
"Sales",244219,"Godskesen","Gift"
"Sales",101434,"Mitsuhashi","Gaurav"
"Sales",101456,"Suri","Herb"
"Sales",250220,"Kaelbling","Mooi"
"Sales",101505,"Gornas","Dietrich"
"Sales",244236,"Weisert","Reinhard"
"Sales",294568,"Ferretti","Giri"
"Sales",101526,"Lorch","Bowen"
"Sales",101746,"Parfitt","Tze"
"Sales",30946,"Penttonen","Adit"
"Sales",30923,"Ellozy","Chandrasekaran"
"Sales",417133,"Benantar","Troy"
"Sales",99987,"Range","Mang"
"Sales",402280,"Trumbly","Zeydy"
"Sales",101833,"Couchot","Cordelia"
"Sales",101878,"Stroustrup","Tetsushi"
"Sales",416810,"Erie","Masami"
"Sales",99976,"Eastman","Toshiko"
"Sales",404130,"Ferriere","Yefim"
"Sales",101951,"Vuskovic","Francoise"
"Sales",102005,"Halloran","Satosi"
"Sales",493829,"Ananiadou","Girolamo"
"Sales",30673,"Ozeki","Berry"
"Sales",102055,"McConalogue","Moheb"
"Sales",244388,"Perin","Tonny"
"Sales",102259,"Baja","Olivera"
"Sales",99931,"Sluis","Ekawit"
"Sales",30665,"Hitomi","Hideo"
"Sales",244398,"Katiyar","Xuejun"
"Sales",30663,"Sigstam","Gurbir"
"Sales",244403,"Heusch","Weiwu"
"Sales",102297,"Birjandi","Yannis"
"Sales",102312,"Attimonelli","Sugwoo"
"Sales",277555,"Srimani","Pradeep"
"Sales",244455,"Khalil","Moheb"
"Sales",30416,"Fairtlough","Herb"
"Sales",30376,"Zeleznik","Rutger"
"Sales",240369,"Weedon","Baocai"
"Sales",102452,"Zaccaria","Giordano"
"Sales",102457,"Sidhu","Boalin"
"Sales",102488,"Lambe","Zeljko"
"Sales",30357,"Krupka","Remzi"
"Sales",402352,"Birch","Kyoichi"
"Sales",102516,"Khalid","Aimee"
"Sales",244481,"Masand","Stepehn"
"Sales",401678,"Frijda","Tomofumi"
"Sales",99898,"Setlzner","Elliott"
"Sales",102555,"Manderick","Gregory"
"Sales",102741,"Naumovich","Palash"
"Sales",244493,"Sinitsyn","Heather"
"Sales",102743,"Vakili","Moto"
"Sales",401690,"Valiente","Fei"
"Sales",240373,"Esteva","Arve"
"Sales",102761,"Eiron","Lunjin"
"Sales",99891,"Dusink","Xiaoqiu"
"Sales",30325,"Velardi","Pranav"
"Sales",492310,"Segond","Jiakeng"
"Sales",402397,"Ossenbruggen","Yongmin"
"Sales",102860,"Luiz","Aria"
"Sales",294604,"Negoita","Roselyn"
"Sales",294606,"Perko","Zhilian"
"Sales",102892,"Armand","Claudi"
"Sales",244562,"Muhling","Eldridge"
"Sales",99879,"Zschoche","Basil"
"Sales",102906,"Herath","Navin"
"Sales",244631,"Spieker","Mingzeng"
"Sales",103022,"Gulla","Kenton"
"Sales",30074,"Rissanen","Angus"
"Sales",405091,"Petereit","Eckart"
"Sales",254855,"Fritzsche","Oguz"
"Sales",103276,"Bernardinello","Takahito"
"Sales",254869,"Thummel","Shaz"
"Sales",254891,"Montresor","Carrsten"
"Sales",405191,"Bennet","Uli"
"Sales",244650,"Brizzi","Roddy"
"Sales",405213,"Guenter","Dharmaraja"
"Sales",294618,"Emmart","Kazunori"
"Sales",30022,"Genin","Ger"
"Sales",29994,"Nergos","Sanjeeva"
"Sales",103304,"Kinley","Roded"
"Sales",417224,"Yemenis","Toney"
"Sales",405309,"Rosaz","Prodip"
"Sales",405317,"Muntz","Ziyad"
"Sales",254931,"Valette","Inderjeet"
"Sales",405352,"Gornas","Arun"
"Sales",244657,"Kavanagh","Chiranjit"
"Sales",244659,"Swiss","Tuval"
"Sales",405395,"Orlowski","Fusako"
"Sales",405420,"Hennings","Nakhoon"
"Sales",277603,"Basart","Duke"
"Sales",405444,"Penz","Barton"
"Sales",405460,"Plump","Alejandro"
"Sales",405461,"Duclos","Leucio"
"Sales",85101,"Businaro","Tru"
"Sales",405466,"Seiwald","Neelam"
"Sales",435620,"Talmor","Jasminko"
"Sales",103383,"Speer","Baruch"
"Sales",405765,"Schach","Ult"
"Sales",103387,"Lorho","Roded"
"Sales",294632,"Fairtlough","Chaitali"
"Sales",405791,"Wuwongse","Tzu"
"Sales",405792,"Pintelas","Dharmaraja"
"Sales",103414,"Orlowski","Rafols"
"Sales",103428,"Merks","Masadi"
"Sales",85028,"Heydon","Ebru"
"Sales",404647,"Hammerschmidt","Carrsten"
"Sales",254975,"Nitta","Nikolaus"
"Sales",29959,"Pashtan","Phuoc"
"Sales",244684,"Krzyzanowski","Khalil"
"Sales",103505,"Merle","Wuxu"
"Sales",406095,"Marchesini","Sushant"
"Sales",244687,"Angel","Vitaly"
"Sales",406108,"Peir","Frazer"
"Sales",103550,"Erbe","Kwangho"
"Sales",103561,"Reinhart","Branimir"
"Sales",277617,"Heyers","Hilary"
"Sales",12036,"Ratzlaff","Mads"
"Sales",406379,"Pettis","Sivanarayana"
"Sales",103781,"Rajcani","Arvin"
"Sales",29719,"Takkinen","Sumant"
"Sales",406456,"Baar","Lillian"
"Sales",402499,"Oppitz","Zvonko"
"Sales",255016,"Coorg","Goetz"
"Sales",255033,"Bojadziev","Zhaofang"
"Sales",406730,"Milicia","Kankanahalli"
"Sales",406745,"Hutter","Gadiel"
"Sales",103823,"Angelov","Jolita"
"Sales",255052,"Tchuente","Paddy"
"Sales",406809,"Biron","Sandeepan"
"Sales",406834,"Kowalchuk","Gretta"
"Sales",255065,"Showalter","Tristan"
"Sales",255070,"Basawa","Basant"
"Sales",244734,"Staylopatis","Giordano"
"Sales",406868,"Bratten","Noritoshi"
"Sales",402716,"Cochrane","Xinan"
"Sales",405021,"Kalafatis","Hausi"
"Sales",407055,"McAffer","Yunming"
"Sales",84739,"Mersereau","Karlis"
"Sales",407105,"Melter","Kwan"
"Sales",414769,"Beetstra","Khosrow"
"Sales",407137,"Morrey","Elliott"
"Sales",244774,"Wilharm","Danco"
"Sales",407154,"Hegner","Ung"
"Sales",407184,"Sury","Kasidit"
"Sales",407197,"Massonet","Rimon"
"Sales",407231,"Anido","Stevo"
"Sales",244786,"Giveon","Tomoyuki"
"Sales",402750,"Hofmeyr","Youjian"
"Sales",493817,"Vidya","Giao"
"Sales",84720,"Champarnaud","Akemi"
"Sales",103924,"Kaiser","Brigham"
"Sales",84704,"Maliniak","Niclas"
"Sales",103926,"Camarinopoulos","Jiafu"
"Sales",244811,"Polupanov","Akeel"
"Sales",84672,"Lamparter","Mihalis"
"Sales",244812,"Horswill","Huan"
"Sales",407408,"Chaudhuri","Chaitali"
"Sales",12034,"Piazza","Aemilian"
"Sales",103949,"Gonthier","Babette"
"Sales",407476,"Serra","Gurbir"
"Sales",294665,"Erde","Ottavia"
"Sales",99792,"Calkin","Kensyu"
"Sales",84661,"Steinauer","Perla"
"Sales",104002,"Passino","Subbu"
"Sales",84439,"Marciano","Mizuhito"
"Sales",407576,"Vieth","Sadun"
"Sales",407598,"Matheson","Remmert"
"Sales",407601,"Ghelli","Hyuncheol"
"Sales",407614,"Stasinski","Ipke"
"Sales",407636,"Dulay","Fumino"
"Sales",277708,"Tsukune","Ayonca"
"Sales",407672,"Grabner","Akemi"
"Sales",84367,"Comyn","Yuchang"
"Sales",29642,"Conta","Gopalakrishnan"
"Sales",29638,"Quadeer","Gino"
"Sales",407730,"Vilarrasa","Marlo"
"Sales",104070,"Brlek","Neven"
"Sales",104243,"Besancenot","Mani"
"Sales",84323,"Hartvigsen","Nahla"
"Sales",104285,"Rodham","Kazuhisa"
"Sales",402797,"Deville","Rosalie"
"Sales",29625,"Stamatiou","Etsuo"
"Sales",84117,"Zirintsis","Flemming"
"Sales",29611,"Ellozy","Hailing"
"Sales",407828,"Sundgren","Xinglin"
"Sales",407910,"Henseler","Terresa"
"Sales",84077,"Hartvigsen","Poorav"
"Sales",104323,"Czap","Tooru"
"Sales",277712,"Kavanagh","Irene"
"Sales",29604,"Babu","Jahangir"
"Sales",407940,"Verspoor","Kiyokazu"
"Sales",104340,"Hofmeyr","Saeed"
"Sales",255312,"Feinberg","Ferdinand"
"Sales",104352,"Samarati","Xiaoheng"
"Sales",104353,"Lunn","Leif"
"Sales",432114,"Tomescu","Divier"
"Sales",407991,"Redmiles","Marco"
"Sales",29603,"Khamsi","Kristina"
"Sales",429942,"Trachtenberg","Chenyi"
"Sales",104374,"Talmon","Radhia"
"Sales",408051,"Fritzsche","Serap"
"Sales",83994,"Hanabata","Danae"
"Sales",104375,"Jakobus","Elvis"
"Sales",104378,"Luan","Mamdouh"
"Sales",83810,"Plump","Khosrow"
"Sales",492302,"Stroustrup","Barna"
"Sales",29590,"Cooley","Heng"
"Sales",256215,"Georgatos","Arlette"
"Sales",491846,"Merks","Basant"
"Sales",408162,"Garnier","Hisao"
"Sales",277730,"Molberg","Shushma"
"Sales",408164,"Hofman","Unal"
"Sales",408169,"Kakkar","Sajjan"
"Sales",408181,"Emden","Zhigen"
"Sales",408185,"Birge","Fumitake"
"Sales",104405,"Colorni","Shigeaki"
"Sales",491840,"Nitto","Chaitali"
"Sales",408258,"Chorvat","Kristen"
"Sales",408277,"Baez","Bokyung"
"Sales",417506,"Rouquie","Mariangiola"
"Sales",256241,"Uludag","Brigham"
"Sales",104432,"Khalil","Arun"
"Sales",408339,"Seiwald","Yolla"
"Sales",256242,"Cooman","Becky"
"Sales",408352,"Engberts","Kersti"
"Sales",294672,"Garrabrants","Jaber"
"Sales",408392,"Vesel","Katsuyuki"
"Sales",244978,"Silva","Kiyotoshi"
"Sales",435180,"Einsfeld","Munehiro"
"Sales",256276,"Schnabel","Sedat"
"Sales",429951,"Brodie","Marl"
"Sales",491832,"Kalefeld","Lunjin"
"Sales",408484,"Brandsma","Ioana"
"Sales",104530,"Feldhoffer","Jongsuk"
"Sales",104539,"Vieth","Ulf"
"Sales",83692,"Kumaresan","Slavian"
"Sales",83610,"Yemenis","Arch"
"Sales",408723,"Undy","Hercules"
"Sales",90857,"Thisen","Kish"
"Sales",417522,"Gruenwald","Marsal"
"Sales",408733,"Showalter","Selwyn"
"Sales",29375,"Cmelik","Mohammed"
"Sales",104802,"Leslie","Sasan"
"Sales",408813,"Siochi","Xiaocheng"
"Sales",16288,"Vernadat","Marl"
"Sales",402891,"Thambidurai","Basant"
"Sales",408836,"Senzako","Hsiangchu"
"Sales",408845,"Olano","Yahiko"
"Sales",11880,"Esposito","Akeel"
"Sales",408876,"Auyong","Yinlin"
"Sales",417534,"Sudbeck","Nadjib"
"Sales",90854,"Calkin","Ramalingam"
"Sales",104870,"Peltason","Nectarios"
"Sales",409120,"Sifakis","Panayotis"
"Sales",104873,"Baba","Sudhanshu"
"Sales",409162,"Narwekar","Nevio"
"Sales",409194,"Thombley","Arra"
"Sales",83567,"Angot","Toshimitsu"
"Sales",409214,"Parveen","Along"
"Sales",409234,"Selvestrel","Alper"
"Sales",409247,"Wolniewicz","Xiong"
"Sales",409257,"Janetzko","Randy"
"Sales",417543,"Borovoy","Roselyn"
"Sales",409286,"Koshino","Giordano"
"Sales",488961,"Niizuma","Marsal"
"Sales",83553,"Radivojevic","Guttorm"
"Sales",11850,"Maginnis","Bikash"
"Sales",402911,"Gronowski","Mariangiola"
"Sales",294686,"Stafford","Shay"
"Sales",430002,"Angiulli","Yuuichi"
"Sales",83512,"Heuser","Dinkar"
"Sales",105121,"Vilarrasa","Jasminko"
"Sales",11849,"Homond","Chenye"
"Sales",256426,"Irland","Subir"
"Sales",256435,"Chimia","Boaz"
"Sales",409436,"Heinisuo","Aruna"
"Sales",83312,"Rathonyi","Zhiguo"
"Sales",409458,"Rodiger","Matt"
"Sales",105138,"Peroz","Siddarth"
"Sales",11672,"Businaro","Munir"
"Sales",409488,"Demos","Rimon"
"Sales",409493,"Kirkerud","Jinxi"
"Sales",414818,"Qiwen","Pintsang"
"Sales",402955,"Frolund","Morris"
"Sales",409551,"Stentiford","Iara"
"Sales",245106,"Wroclawski","Goo"
"Sales",250349,"Massonet","Berry"
"Sales",277858,"Solares","Mohammed"
"Sales",245324,"Gulak","Phuoc"
"Sales",83276,"Waymire","Gianluca"
"Sales",409713,"Braunmuhl","Tommaso"
"Sales",16269,"Condotta","Sanjoy"
"Sales",404149,"Fairtlough","Younwoo"
"Sales",105627,"Zallocco","Danco"
"Sales",409976,"Emden","Basant"
"Sales",29267,"Cappelli","Jiakeng"
"Sales",402998,"Cesareni","Horward"
"Sales",410024,"Garigliano","Reinhard"
"Sales",417554,"Iwayama","Vitali"
"Sales",410056,"Bazzichi","Claude"
"Sales",256570,"Lanzelotte","Turgut"
"Sales",410106,"Mungall","Ger"
"Sales",410128,"Driscoll","Tze"
"Sales",410129,"Ranst","Goetz"
"Sales",11663,"Trumbly","Maria"
"Sales",105724,"Spataro","Tzvetan"
"Sales",410167,"Taubman","Kousuke"
"Sales",256633,"Heystek","Babette"
"Sales",29247,"Laurillard","Manibrata"
"Sales",256637,"Madeira","Udi"
"Sales",99735,"Kaminger","Uwe"
"Sales",82956,"Sundgren","Sudhanshu"
"Sales",245413,"Bashian","Shaleah"
"Sales",258369,"Delgrossi","Tianruo"
"Sales",493749,"Schwabacher","Itzchak"
"Sales",258370,"Raney","Kamakshi"
"Sales",410415,"Chenney","Marsal"
"Sales",258380,"Marquardt","Subbu"
"Sales",414835,"McDermid","Rosalie"
"Sales",410435,"Pezzoli","Claudi"
"Sales",410448,"Kropp","Hugh"
"Sales",417580,"Ossenbruggen","Chriss"
"Sales",258414,"Narwekar","Arto"
"Sales",403072,"Vadhan","Subir"
"Sales",416046,"Uludag","Geoffrey"
"Sales",82866,"Morrow","Sampalli"
"Sales",106064,"Shumilov","Djenana"
"Sales",410606,"Salinas","Qiwen"
"Sales",240587,"Akazan","Zorica"
"Sales",11659,"Pileggi","Tremaine"
"Sales",493741,"Range","Shigehiro"
"Sales",410640,"Matzen","Marc"
"Sales",253882,"Kolvik","Georgi"
"Sales",410672,"Maierhofer","Shiv"
"Sales",410674,"Ramamoorthy","Mircea"
"Sales",410680,"Trogemann","Kenroku"
"Sales",410691,"Sethi","Shaowei"
"Sales",82851,"Gopalakrishnan","Radhia"
"Sales",410703,"Halloran","Kitty"
"Sales",106482,"Selenyi","Alselm"
"Sales",411231,"Jansen","Shin"
"Sales",245496,"Trelles","Lubomir"
"Sales",401783,"Ranft","Foong"
"Sales",82830,"Munos","Shaw"
"Sales",106501,"Masamoto","Hyuncheol"
"Sales",411273,"Eickenmeyer","Leif"
"Sales",29027,"Stasinski","Arnould"
"Sales",258477,"Alencar","Petter"
"Sales",106562,"Ratzlaff","Renny"
"Sales",411350,"Baba","Marsal"
"Sales",82818,"Kenevan","Wanqing"
"Sales",411365,"Mitsuhashi","Yonghong"
"Sales",403119,"Goodrum","Zhongwei"
"Sales",411377,"Junet","Arto"
"Sales",277963,"Kakkar","Mong"
"Sales",245594,"Zschoche","Ayakannu"
"Sales",82610,"Poulakidas","Toney"
"Sales",412775,"Feinberg","Stabislas"
"Sales",412788,"Monkewich","Vidya"
"Sales",412790,"Zongker","Akeno"
"Sales",412800,"Peha","Goetz"
"Sales",245786,"Bratten","Chenyi"
"Sales",29014,"Luan","Nahla"
"Sales",412857,"Marchesini","Jacqueline"
"Sales",106644,"Aingworth","Martina"
"Sales",412867,"Sridhar","Itzchak"
"Sales",245801,"Lunn","Shaleah"
"Sales",106658,"Socorro","Kamakshi"
"Sales",258487,"Vingron","Vidya"
"Sales",245802,"Kandlur","Idoia"
"Sales",412946,"Gammage","Arno"
"Sales",106673,"Bahl","Tesuro"
"Sales",412991,"Bazelow","Sungwon"
"Sales",258496,"Zultner","Serap"
"Sales",414921,"Rassart","Suebskul"
"Sales",245838,"Axelband","Basant"
"Sales",414957,"Rodier","Deniz"
"Sales",106707,"Boguraev","Zsolt"
"Sales",76422,"Pillow","Danel"
"Sales",106719,"Baca","Ulises"
"Sales",245848,"Geffroy","Valeri"
"Sales",76420,"Erva","Huai"
"Sales",415066,"Sridhar","Sanjai"
"Sales",403196,"Leuchs","Kristinn"
"Sales",415276,"Fritzsche","Guiseppe"
"Sales",16262,"Hatcliff","Tsuneo"
"Sales",493725,"Jeansoulin","Anneke"
"Sales",414848,"Tramer","Soenke"
"Sales",107533,"Siepmann","Dipayan"
"Sales",415351,"Usdin","Ferdinand"
"Sales",76380,"Acton","Karlis"
"Sales",76341,"McConalogue","Heejo"
"Sales",415363,"Shackell","Conal"
"Sales",107561,"Swift","Kauko"
"Sales",415393,"McDermid","Augustine"
"Sales",258780,"Heusch","Collette"
"Sales",258790,"Narahara","Hidekazu"
"Sales",416257,"Kowalchuk","Guther"
"Sales",258804,"Bruckman","Kayoko"
"Sales",258806,"Peroz","Aral"
"Sales",107783,"Thebaut","Aris"
"Sales",416305,"Demeyer","Maya"
"Sales",107815,"Vidal","Peer"
"Sales",107838,"Gulak","Idoia"
"Sales",107846,"Mansanne","Hideyuki"
"Sales",416392,"Deville","Paris"
"Sales",246161,"Litvinov","Xudong"
"Sales",259032,"Krzyzanowski","Sahrah"
"Sales",416606,"Sadowsky","Salvador"
"Sales",487115,"Hashii","Nechama"
"Sales",278008,"Merle","Krassimir"
"Sales",416637,"Ferriere","Miquel"
"Sales",416664,"Masada","Lijia"
"Sales",416690,"Mahmud","Ulf"
"Sales",28960,"Kenevan","Boaz"
"Sales",76312,"Conte","Sanjai"
"Sales",416710,"Syrzycki","Rosli"
"Sales",416742,"Pietrzykowski","Hidekazu"
"Sales",416924,"Ambroszkiewicz","Vishwani"
"Sales",107897,"Ravishankar","Moss"
"Sales",416948,"Peac","Reinhard"
"Sales",416956,"Hedayat","Shaowei"
"Sales",491782,"Koprowski","Piyush"
"Sales",416967,"Penttonen","Mana"
"Sales",416972,"Kilgore","Sadok"
"Sales",416985,"Negoita","Herbert"
"Sales",417019,"Cherinka","Moss"
"Sales",107906,"Yavatkar","Nectarios"
"Sales",417799,"Garigliano","Harjit"
"Sales",76282,"Roccetti","Yongqiao"
"Sales",107918,"Rajala","Ronghao"
"Sales",99710,"Vigier","Kayoko"
"Sales",259104,"Ponthieu","Masali"
"Sales",417249,"Marrakchi","Tua"
"Sales",414885,"Vecchi","Candido"
"Sales",493702,"Kropp","Divier"
"Sales",259113,"Salverda","Mandell"
"Sales",99709,"Nitta","Richard"
"Sales",417280,"Veeraraghavan","Tonny"
"Sales",417328,"Molenaar","Xinyu"
"Sales",417332,"Garnier","Stella"
"Sales",417354,"Perng","Shigeaki"
"Sales",11618,"Juneja","Gian"
"Sales",417376,"Hertweck","Leszek"
"Sales",259127,"Grandbois","Masato"
"Sales",108172,"Angelopoulos","Alois"
"Sales",11611,"Mateescu","Annemarie"
"Sales",246227,"Bennet","Nechama"
"Sales",403285,"Alameldin","Geoff"
"Sales",417633,"Cappelletti","Aemilian"
"Sales",246234,"Spinelli","Sajjad"
"Sales",76175,"Rando","Jaihie"
"Sales",246253,"Jansen","Neven"
"Sales",278032,"Munro","Sanjit"
"Sales",240622,"Kaltofen","Narain"
"Sales",108243,"Merli","Chaitali"
"Sales",294779,"Valiente","Mountaz"
"Sales",90313,"Pettis","Susanta"
"Sales",99699,"Munawer","Martial"
"Sales",417973,"Hardjono","Giri"
"Sales",418003,"Gulak","Marke"
"Sales",493669,"Serot","Shih"
"Sales",259904,"Massonet","Khedija"
"Sales",493667,"Roohalamini","Muzhong"
"Sales",418125,"Baar","Khun"
"Sales",28924,"Ghelli","Mohua"
"Sales",108537,"Pearson","Nigel"
"Sales",246482,"Journel","Tsutomu"
"Sales",491764,"Diderrich","Mayuri"
"Sales",108544,"Francisci","Sandeepan"
"Sales",403317,"Itzfeldt","Adit"
"Sales",250388,"Provine","Karlis"
"Sales",259954,"Pelz","Heejo"
"Sales",108569,"Siochi","Vidar"
"Sales",491747,"Delgrange","Kerhong"
"Sales",418181,"Kushner","Kwok"
"Sales",418190,"Irland","Billie"
"Sales",250390,"Merey","Pascal"
"Sales",11552,"Ferretti","Tommaso"
"Sales",261187,"Demri","Akeel"
"Sales",417859,"Birnbaum","Khaled"
"Sales",418803,"Skogmar","Baruch"
"Sales",278054,"Georgakopoulos","Sanjit"
"Sales",418857,"Uehara","Mani"
"Sales",240641,"Flanders","Yechezkel"
"Sales",75857,"Wuwongse","Leszek"
"Sales",403326,"Kalorkoti","Susumu"
"Sales",261251,"Gente","Alexius"
"Sales",419441,"Lores","Taiji"
"Sales",419466,"Itzigehl","Evgueni"
"Sales",419477,"Constantine","Nevio"
"Sales",419489,"Cooman","Chiradeep"
"Sales",493648,"Peak","Ult"
"Sales",493639,"Kragelund","Eldridge"
"Sales",404161,"Kopetz","Danco"
"Sales",419582,"Orlowski","Rutger"
"Sales",28830,"Kinley","Kenton"
"Sales",420291,"Harbusch","Serif"
"Sales",28816,"Einsfeld","Jenwei"
"Sales",108746,"Bodoff","Kwangyoen"
"Sales",75810,"Christianini","Xumin"
"Sales",246601,"Panangaden","Minghong"
"Sales",420352,"Krohn","Matk"
"Sales",108927,"Munck","Claude"
"Sales",13201,"Ranta","Tomofumi"
"Sales",108939,"Halloran","Lijia"
"Sales",108959,"Zumaque","Huan"
"Sales",75598,"Raoux","Georgy"
"Sales",294797,"Heydon","Hironoby"
"Sales",420794,"Schrooten","Temple"
"Sales",75542,"Stenning","Hitomi"
"Sales",109072,"Matzke","Sumant"
"Sales",109089,"Vitiello","Shietung"
"Sales",75520,"Rosen","Godehard"
"Sales",420971,"Zizka","Ebru"
"Sales",246714,"Vakili","Adam"
"Sales",421022,"Butner","Shigeaki"
"Sales",75495,"Delgrossi","Spyrose"
"Sales",421059,"Picci","Wuxu"
"Sales",109309,"Riexinger","Xuejia"
"Sales",421111,"Benzmuller","Ziva"
"Sales",421142,"Shrader","Kazuhiko"
"Sales",421154,"Gulla","Manohar"
"Sales",261334,"Malabarba","Mircea"
"Sales",109326,"Georg","Xiaoqiang"
"Sales",109334,"Alameldin","Tsutomu"
"Sales",75457,"Yemenis","Chikara"
"Sales",421187,"Anguita","Greger"
"Sales",294822,"Michaeli","Florian"
"Sales",246750,"Kroll","Martijn"
"Sales",246757,"Sury","Maik"
"Sales",421463,"Ishibashi","Christophe"
"Sales",262032,"dAstous","Chriss"
"Sales",421524,"Felder","Muzhong"
"Sales",421531,"Schauser","Shim"
"Sales",240670,"Tsukune","Radhia"
"Sales",421580,"Farris","Nalini"
"Sales",250426,"Rosis","Vatsa"
"Sales",28765,"Menhoudj","Vatsa"
"Sales",109614,"Milicia","Etsuo"
"Sales",401818,"Uludag","Lillian"
"Sales",15840,"Solares","Shuho"
"Sales",109665,"Solares","Mong"
"Sales",75156,"McConalogue","Yonghoan"
"Sales",247153,"Danner","Kazuhiko"
"Sales",28763,"Bojadziev","Selwyn"
"Sales",417888,"Schaad","Franziska"
"Sales",421880,"Pelz","Fumino"
"Sales",28761,"Birdsall","Xiping"
"Sales",99645,"Litzler","Rafael"
"Sales",421910,"Reeker","Fumiyo"
"Sales",74913,"Warwick","Dzung"
"Sales",109711,"Tomescu","Lidong"
"Sales",422107,"Silva","Hatem"
"Sales",404164,"Yetto","Leucio"
"Sales",109763,"Pehl","Denis"
"Sales",422196,"Matzov","Zhonghui"
"Sales",74861,"Mansanne","Guenter"
"Sales",278159,"Ramaiah","Hinrich"
"Sales",74858,"Nastansky","Pragnesh"
"Sales",74834,"Perri","Yakkov"
"Sales",262140,"Szemeredi","Fan"
"Sales",422253,"Angelov","Prodip"
"Sales",422261,"Speel","Elrique"
"Sales",422262,"Feinberg","Make"
"Sales",74793,"Roohalamini","Shimshon"
"Sales",422270,"Christianini","Reinhold"
"Sales",247190,"Coorg","Conal"
"Sales",200018,"Butner","Adit"
"Sales",422358,"Zykh","Muneo"
"Sales",200033,"Salvesen","Hatsukazu"
"Sales",200043,"Beutelspacher","Rafail"
"Sales",99616,"Bierman","Peternela"
"Sales",422471,"Delgrossi","Owen"
"Sales",422482,"Katzenelson","Shigeichiro"
"Sales",405609,"Penz","Akeno"
"Sales",200068,"Moffat","Gurbir"
"Sales",422506,"Lambe","Patricio"
"Sales",417914,"Luck","Brendon"
"Sales",422528,"Kieras","Sham"
"Sales",422558,"Negoita","Aris"
"Sales",28558,"Raczkowsky","Leni"
"Sales",99601,"Kropp","Susuma"
"Sales",263023,"Binding","Peer"
"Sales",422631,"Lorin","Richara"
"Sales",422641,"Hasham","Padma"
"Sales",435212,"Skafidas","Yagil"
"Sales",99596,"Erva","Sahrah"
"Sales",422664,"Hertweck","Richard"
"Sales",422667,"Naumovich","Guttorm"
"Sales",422670,"Swiss","Luisa"
"Sales",422675,"Piancastelli","Dannz"
"Sales",200118,"Hempstead","Cordelia"
"Sales",28555,"Wendorf","Kankanahalli"
"Sales",263025,"Ginneken","Idoia"
"Sales",11109,"Stamatiou","Chinho"
"Sales",422722,"Schauser","Rance"
"Sales",422731,"Stamatiou","Petter"
"Sales",200176,"Luit","Shahab"
"Sales",422942,"Merks","Chrisa"
"Sales",200177,"Cronan","Giri"
"Sales",423005,"Furedi","Chenyi"
"Sales",74657,"Talmon","Prodip"
"Sales",200195,"Beeson","Yinghua"
"Sales",423033,"Luef","Shuho"
"Sales",74635,"Stanger","Yishai"
"Sales",423055,"Hainaut","Luise"
"Sales",263098,"Marchegay","Chikara"
"Sales",74626,"Templeman","Jiafu"
"Sales",240705,"Vickson","Sverrir"
"Sales",247488,"Riesenhuber","Rildo"
"Sales",423119,"Bratten","Shahar"
"Sales",423133,"Mandell","Amstein"
"Sales",247515,"Khalil","Ramachenga"
"Sales",278191,"Giaccio","Poorav"
"Sales",28537,"Luff","Keung"
"Sales",278217,"Anido","Neven"
"Sales",423207,"Gaughan","Xiadong"
"Sales",423209,"Murtafg","Abdelaziz"
"Sales",423231,"Einsfeld","Evgueni"
"Sales",493630,"Hartvigsen","Demos"
"Sales",423274,"Gornas","Fox"
"Sales",247583,"Bahk","Mong"
"Sales",418290,"Demizu","Remzi"
"Sales",247596,"Georgakopoulos","Jenwei"
"Sales",423350,"Monarch","Heping"
"Sales",74022,"Journel","Arra"
"Sales",423410,"Weedman","Amalendu"
"Sales",200612,"Veevers","Dannz"
"Sales",423478,"Merle","KayLiang"
"Sales",73992,"Gadepally","Panayotis"
"Sales",99563,"Yetim","Boaz"
"Sales",247827,"Lund","Arif"
"Sales",278261,"Kroll","Sadok"
"Sales",200679,"Jenevein","Baziley"
"Sales",73594,"Babb","Kazuhira"
"Sales",423594,"Gustavson","Uma"
"Sales",423595,"Gaughan","Ekawit"
"Sales",423598,"Schwabacher","Shahaf"
"Sales",200715,"Schwabacher","Gretta"
"Sales",250437,"Gyorkos","Khedija"
"Sales",200729,"Lorys","Emdad"
"Sales",430239,"Segond","Jinya"
"Sales",493629,"Emiris","Udi"
"Sales",201105,"Herber","Shahaf"
"Sales",247860,"Ruther","Inderjeet"
"Sales",423932,"Beetstra","Douadi"
"Sales",424128,"Kalorkoti","Gretta"
"Sales",247871,"Minakawa","Marit"
"Sales",99336,"Syrzycki","Mechthild"
"Sales",247902,"Lieberherr","Francesca"
"Sales",201182,"Preusig","Berry"
"Sales",201195,"Trogemann","Torsten"
"Sales",424240,"Quittner","Mountaz"
"Sales",424245,"Biron","Hugo"
"Sales",247907,"Paludetto","Lihong"
"Sales",11089,"Henders","Conal"
"Sales",201202,"Crouzet","Arco"
"Sales",263331,"Senzako","Zhonghui"
"Sales",73494,"Gecsei","Arch"
"Sales",263332,"Gelosh","Vitaly"
"Sales",12325,"Randt","Alassane"
"Sales",73471,"McAlpine","Aron"
"Sales",201221,"Bouloucos","Taegyun"
"Sales",73269,"Shiratori","Haldun"
"Sales",424439,"Zielinski","Murthy"
"Sales",424444,"Tsunoo","Kristen"
"Sales",278286,"Shihab","Byong"
"Sales",424466,"Gubsky","Hyuncheol"
"Sales",263343,"Montemayor","Akhilish"
"Sales",73190,"Masaki","Uli"
"Sales",201270,"Tagansky","Arun"
"Sales",424495,"Negoita","Adil"
"Sales",424501,"Casperson","Elgin"
"Sales",424513,"Kroha","Subbu"
"Sales",73186,"Vural","Matk"
"Sales",294890,"Suwa","Shrikanth"
"Sales",73120,"Belinskaya","Munenori"
"Sales",201311,"Trelles","Kiyomitsu"
"Sales",73071,"Sankaranarayanan","Hatim"
"Sales",404705,"Tetzlaff","Mechthild"
"Sales",11061,"Erni","Pintsang"
"Sales",424712,"Kisuki","Lunjin"
"Sales",11060,"Pokrovskii","Genevieve"
"Sales",240796,"Kamble","Atreyi"
"Sales",201370,"Lanphier","Aran"
"Sales",11055,"Neiman","Shaleah"
"Sales",404187,"Hambrick","Siamak"
"Sales",278333,"Cichocki","Eric"
"Sales",424831,"Dehkordi","Oguz"
"Sales",201438,"Liedekerke","Khaled"
"Sales",415075,"Falster","Lihong"
"Sales",487453,"Bellmore","Phillip"
"Sales",430264,"Milicic","Fumitaka"
"Sales",248240,"Honglei","Kitty"
"Sales",424955,"Mansanne","Tsvetan"
"Sales",248463,"Escriba","Wonhee"
"Sales",73036,"Koyama","Syozo"
"Sales",73035,"Cummings","Kensyu"
"Sales",424978,"Jullig","Baocai"
"Sales",418390,"Kalafatis","Tzvetan"
"Sales",425005,"Narahari","Dung"
"Sales",73034,"Yoshizawa","Rosli"
"Sales",28412,"Karnin","Xinyu"
"Sales",201544,"Zaiane","Krister"
"Sales",425072,"Pellegrinelli","Chaoyi"
"Sales",72969,"Setia","Xinan"
"Sales",425097,"Matzen","Gao"
"Sales",90193,"Aloisi","Xuedong"
"Sales",248500,"Rajaraman","Kokou"
"Sales",201591,"DiGiano","Parviz"
"Sales",99273,"Bottner","Gudjon"
"Sales",201599,"Cools","Kiyotoshi"
"Sales",248515,"Swiler","Duro"
"Sales",425451,"Limongiello","Ekawit"
"Sales",72960,"Fiutem","Niteen"
"Sales",201610,"Fritzsche","Xiaoheng"
"Sales",248531,"Alblas","Mart"
"Sales",491586,"Birrer","Kazuhito"
"Sales",425541,"Huhdanpaa","Spyrose"
"Sales",278448,"Pluym","Jenwei"
"Sales",90187,"Crouzet","Bilhanan"
"Sales",425569,"Isard","Richard"
"Sales",263760,"Irland","Yoshinari"
"Sales",263763,"Douceur","Dmitri"
"Sales",425629,"Linares","Van"
"Sales",250464,"Gimbel","Florian"
"Sales",425641,"Lindenbaum","Jeong"
"Sales",425643,"Schaft","King"
"Sales",425686,"Hambrick","Yinghua"
"Sales",406022,"Asrin","Maha"
"Sales",493578,"Sgarro","Zhiguo"
"Sales",425759,"Molberg","Tiina"
"Sales",425763,"Thombley","Shigenori"
"Sales",406205,"Plotkin","Divine"
"Sales",248557,"Demir","Kiyomitsu"
"Sales",425806,"Limongiello","Aemilian"
"Sales",425831,"Mapelli","Baocai"
"Sales",248567,"Vural","Vincent"
"Sales",263838,"Fritzsche","Oddvar"
"Sales",72946,"Schahn","Waiman"
"Sales",264193,"Desikan","Gererd"
"Sales",425892,"Uhrik","Constantine"
"Sales",425900,"Kobuchi","Pranjal"
"Sales",406206,"Heemskerk","Garnet"
"Sales",201993,"Kroll","Shigehito"
"Sales",264210,"Azuma","Kitty"
"Sales",425995,"Merks","Akeel"
"Sales",202036,"Desikan","Ottavia"
"Sales",278488,"Underwood","Kwun"
"Sales",240825,"Dredge","Mostafa"
"Sales",426021,"Picht","Bader"
"Sales",426096,"Casley","Odysseas"
"Sales",426106,"Dichev","Sanjoy"
"Sales",264229,"Hofstetter","Nalini"
"Sales",264230,"Coorg","Kwan"
"Sales",426174,"Gips","Youjian"
"Sales",264237,"Sigstam","Shaowen"
"Sales",426204,"Berztiss","Zhongwei"
"Sales",426223,"Verspoor","Nalini"
"Sales",72702,"Peek","Chinhyun"
"Sales",426252,"Morrin","Weiyi"
"Sales",418449,"Lunn","Dipayan"
"Sales",426330,"Gimbel","Mingzeng"
"Sales",264268,"Cyre","Satosi"
"Sales",278508,"Improta","Mansur"
"Sales",426359,"Cesareni","Thodoros"
"Sales",426387,"Paludetto","Filipe"
"Sales",426428,"Bierbaum","Aloke"
"Sales",426433,"Welham","Danny"
"Sales",426440,"Wuwongse","Danco"
"Sales",426475,"Vuskovic","Cullen"
"Sales",264275,"Kawashimo","Brendon"
"Sales",426488,"Brendel","Anoosh"
"Sales",248683,"Lorie","Mabry"
"Sales",426494,"Schwartzburd","Gill"
"Sales",264285,"Lunn","Shiv"
"Sales",406323,"Viele","Kayoko"
"Sales",278512,"Lund","Sukumar"
"Sales",426556,"Stanger","Kotesh"
"Sales",426566,"Macedo","Radhakrishnan"
"Sales",72643,"Varley","Elvis"
"Sales",426605,"Vural","Joydip"
"Sales",202465,"Journel","Hiroyasu"
"Sales",430348,"Domenig","Poornachandra"
"Sales",426849,"Suermann","Dietrich"
"Sales",72609,"Guting","Baziley"
"Sales",72606,"Schnabel","Shugo"
"Sales",264354,"Lamparter","Sreekrishna"
"Sales",426899,"Raczkowsky","Yonghong"
"Sales",426915,"Halevi","Youpyo"
"Sales",28157,"Cangellaris","Vincent"
"Sales",72594,"Figueira","Yechezkel"
"Sales",28116,"Taneja","Bader"
"Sales",427149,"Ecklund","Genevieve"
"Sales",89976,"Peres","Marke"
"Sales",430353,"Asser","Rosella"
"Sales",278526,"Pargaonkar","Sachin"
"Sales",427247,"Comte","Jianhao"
"Sales",406548,"Crooks","Cullen"
"Sales",240874,"Flasterstein","Nitsan"
"Sales",28109,"Melski","Uzi"
"Sales",202766,"Ranst","Sasan"
"Sales",427287,"Detkin","Boutros"
"Sales",28099,"Potthoff","Susanta"
"Sales",202787,"Rattan","Zhiguo"
"Sales",427339,"Rodiger","JoAnna"
"Sales",427385,"Schwartzburd","Demin"
"Sales",264449,"Hooghiemstra","Yunming"
"Sales",427406,"Magalhaes","Murthy"
"Sales",278555,"Spelt","JoAnna"
"Sales",406577,"Rosen","Weicheng"
"Sales",72535,"Mitzlaff","Mona"
"Sales",427498,"Foong","Taisook"
"Sales",264467,"Bondorf","Abdelwaheb"
"Sales",264471,"Pews","Temple"
"Sales",264480,"Munawer","Pranjal"
"Sales",427540,"Eiter","Genevieve"
"Sales",406579,"Stafford","Ingemar"
"Sales",427553,"Chelton","Hatem"
"Sales",202868,"Roohalamini","Marsja"
"Sales",427577,"Bugrara","Toshimori"
"Sales",72520,"Kieras","Kenton"
"Sales",264503,"Shanbhogue","Leen"
"Sales",427592,"Kleiser","Tomoyuki"
"Sales",202907,"Soloway","Jianhui"
"Sales",427654,"Erez","Manohar"
"Sales",427660,"Gils","Mayuko"
"Sales",427661,"Sadowski","Girolamo"
"Sales",15812,"Braunmuhl","Luise"
"Sales",427699,"Haldar","Siamak"
"Sales",430359,"Vidya","Munehiko"
"Sales",278583,"Wallrath","Mart"
"Sales",72464,"Vidya","Srinidhi"
"Sales",432365,"Slaats","Basim"
"Sales",427755,"Tsukuda","Yunming"
"Sales",430368,"Pelz","Mark"
"Sales",427783,"Alameldin","Gennady"
"Sales",427784,"Chenney","Gor"
"Sales",264701,"Lakshmanan","Waiman"
"Sales",28074,"Syrotiuk","Shmuel"
"Sales",72443,"Shigei","Dulce"
"Sales",72437,"Mellouli","Radhika"
"Sales",98731,"Lundstrom","Martina"
"Sales",428073,"Improta","Lech"
"Sales",428087,"Engelmann","Kwee"
"Sales",10767,"Doering","Monique"
"Sales",72067,"Shackell","Nahid"
"Sales",428462,"Katiyar","Yefim"
"Sales",27052,"Lupu","Mabo"
"Sales",428485,"Doering","Munir"
"Sales",428496,"Papsdorf","Mayuko"
"Sales",428506,"Conte","Qiwen"
"Sales",250476,"Vuskovic","Chikako"
"Sales",203223,"Skogmar","Renee"
"Sales",264800,"Collavizza","Ymte"
"Sales",428598,"Eiron","Gianluca"
"Sales",10765,"Norsworthy","Goetz"
"Sales",203224,"Crooks","Randi"
"Sales",240898,"Ghalwash","Shaw"
"Sales",428794,"Comellas","Krister"
"Sales",264803,"Suppi","Ymte"
"Sales",203249,"Gire","Ulf"
"Sales",402083,"Casperson","Sanjiv"
"Sales",402084,"Junot","Xiong"
"Sales",428903,"Sadowski","Dung"
"Sales",428904,"Liesche","Gadiel"
"Sales",428911,"Buescher","Mads"
"Sales",249062,"Ponthieu","Kiyotoshi"
"Sales",492023,"Mattern","Percy"
"Sales",406617,"Vural","Jaana"
"Sales",429149,"Kushnir","Bernt"
"Sales",429150,"Brookman","Holgard"
"Sales",429180,"Veccia","Guozhong"
"Sales",491562,"Denis","Ewing"
"Sales",429196,"Jansch","Sanjeeva"
"Sales",204876,"Haldar","Licheng"
"Sales",27003,"Bugrara","Xuejun"
"Sales",429295,"Farrar","Behnaam"
"Sales",249086,"Swab","Tristan"
"Sales",27000,"Chaudhuri","Yuuichi"
"Sales",429357,"Fraisse","Jagoda"
"Sales",432373,"Casperson","Kiyokazu"
"Sales",26942,"Carrera","Selwyn"
"Sales",429384,"Schneeberger","Jayson"
"Sales",264902,"Zweizig","Zeljko"
"Sales",406648,"Akaboshi","Parviz"
"Sales",429440,"Crabtree","Van"
"Sales",429447,"Lipner","Yuping"
"Sales",429450,"Hitomi","Holgard"
"Sales",71979,"Kropp","Sugwoo"
"Sales",71968,"Harbusch","Randi"
"Sales",71945,"Awdeh","Pohua"
"Sales",429608,"Przulj","Jianwen"
"Sales",264980,"Swick","Ravishankar"
"Sales",430401,"Gien","Jaques"
"Sales",249294,"Pietrzykowski","Breannda"
"Sales",431022,"Improta","Randy"
"Sales",431068,"Edelhoff","Mary"
"Sales",431074,"Perez","Takahiro"
"Sales",249309,"Conta","Jeong"
"Sales",493528,"Sullins","Sverrir"
"Sales",431112,"Baumann","Willard"
"Sales",26902,"Welham","Reinhold"
"Sales",205362,"Makinen","Masasuke"
"Sales",431134,"Landherr","Kerryn"
"Sales",87065,"Kalorkoti","Yagil"
"Sales",205370,"Marchesini","Geoffry"
"Sales",278678,"Farris","Lubomir"
"Sales",431879,"Kinley","Owen"
"Sales",404202,"Rosay","Elzbieta"
"Sales",26901,"Besancenot","Marsja"
"Sales",431901,"Kandlur","Shahid"
"Sales",431928,"Maraist","Gill"
"Sales",249346,"Castellani","Kazuyasu"
"Sales",265204,"Peot","Rafail"
"Sales",205402,"Beidas","Jaber"
"Sales",249352,"Welham","Jixiang"
"Sales",434613,"Kemmerer","Marie"
"Sales",71379,"Weiland","Gila"
"Sales",432174,"Solares","Goh"
"Sales",71369,"Siegrist","Hatsukazu"
"Sales",71339,"Matzov","Mariusz"
"Sales",432195,"Speel","Badri"
"Sales",432196,"Curless","Kwok"
"Sales",418674,"Bauknecht","Aloys"
"Sales",249374,"Luft","Khun"
"Sales",406691,"Bratten","Bluma"
"Sales",406695,"Uchoa","Oddvar"
"Sales",493447,"Saoudi","Jahangir"
"Sales",432522,"Turnbull","Supot"
"Sales",432558,"Dechter","Ronghao"
"Sales",205699,"Yetto","Youjian"
"Sales",205717,"Thorelli","Shem"
"Sales",432822,"Speek","Unal"
"Sales",249432,"Junet","Georgy"
"Sales",205938,"Mandelberg","Remco"
"Sales",432863,"Merro","Ingmar"
"Sales",265324,"Vieth","Along"
"Sales",265355,"Alencar","Heng"
"Sales",432933,"Hennebert","Ipke"
"Sales",432993,"Matzen","Abdelghani"
"Sales",71309,"Szemeredi","Zhenbing"
"Sales",71308,"Gelosh","Frederique"
"Sales",71299,"Lichtman","Moss"
"Sales",433043,"Murthy","Subhada"
"Sales",206038,"Barriga","Sham"
"Sales",265732,"Feldmann","Dmitri"
"Sales",433106,"Benzmuller","Hugh"
"Sales",10681,"Garnier","Florina"
"Sales",206065,"Spataro","Garnik"
"Sales",278750,"Trachtenberg","Shir"
"Sales",434027,"Gischer","Mircea"
"Sales",26784,"Breugel","Iara"
"Sales",206277,"Toyoshima","Candida"
"Sales",26772,"Luft","Nigel"
"Sales",265758,"Molberg","Lenore"
"Sales",12113,"DeMori","Larisa"
"Sales",206298,"Melter","Limsoon"
"Sales",70611,"Berztiss","Fumiko"
"Sales",434344,"Delgrande","Mona"
"Sales",434405,"Imataki","Leni"
"Sales",265808,"Pollacia","Halsur"
"Sales",434420,"Kaiser","Kiyotoshi"
"Sales",98616,"Honglei","Jaewon"
"Sales",26750,"Denis","Baziley"
"Sales",206352,"Fandrianto","Ulf"
"Sales",241167,"Kamber","Yuchang"
"Sales",434682,"Boreale","Bodo"
"Sales",434692,"Manderick","Shao"
"Sales",70590,"Cappelletti","Kersti"
"Sales",265827,"Delaune","Kenton"
"Sales",434719,"Stasinski","Rafael"
"Sales",434754,"Passafiume","Irena"
"Sales",434766,"Babu","Basim"
"Sales",434779,"Czap","Yinghua"
"Sales",434787,"Chleq","Pasqua"
"Sales",434801,"Hatcliff","Sakthirel"
"Sales",98608,"Rijsenbrij","Gretta"
"Sales",434815,"Jansen","Stevo"
"Sales",265843,"Morrin","Bodh"
"Sales",206428,"Salinas","Phillip"
"Sales",265856,"Biros","Huiqun"
"Sales",435765,"Kuszyk","Rimli"
"Sales",418693,"Majewski","Amabile"
"Sales",250680,"Meszaros","Candida"
"Sales",265911,"Penn","Eirik"
"Sales",436036,"Litecky","Conrado"
"Sales",436062,"Ibel","Kshitij"
"Sales",206697,"Quaggetto","Billie"
"Sales",436077,"Macedo","Mabo"
"Sales",436145,"Lung","Zeljko"
"Sales",206701,"Llado","Giri"
"Sales",265979,"Sevcikova","Guoxiang"
"Sales",254304,"Schaft","Jeanne"
"Sales",70452,"Trachtenberg","Vesna"
"Sales",436297,"Bauknecht","KayLiang"
"Sales",70087,"Lemarechal","Ronghao"
"Sales",436520,"Zolotykh","Martijn"
"Sales",278888,"Steinauer","Sakthirel"
"Sales",10596,"Coors","Sanjit"
"Sales",10592,"Alvarado","Almudena"
"Sales",436632,"Dredge","Xianlong"
"Sales",206961,"Gils","Xiong"
"Sales",266083,"Peng","Koichi"
"Sales",250554,"Plesums","Sachio"
"Sales",206987,"Radwan","Oldrich"
"Sales",415101,"Brlek","Toshimo"
"Sales",436732,"Erman","Sadok"
"Sales",26352,"Lindqvist","Martina"
"Sales",250785,"Falster","Khue"
"Sales",436785,"Jakobus","Genki"
"Sales",250562,"Laurillard","Panayotis"
"Sales",436817,"Birge","Ferdinand"
"Sales",278923,"Michaeli","Toshiki"
"Sales",98557,"Penttonen","Mayuri"
"Sales",406965,"Ciolek","Dipayan"
"Sales",437051,"Fontet","Selwyn"
"Sales",437080,"Munke","Foong"
"Sales",437097,"Clemencon","Salvador"
"Sales",207090,"Uhrig","Stein"
"Sales",430461,"Lichtner","Fan"
"Sales",295091,"Alvarado","Kiyokazu"
"Sales",437125,"Lukaszewicz","Ghassan"
"Sales",437162,"Kenevan","Zhiwei"
"Sales",278973,"Curless","Pascal"
"Sales",207317,"Naudin","Francoise"
"Sales",437173,"Grabner","Shushma"
"Sales",207327,"Luck","Anoosh"
"Sales",437209,"Pero","Nishit"
"Sales",69970,"Plessier","Utz"
"Sales",437232,"Murtafg","Sanjit"
"Sales",437234,"Sgarro","Gil"
"Sales",26329,"Bellmore","Oksana"
"Sales",278983,"Bodoff","Suzette"
"Sales",437284,"Worfolk","Hausi"
"Sales",207374,"Petersohn","Beshir"
"Sales",207386,"Kushnir","Sachin"
"Sales",295094,"Alpay","Hitomi"
"Sales",437515,"Naudin","Parto"
"Sales",437517,"Schaap","Maha"
"Sales",69937,"Candan","Arto"
"Sales",266173,"Cannane","Arie"
"Sales",430467,"Jeansoulin","Nimmagadda"
"Sales",407019,"Ghelli","Urs"
"Sales",207457,"Thambidurai","Tomoyuki"
"Sales",207501,"Lipner","Florina"
"Sales",407021,"Hanabata","Keung"
"Sales",251397,"Delgrange","Ramachenga"
"Sales",437639,"Imataki","Barun"
"Sales",69930,"Maquelin","Muzhong"
"Sales",437652,"Garnick","Remzi"
"Sales",437848,"Litzler","Aemilian"
"Sales",266207,"Chaudhury","Aran"
"Sales",207566,"Pehl","Uinam"
"Sales",437909,"Kampfer","Waiman"
"Sales",207580,"Harbusch","Parto"
"Sales",437954,"Sinitsyn","Mong"
"Sales",69913,"Sidou","Sorina"
"Sales",437958,"Litvinov","Weiye"
"Sales",438000,"Pillow","Chenyi"
"Sales",207798,"Gyorkos","Munir"
"Sales",69887,"Leijenhorst","Amabile"
"Sales",493384,"McFarlan","Xiaoshan"
"Sales",407028,"Hoogerwoord","Qingxiang"
"Sales",438241,"Schwaller","Zsolt"
"Sales",266241,"Kilgour","Ashish"
"Sales",493382,"Pargaonkar","Xuejun"
"Sales",207834,"Lalonde","Huei"
"Sales",207842,"Denos","Pranjal"
"Sales",26238,"Stassinopoulos","Somnath"
"Sales",438505,"Anick","Bluma"
"Sales",69842,"Pews","Jackson"
"Sales",279005,"Harbusch","Jiakeng"
"Sales",251454,"Erie","Tonny"
"Sales",266275,"Rosch","Greger"
"Sales",251456,"Raney","Tua"
"Sales",438593,"Miyakawa","Youssef"
"Sales",438613,"Junot","Mechthild"
"Sales",438642,"Hutter","Tadahiro"
"Sales",430489,"Spataro","Fusako"
"Sales",438659,"Juneja","Arve"
"Sales",438664,"Wallrath","Michaela"
"Sales",207900,"Wroclawski","Sachem"
"Sales",251466,"Yurek","Vitali"
"Sales",438691,"Marrevee","Navin"
"Sales",438708,"Terkki","Hilari"
"Sales",251467,"Waymire","Yongmao"
"Sales",266328,"Underwood","Maik"
"Sales",207936,"Improta","Gonzalo"
"Sales",438776,"Nishimukai","Taizo"
"Sales",438783,"Schmiedel","Seongbin"
"Sales",15740,"Pocchiola","Stepehn"
"Sales",266357,"Fraisse","Radhakrishnan"
"Sales",438827,"Speel","Geoff"
"Sales",438829,"Munke","Munehiro"
"Sales",439380,"Quaggetto","Tzu"
"Sales",69812,"Lamba","Baruch"
"Sales",69793,"Unni","Xiaocheng"
"Sales",69792,"Kroon","Herb"
"Sales",439439,"Desikan","Lorien"
"Sales",439441,"Munro","Abdelaziz"
"Sales",10532,"Wossner","Mary"
"Sales",439470,"Steenbeek","Subhada"
"Sales",439494,"Swick","Goa"
"Sales",89881,"Coullard","Billie"
"Sales",69787,"Rajcani","Manu"
"Sales",266386,"Hutter","Takahira"
"Sales",252016,"Czaja","Hatim"
"Sales",252023,"Pleszkun","Kwangsub"
"Sales",439791,"Shackell","Deniz"
"Sales",439807,"Fraisse","Kotesh"
"Sales",98527,"Madeira","Marko"
"Sales",493357,"Schmittgen","Demos"
"Sales",26023,"Dratva","Yonghoan"
"Sales",418947,"Validov","Eishiro"
"Sales",408575,"Fendler","Ramachenga"
"Sales",69584,"Ozeki","Golgen"
"Sales",440050,"Wolniewicz","Gou"
"Sales",10509,"Riesenhuber","Abdelwaheb"
"Sales",440057,"Yetim","Gro"
"Sales",440067,"Yoshimura","Mrinalini"
"Sales",252042,"Heijenga","Nadjib"
"Sales",69578,"Sewelson","Shim"
"Sales",440162,"Baik","Vatsa"
"Sales",69559,"Camarinopoulos","Gunilla"
"Sales",69503,"Beilner","Val"
"Sales",440185,"Stiles","Hitomi"
"Sales",440187,"Menhardt","Baoqiu"
"Sales",10504,"Varker","Xiong"
"Sales",430493,"Brender","Utz"
"Sales",440239,"Reeker","Satoru"
"Sales",252058,"Shiratori","Fusako"
"Sales",295118,"Redmiles","Navin"
"Sales",440298,"Lichtner","Xiahua"
"Sales",69475,"Wroclawski","Syozo"
"Sales",440318,"Ushiama","Chaitali"
"Sales",279049,"Roisin","Kamakshi"
"Sales",252066,"Francisci","Evgueni"
"Sales",493340,"Demri","Jaques"
"Sales",252087,"Luff","Marsal"
"Sales",266462,"Fritzsche","Valdiodio"
"Sales",440375,"Bojadziev","Mitsuyuki"
"Sales",69471,"Vanwelkenhuysen","Yongmin"
"Sales",440430,"McFarlin","Xiong"
"Sales",295125,"Wrigley","Limsoon"
"Sales",208499,"Kolinko","Sushant"
"Sales",440464,"Naumovich","Kazuhiko"
"Sales",440483,"Luks","Amalendu"
"Sales",440505,"Spell","Christoph"
"Sales",208525,"DiGiano","Adam"
"Sales",279066,"Majewski","Kayoko"
"Sales",418978,"Salinas","Khalid"
"Sales",404717,"Terkki","Rafael"
"Sales",440658,"Plessier","Jaana"
"Sales",266510,"Aingworth","Roded"
"Sales",440682,"Deville","Masasuke"
"Sales",25999,"Krybus","Snehasis"
"Sales",418994,"Perri","Sachio"
"Sales",69404,"Pargas","Edwin"
"Sales",69373,"Chandrasekhar","Haldun"
"Sales",10444,"Rosis","Kazuhira"
"Sales",208593,"Plumb","Jayson"
"Sales",208594,"Domenig","Doowon"
"Sales",253041,"Erez","Saniya"
"Sales",12951,"Keirsey","Mohammad"
"Sales",440764,"Maquelin","Kankanahalli"
"Sales",266590,"Wissmann","Toshimi"
"Sales",69361,"Ramsay","Mats"
"Sales",208607,"Rajala","Gal"
"Sales",441094,"Ranon","Sasan"
"Sales",441116,"Ranum","Candida"
"Sales",441197,"Legleitner","Miquel"
"Sales",430507,"Janetzko","Horward"
"Sales",493339,"Lindenbaum","Zhongwei"
"Sales",441218,"Yetto","Dharmaraja"
"Sales",441227,"Stemann","Haldon"
"Sales",69339,"Kitsuregawa","Hitofumi"
"Sales",432675,"Veeraraghavan","Kazunori"
"Sales",208665,"Beznosov","Kayoko"
"Sales",15725,"Petersohn","Shuichi"
"Sales",69337,"Biros","Janalee"
"Sales",241662,"Deville","Arif"
"Sales",208699,"Isaak","Sachio"
"Sales",266671,"Benantar","Changho"
"Sales",441443,"Assaf","Tsvetan"
"Sales",441455,"Benveniste","Shen"
"Sales",441477,"Sevcikova","Kerryn"
"Sales",208719,"Oxenboll","Feiyu"
"Sales",266696,"Kilgore","Shahar"
"Sales",441572,"Kakkad","Geoffrey"
"Sales",241664,"Nergos","Huei"
"Sales",441618,"Pelc","Tran"
"Sales",441626,"Pellegrinelli","Mohan"
"Sales",208746,"Schaaf","Hatsukazu"
"Sales",69304,"Meszaros","Jaideep"
"Sales",208767,"Masada","Genta"
"Sales",208773,"Kamber","Zhongwei"
"Sales",241672,"Schlegelmilch","Augustine"
"Sales",69296,"McFarlan","Werner"
"Sales",69082,"Nitsch","Guozhong"
"Sales",10427,"Sudbeck","Khosrow"
"Sales",25935,"Parascandalo","Berhard"
"Sales",266743,"Rajala","Jaber"
"Sales",441799,"Lieberherr","Heng"
"Sales",441810,"Stavenow","Ebbe"
"Sales",69030,"Pusterhofer","Taisook"
"Sales",441823,"Varker","Niranjan"
"Sales",441834,"Kusakabe","Lunjin"
"Sales",241673,"Barinka","Honglan"
"Sales",98447,"Jording","Nagui"
"Sales",491958,"Lorin","Basim"
"Sales",209100,"Engberts","Jongsuk"
"Sales",69019,"Rothenberg","Valdiodio"
"Sales",441976,"Thiria","Guoxiang"
"Sales",441996,"Foote","Janche"
"Sales",209289,"Boissier","JiYoung"
"Sales",209334,"Karunanithi","Werner"
"Sales",491460,"Chorvat","Sanjai"
"Sales",209346,"Schueller","Boaz"
"Sales",252421,"Arlazarov","Dipayan"
"Sales",442121,"Kulisch","Shay"
"Sales",25715,"Rikino","Sudhanshu"
"Sales",442163,"Hiltgen","Vasilii"
"Sales",68946,"Pollacia","Subhash"
"Sales",279158,"Clemencon","Kersti"
"Sales",442188,"Rahier","Lucian"
"Sales",241697,"McDermid","Tadahiko"
"Sales",241707,"Pena","Holgard"
"Sales",209433,"Beznosov","Sven"
"Sales",442242,"Badr","Arra"
"Sales",68867,"Luft","Shigehiro"
"Sales",279160,"Uludag","Subhankar"
"Sales",25684,"Riesenhuber","Mizuhito"
"Sales",89827,"Selvestrel","Shietung"
"Sales",442285,"Benzaken","Weicheng"
"Sales",209490,"Mundy","Martijn"
"Sales",493334,"Bakhtari","Menkae"
"Sales",442363,"Spieker","Zhiwei"
"Sales",98441,"Reutenauer","Martins"
"Sales",68695,"Grospietsch","Jenwei"
"Sales",266854,"Simmen","Theron"
"Sales",266868,"Zuberek","Mingdong"
"Sales",68682,"Matzat","Bernardo"
"Sales",442461,"Serot","Abdulah"
"Sales",442463,"Pouyioutas","Gao"
"Sales",442466,"Jiafu","Subir"
"Sales",442480,"Denny","Branimir"
"Sales",98439,"Schrooten","Ioana"
"Sales",442536,"Kushner","Venkatesan"
"Sales",442594,"Radhakrishnan","Evgueni"
"Sales",408927,"Hartvigsen","Djenana"
"Sales",209592,"Jeansoulin","Amstein"
"Sales",442616,"Hiroyama","Conor"
"Sales",493333,"Suppi","Owen"
"Sales",68646,"Radhakrishnan","Arunas"
"Sales",442657,"Luca","Fumiko"
"Sales",209619,"Luit","Aamer"
"Sales",209640,"Narahara","Diederik"
"Sales",209647,"Rabejac","Arun"
"Sales",209667,"Lorie","Huai"
"Sales",442754,"Fabrizio","Adin"
"Sales",252798,"Vidal","Xiaoqiu"
"Sales",266970,"Hebert","Otilia"
"Sales",25625,"Morrow","Jayson"
"Sales",68404,"Flowers","Kerryn"
"Sales",10399,"Marchegay","Guenter"
"Sales",442837,"Harbusch","Roddy"
"Sales",442839,"DiGiano","Keiichiro"
"Sales",408945,"Back","Sadegh"
"Sales",87037,"Picaronny","Ohad"
"Sales",267019,"Kushnir","Perla"
"Sales",209749,"Barinka","Garnet"
"Sales",443391,"Yetto","Jolita"
"Sales",209752,"Gulak","Amabile"
"Sales",279171,"Riexinger","Yolla"
"Sales",68365,"Anger","Girolamo"
"Sales",25599,"Pillow","Masoud"
"Sales",443445,"Thorensen","Georgi"
"Sales",68342,"Stafford","Inderjeet"
"Sales",435315,"Turnbull","Georgi"
"Sales",25581,"Pileggi","Michaela"
"Sales",443471,"Tetzlaff","Honesty"
"Sales",267079,"Bellone","Tonny"
"Sales",443484,"Vendrig","Ferdinand"
"Sales",209778,"Walstra","Przemyslawa"
"Sales",68327,"Pettis","Shigeo"
"Sales",279187,"Millington","Karsten"
"Sales",279195,"Buchter","Hercules"
"Sales",267092,"Chleq","Constantino"
"Sales",443558,"Billawala","Falguni"
"Sales",25580,"Henders","Sungwon"
"Sales",443567,"Kornyak","Kitty"
"Sales",493287,"Fontet","Hailing"
"Sales",443626,"Collette","Akeno"
"Sales",443632,"Conia","Bernd"
"Sales",25568,"Michaels","Adam"
"Sales",98431,"Vural","Tzvetan"
"Sales",267115,"Uhrig","Makato"
"Sales",443694,"Silva","Surveyors"
"Sales",279212,"Auyong","Alagu"
"Sales",10378,"Lichtner","Takahira"
"Sales",267142,"Rahier","Emran"
"Sales",443711,"Cooke","Subhankar"
"Sales",443716,"Luft","Vidar"
"Sales",443731,"Kulisch","Prasadram"
"Sales",209857,"Rodite","Bogdan"
"Sales",443775,"Azadmanesh","Chuanyi"
"Sales",443803,"Lienhardt","Abdelghani"
"Sales",241757,"Riexinger","Jaana"
"Sales",443844,"Godskesen","Leon"
"Sales",68220,"Boreale","Jackson"
"Sales",68197,"Ertl","Boutros"
"Sales",267181,"Kriebel","Pintsang"
"Sales",209863,"Szilard","Kirk"
"Sales",443897,"Rullman","Weiwu"
"Sales",443900,"Kalorkoti","Pranav"
"Sales",10370,"Fandrianto","Clyde"
"Sales",443933,"Brookman","Heejo"
"Sales",98426,"Munch","Chuanyi"
"Sales",250622,"Brizzi","Syozo"
"Sales",267189,"Pettis","Janalee"
"Sales",209940,"Sooriamurthi","Chaosheng"
"Sales",409011,"Morton","Ramya"
"Sales",209983,"Garnham","Kiam"
"Sales",252911,"Cappello","Kellyn"
"Sales",444037,"Klyachko","Uwe"
"Sales",416191,"Sichman","Xinglin"
"Sales",444050,"Zaumen","Dinah"
"Sales",267198,"Casperson","Przemyslawa"
"Sales",444192,"Hambrick","Seshu"
"Sales",68140,"Bratsberg","Alejandra"
"Sales",253154,"Crooks","Remmert"
"Sales",68137,"Lally","Weiwu"
"Sales",444934,"Attimonelli","Oddvar"
"Sales",444940,"Piveteau","Remzi"
"Sales",98385,"Marakhovsky","Ronnie"
"Sales",210123,"Fabrizio","Kazuhito"
"Sales",210125,"Ibel","Ingmar"
"Sales",241952,"Anandan","Maya"
"Sales",241956,"Alpin","Arch"
"Sales",210128,"Dayana","Olivera"
"Sales",87027,"Yetim","Ashish"
"Sales",445028,"Lakshmanan","Mohamadou"
"Sales",445244,"Murillo","Yechezkel"
"Sales",445275,"Egerstedt","Ferdinand"
"Sales",445315,"Conde","Otmar"
"Sales",445329,"Demke","Tomofumi"
"Sales",210179,"Felder","Lokesh"
"Sales",210186,"Iivonen","Stafford"
"Sales",445379,"Range","Kankanahalli"
"Sales",295214,"Molenaar","Prasadram"
"Sales",445401,"Fendler","Toshimo"
"Sales",419141,"Roisin","Aimee"
"Sales",445481,"Olivero","Palash"
"Sales",402164,"Adachi","Lenore"
"Sales",67875,"Schlegelmilch","Constantine"
"Sales",445505,"Khalid","Vugranam"
"Sales",210225,"Rodham","Xumin"
"Sales",67861,"Chinen","Elliott"
"Sales",445572,"Zumaque","Stafford"
"Sales",445589,"Plotkin","Elliott"
"Sales",445591,"Jenevein","Parke"
"Sales",493275,"Gerteisen","Salvador"
"Sales",445632,"Bressoud","Zhiguo"
"Sales",10125,"Hiltgen","Syozo"
"Sales",253354,"Hofman","Takahito"
"Sales",210261,"Rouquie","Marsja"
"Sales",445657,"Cromarty","Junsik"
"Sales",493272,"Blokdijk","Nakhoon"
"Sales",67809,"Kragelund","Arlette"
"Sales",85621,"Peha","Steen"
"Sales",241995,"Varman","Reuven"
"Sales",446942,"Kamber","Teruyuki"
"Sales",253380,"Marakhovsky","Adas"
"Sales",67786,"Papadias","Patricio"
"Sales",253382,"Limongiello","Avishai"
"Sales",446976,"Jarecki","Ennio"
"Sales",25288,"Bala","Aral"
"Sales",10099,"Sullins","Valter"
"Sales",25285,"Castellani","Nagui"
"Sales",447027,"Candan","Angus"
"Sales",447035,"Suppi","Charmane"
"Sales",447544,"Kakkad","Stabislas"
"Sales",98156,"Tanemo","Rajmohan"
"Sales",267454,"Vecchio","Supot"
"Sales",419167,"Rindone","Reinhold"
"Sales",447590,"Benner","JoAnne"
"Sales",67702,"Marwedel","Achilleas"
"Sales",409777,"Beerel","Jenwei"
"Sales",447662,"Kornyak","Leen"
"Sales",447663,"Hegner","Anneli"
"Sales",267522,"Veldwijk","Fuqing"
"Sales",250844,"Morrey","Hercules"
"Sales",67699,"Cooley","Chinho"
"Sales",98147,"Suwa","Zengping"
"Sales",253423,"Restivo","Harjit"
"Sales",98142,"Zweizig","Mart"
"Sales",447910,"Murtha","Uma"
"Sales",242020,"Gargeya","Youssef"
"Sales",447914,"Schahn","Christophe"
"Sales",67665,"Alpin","Sergi"
"Sales",447970,"Herath","Beshir"
"Sales",210465,"Brattka","Felicidad"
"Sales",67645,"dAstous","Willard"
"Sales",67643,"Alencar","Kiyotoshi"
"Sales",448235,"Flowers","Giao"
"Sales",448237,"Tagansky","Chenxi"
"Sales",448268,"Peak","Phillip"
"Sales",67633,"Furedi","Chiranjit"
"Sales",210525,"Jiafu","Eckart"
"Sales",448313,"Carrere","Chinhyun"
"Sales",242037,"Yemenis","Izaskun"
"Sales",210549,"Kermarrec","Macha"
"Sales",210554,"Beidas","Piyawadee"
"Sales",448395,"Berstel","IEEE"
"Sales",448398,"Speel","Kankanahalli"
"Sales",210561,"Zultner","Jaber"
"Sales",448423,"Azumi","Yonghong"
"Sales",448453,"Zyda","Rosli"
"Sales",253449,"Cullers","Achilleas"
"Sales",210578,"Vandervoorde","Arnd"
"Sales",409849,"Selvestrel","Mountaz"
"Sales",253472,"Kusakabe","Gianluca"
"Sales",242038,"Cooman","Arto"
"Sales",254003,"Haumacher","Alenka"
"Sales",254012,"Krohn","Fumitake"
"Sales",419194,"Adachi","Houman"
"Sales",210620,"Bierman","Anyuan"
"Sales",448742,"Taubman","Valdiodio"
"Sales",448756,"Heystek","Teiji"
"Sales",487153,"Goodrum","Huican"
"Sales",254022,"Trachtenberg","Noritoshi"
"Sales",67522,"Spell","Yonghong"
"Sales",210644,"Panangaden","Hsiangchu"
"Sales",267675,"Gopalakrishnan","Susuma"
"Sales",267676,"Varker","Shih"
"Sales",448878,"Veccia","Kasidit"
"Sales",210692,"Standera","Xuejia"
"Sales",67495,"Khamsi","Yaghout"
"Sales",279387,"Atrawala","Arfst"
"Sales",449164,"Onuegbe","Malu"
"Sales",449171,"Luiz","Divier"
"Sales",449174,"Setia","Yuichiro"
"Sales",210739,"Anger","Alper"
"Sales",210751,"Syrotiuk","Sanjeeva"
"Sales",267694,"Cronau","Nadjib"
"Sales",449905,"Basawa","Moni"
"Sales",67429,"Crelier","Faiza"
"Sales",449921,"Schieder","Oksana"
"Sales",449951,"Zobel","Ioana"
"Sales",449955,"Baar","Abdelkader"
"Sales",67244,"Gomatam","Zita"
"Sales",449975,"Cesareni","Susumu"
"Sales",410786,"Crouzet","Werner"
"Sales",67192,"Ozery","Zissis"
"Sales",450000,"Cheshire","Kazunori"
"Sales",267754,"Lukaszewicz","Lein"
"Sales",430572,"Iisaku","Shih"
"Sales",450585,"Remmele","Gaetan"
"Sales",450590,"Hashii","Halsur"
"Sales",67172,"Berstel","Marke"
"Sales",450639,"Feldhoffer","Jouni"
"Sales",267773,"Farris","Arif"
"Sales",450695,"Bashian","Shin"
"Sales",67146,"Hertweck","Horward"
"Sales",410818,"Bazzichi","Jiakeng"
"Sales",267783,"Salinas","Souichi"
"Sales",452088,"Kleiser","Saniya"
"Sales",67141,"Nourani","Chandrasekaran"
"Sales",452096,"Foong","Jahangir"
"Sales",452135,"Jansen","Mori"
"Sales",67127,"Bernardeschi","Torsten"
"Sales",452185,"Matzel","Duri"
"Sales",210885,"Gerteisen","Mack"
"Sales",25040,"Picco","Toshimo"
"Sales",15709,"Aloisi","Lena"
"Sales",25032,"Atrawala","Wojceich"
"Sales",254316,"Silva","Tomofumi"
"Sales",267818,"Bade","Honglan"
"Sales",452292,"Melichar","Phuoc"
"Sales",452318,"Muchinsky","Magdalena"
"Sales",452322,"Ouhyoung","Rosella"
"Sales",415122,"Berendt","Fuqing"
"Sales",452332,"Leonhardt","Shir"
"Sales",254357,"Marchegay","Jahangir"
"Sales",267870,"Silva","Genevieve"
"Sales",452359,"Birrer","Halsur"
"Sales",410890,"Gelosh","Mads"
"Sales",295274,"Muhling","Joydip"
"Sales",211219,"Lanteri","Jamaludin"
"Sales",24994,"Danner","Moriyoshi"
"Sales",452464,"Jording","Siddarth"
"Sales",452482,"Taneja","Atreyi"
"Sales",267888,"Muniz","Kayoko"
"Sales",211263,"Shumilov","Barna"
"Sales",67025,"Joslin","Yongqiao"
"Sales",430574,"Shackel","Hauke"
"Sales",452544,"Tzvieli","Kazuhisa"
"Sales",452557,"Sridhar","Jiakeng"
"Sales",254386,"Feldmann","Sangeeta"
"Sales",452561,"Kroll","Baoqiu"
"Sales",67001,"Bazzichi","Mizuhito"
"Sales",66994,"Varker","Halsur"
"Sales",452573,"Szmurlo","Phule"
"Sales",452599,"Kumaresan","Yishai"
"Sales",452679,"Picht","Alagu"
"Sales",404239,"Malinowski","Weidon"
"Sales",452685,"Osgood","Gurbir"
"Sales",452687,"Wissmann","Moss"
"Sales",66956,"Rabehasaina","Hausi"
"Sales",452778,"Chandrasekhar","Christ"
"Sales",267923,"Karnin","Valter"
"Sales",419234,"Standera","Bader"
"Sales",452808,"Szmurlo","Elgin"
"Sales",295291,"Carrere","Mads"
"Sales",254421,"Katiyar","Seshu"
"Sales",452834,"Beidas","Kellyn"
"Sales",267954,"Salvesen","Yannik"
"Sales",452867,"Kushnir","Bouchung"
"Sales",213533,"Encarnacion","Hyuncheol"
"Sales",499920,"Murtagh","Christ"
"Sales",452911,"Bael","Augustine"
"Sales",267978,"Merro","Takahira"
"Sales",452941,"Rodiger","Rosita"
"Sales",213581,"Champarnaud","Radoslaw"
"Sales",213595,"Luit","Maja"
"Sales",453039,"Seuren","Yoshimitsu"
"Sales",410922,"Tsukuda","Greger"
"Sales",85604,"Merlo","Hiroyasu"
"Sales",453112,"Kabayashi","Lucien"
"Sales",24909,"Garrabrants","Constantine"
"Sales",66674,"Thorelli","Rosalyn"
"Sales",254483,"Parveen","Rosalyn"
"Sales",499875,"Hainaut","Chenyi"
"Sales",213713,"Haldar","Shigehiro"
"Sales",66649,"Bednarek","Mana"
"Sales",213718,"Pramanik","Jouko"
"Sales",213721,"Nooteboom","Giordano"
"Sales",430603,"Conry","Yongqiao"
"Sales",453306,"Vecchio","Etsuo"
"Sales",66535,"Gyorkos","Erez"
"Sales",24888,"Felder","Murthy"
"Sales",499847,"Smeets","Morris"
"Sales",254659,"Coombs","Charmane"
"Sales",453401,"Weedman","Katsuo"
"Sales",268105,"Begiun","Kerhong"
"Sales",295313,"Swist","Kamran"
"Sales",453453,"Dulli","Lucien"
"Sales",254675,"Mandelberg","Kankanahalli"
"Sales",453472,"Weedon","Rosalyn"
"Sales",453495,"Luca","Toshiki"
"Sales",453499,"Conti","Odysseas"
"Sales",24863,"Buchter","Leaf"
"Sales",419283,"Zedlitz","Venkatesan"
"Sales",268155,"Kropf","Genki"
"Sales",435324,"Gien","Werner"
"Sales",499823,"Noriega","Changho"
"Sales",453578,"Servi","Bikash"
"Sales",215080,"Aingworth","Kenton"
"Sales",453609,"Rehfuss","Martijn"
"Sales",453628,"Shihab","Yoshinari"
"Sales",89761,"Ritzmann","Felicidad"
"Sales",268186,"Schnelling","Gonzalo"
"Sales",215089,"Suomi","Denny"
"Sales",268196,"Morrey","Alassane"
"Sales",215094,"Magalhaes","Weicheng"
"Sales",268207,"Baalen","Nigel"
"Sales",279510,"Munck","Makato"
"Sales",66441,"Smailagic","Venkatesan"
"Sales",453722,"Ushiama","Maja"
"Sales",402538,"Holburn","Yishay"
"Sales",24853,"McClurg","Zhongwei"
"Sales",453757,"Seiwald","Surveyors"
"Sales",453766,"Begiun","Vatsa"
"Sales",242095,"Tetzlaff","Shushma"
"Sales",268238,"Spell","Lena"
"Sales",66343,"Kropatsch","Eran"
"Sales",453844,"Kirkerud","Geraldo"
"Sales",66331,"Dulli","Nitsan"
"Sales",453848,"Isaak","Claude"
"Sales",254740,"Gips","Yannis"
"Sales",66289,"Keohane","Taizo"
"Sales",490956,"Zirintsis","Gian"
"Sales",410950,"Keustermans","Nathan"
"Sales",453899,"Peot","Vasiliy"
"Sales",15708,"Kushnir","Reuven"
"Sales",453938,"Reinhart","Takanari"
"Sales",453943,"Trumbly","Foong"
"Sales",453994,"Gips","Poornachandra"
"Sales",295338,"Antonisse","Mizuhito"
"Sales",66279,"Bultermann","Mahmut"
"Sales",215217,"Ballarin","Kazuhisa"
"Sales",454057,"Sabnani","Jianwen"
"Sales",454067,"Lindenbaum","Uma"
"Sales",454082,"Bolotov","Younwoo"
"Sales",454094,"Sethi","Heejo"
"Sales",215224,"Benveniste","Yannik"
"Sales",454101,"Leslie","Anneke"
"Sales",454105,"Katalagarianos","Shimshon"
"Sales",215230,"Fiutem","Visit"
"Sales",254809,"Gewali","Giao"
"Sales",410954,"Bugrara","Henk"
"Sales",454148,"Reghbati","Keiichiro"
"Sales",97830,"Birsak","Roded"
"Sales",454180,"Karcich","Masasuke"
"Sales",454188,"Stenning","Honglan"
"Sales",454192,"Zaumen","Chuanyi"
"Sales",499790,"Poupard","Mechthild"
"Sales",454198,"Murrill","Guenter"
"Sales",66254,"Mahnke","Ghassan"
"Sales",454239,"Oehlmann","Aemilian"
"Sales",454241,"Luff","Harngdar"
"Sales",454255,"Greibach","Mokhtar"
"Sales",454304,"Collavizza","Howell"
"Sales",215288,"Anguita","Aran"
"Sales",454315,"Matzel","Mingdong"
"Sales",454323,"Willoner","Serenella"
"Sales",255370,"Panangaden","Geoff"
"Sales",402539,"Samarati","Hercules"
"Sales",454388,"Mitchem","Marin"
"Sales",454398,"Braunmuhl","Qunsheng"
"Sales",410970,"Zolotykh","Janalee"
"Sales",454402,"Capobianchi","Martine"
"Sales",268301,"Krohm","Siamak"
"Sales",268308,"Denny","Shietung"
"Sales",454511,"Navazio","Yuping"
"Sales",487386,"Ramaiah","Byong"
"Sales",430623,"Lanzelotte","Yongmao"
"Sales",268343,"Katalagarianos","Vatsa"
"Sales",454526,"Birsak","Ronghao"
"Sales",97801,"Comte","Almudena"
"Sales",402541,"Weisert","Zsolt"
"Sales",454554,"Remmele","Maria"
"Sales",268355,"Petereit","Gregory"
"Sales",268362,"Granlund","Anestis"
"Sales",454601,"Schrift","Samphel"
"Sales",215406,"Poujol","Navin"
"Sales",215408,"Fargier","Berni"
"Sales",215409,"Simmen","Kazuyasu"
"Sales",268385,"Hofting","Shan"
"Sales",454718,"Pusterhofer","Bokyung"
"Sales",24815,"Basagni","Kristin"
"Sales",65966,"Macedo","Jessie"
"Sales",268398,"Zastre","Mircea"
"Sales",65955,"Meriste","Hauke"
"Sales",454819,"Holburn","Shakhar"
"Sales",65950,"Karnin","Alois"
"Sales",216848,"Besancenot","Giri"
"Sales",24790,"Chachaty","Kiyokazu"
"Sales",454916,"Thummel","Kwan"
"Sales",493204,"Clouatre","Vidya"
"Sales",65892,"Plesums","Manibrata"
"Sales",216895,"Jeong","Sumali"
"Sales",402549,"Stavenow","Gao"
"Sales",435127,"Lovengreen","Pranas"
"Sales",216940,"Luiz","Remzi"
"Sales",455028,"Hasham","JoAnne"
"Sales",279694,"Birch","Atreye"
"Sales",455043,"Braunmuhl","Heeju"
"Sales",455260,"Lanzelotte","Ayakannu"
"Sales",455278,"Heemskerk","Zejun"
"Sales",455297,"Ritcey","Tetsushi"
"Sales",455306,"Condotta","Houman"
"Sales",411049,"Waterhouse","Mihalis"
"Sales",455325,"Reeker","Souichi"
"Sales",455380,"Zyda","Herb"
"Sales",255471,"Erde","Hongzue"
"Sales",268460,"Broder","Constantino"
"Sales",24555,"Zschoche","Satoru"
"Sales",217074,"Codenie","Dipankar"
"Sales",217098,"Swick","Yonghoan"
"Sales",268471,"Rousseau","Luigi"
"Sales",455451,"Perelgut","Sanjoy"
"Sales",250947,"Luff","Radhakrishnan"
"Sales",279743,"Nannarelli","Sasan"
"Sales",455472,"Delgrange","Toney"
"Sales",250957,"Ritcey","Yucai"
"Sales",255499,"Engelmann","Dannz"
"Sales",217137,"Chorvat","Kerhong"
"Sales",455545,"Delgrange","DAIDA"
"Sales",255509,"Maginnis","Manibrata"
"Sales",65824,"Mitzlaff","Luerbio"
"Sales",455559,"Papastamatiou","Shan"
"Sales",217157,"Kalorkoti","Shuho"
"Sales",499752,"Stranks","Palash"
"Sales",65819,"Sundgren","Mabo"
"Sales",455594,"Khalid","Shay"
"Sales",455634,"Sooriamurthi","Kwangho"
"Sales",279775,"Felder","Sergi"
"Sales",455687,"Radivojevic","Gully"
"Sales",499737,"Bernatsky","Aamod"
"Sales",499730,"Heusch","Feixiong"
"Sales",455720,"Bratten","Dayanand"
"Sales",65805,"Manderick","Christoph"
"Sales",279778,"Baalen","Shahid"
"Sales",255563,"Rande","Heon"
"Sales",217209,"Shackell","Hugh"
"Sales",455956,"Reghbati","Shimshon"
"Sales",268573,"Atrawala","Jiakeng"
"Sales",411089,"Menyhert","Aria"
"Sales",456017,"Foong","Yechiam"
"Sales",89696,"Isaac","Leni"
"Sales",456024,"Tyugu","Younwoo"
"Sales",456026,"Radwan","Hongzhu"
"Sales",268620,"Kossowski","Leszek"
"Sales",456061,"Menhoudj","Perry"
"Sales",456108,"Kilgore","Sadegh"
"Sales",456146,"Stemann","Giap"
"Sales",97716,"Gill","Yefim"
"Sales",456165,"Norsworthy","Weiye"
"Sales",217279,"Rubsam","Anoosh"
"Sales",268644,"Diderrich","Chandrasekaran"
"Sales",456217,"Eastman","Demos"
"Sales",456218,"Terkki","Weiru"
"Sales",15284,"Hiraishi","Maja"
"Sales",218016,"Shumilov","Jayson"
"Sales",218019,"Gustavson","Kamakshi"
"Sales",218030,"Biran","Emdad"
"Sales",456305,"Keustermans","Xiahua"
"Sales",456308,"Terekhov","Shunichi"
"Sales",218065,"Qiwen","Ronnie"
"Sales",65773,"Thiran","Jaana"
"Sales",456358,"Escriba","Torsten"
"Sales",218071,"Kropf","Constantine"
"Sales",411115,"Chorvat","Xiahua"
"Sales",242376,"Luders","Irena"
"Sales",456581,"Kuhnemann","Quingbo"
"Sales",268741,"Belinskaya","Venkatesan"
"Sales",268743,"Melichar","Nikolaus"
"Sales",268752,"Schlumberger","Dietrich"
"Sales",456657,"Akaboshi","Frederique"
"Sales",268762,"Chvatal","Marsja"
"Sales",65748,"Gimarc","Masoud"
"Sales",218126,"Emden","Gennadi"
"Sales",456751,"Pfau","Danai"
"Sales",218149,"Maliniak","Shichao"
"Sales",419405,"Rosay","Xinyu"
"Sales",456777,"Viele","Mitchel"
"Sales",218180,"Millington","Khaled"
"Sales",490907,"Karunanithi","Shrikanth"
"Sales",411126,"Servieres","Berry"
"Sales",268828,"Cochrane","Chikara"
"Sales",456842,"Ligten","Guoxiang"
"Sales",493193,"Rothe","Toney"
"Sales",456868,"Kolvik","Adly"
"Sales",456869,"Kitai","Jianhao"
"Sales",279817,"Masamoto","Tonia"
"Sales",218282,"Sommen","Tsuneo"
"Sales",97465,"Gustavson","Claude"
"Sales",456900,"Businaro","Gina"
"Sales",490903,"Luiz","Pascal"
"Sales",433223,"Bail","Guoxiang"
"Sales",457148,"Erde","Shigeu"
"Sales",65695,"Mandell","Shigeo"
"Sales",457168,"Itschner","Keung"
"Sales",255672,"Kamble","Huiqun"
"Sales",457188,"Serna","Hironoby"
"Sales",457199,"Matteis","Cathie"
"Sales",457202,"Mersereau","Uzi"
"Sales",218401,"Miyakawa","Shounak"
"Sales",457236,"Poujol","Sudharsan"
"Sales",242399,"Cochrane","Hyuncheol"
"Sales",457435,"Leijenhorst","Yishai"
"Sales",295389,"Coorg","Leandro"
"Sales",457474,"Clouatre","Ung"
"Sales",457479,"Wynblatt","Sandeepan"
"Sales",218451,"Pouyioutas","Kristen"
"Sales",457518,"Duclos","JoAnna"
"Sales",402550,"Penz","Tzu"
"Sales",457562,"Levasseur","Moss"
"Sales",218474,"Holburn","Vishu"
"Sales",218514,"Birjandi","Van"
"Sales",65648,"Biros","Tomoyuki"
"Sales",457664,"Pagter","Teiji"
"Sales",493177,"Gurbaxani","Ottavia"
"Sales",457698,"Kowalchuk","Mrinalini"
"Sales",457705,"Atchley","Nevin"
"Sales",457706,"Demir","Indrajit"
"Sales",255768,"Plavsic","Yuuichi"
"Sales",218590,"Coullard","Giap"
"Sales",457748,"Braunschweig","Youngkon"
"Sales",457760,"Rijsenbrij","Tse"
"Sales",269092,"Kavvadias","Bernice"
"Sales",65584,"Motley","Valeska"
"Sales",218636,"Munke","Ferdinand"
"Sales",255782,"Cangellaris","Subhada"
"Sales",218638,"Kobuchi","Geraldo"
"Sales",218639,"Ecklund","Perry"
"Sales",269124,"Lubachevsky","Zeljko"
"Sales",457849,"Benveniste","Vugranam"
"Sales",279853,"Itschner","Szabolcs"
"Sales",255796,"Smailagic","Bernardo"
"Sales",457896,"Gaughan","Siddarth"
"Sales",218654,"Srimani","Bedrich"
"Sales",65363,"Goldhammer","Spyrose"
"Sales",457962,"Basart","Kazuhito"
"Sales",218661,"Nitta","Haldon"
"Sales",457979,"Vidya","Vidar"
"Sales",242409,"Ranft","Mack"
"Sales",97429,"Brlek","Atreyi"
"Sales",279858,"Ananiadou","Szabolcs"
"Sales",458000,"Syang","Nakhoon"
"Sales",65306,"Masaki","Padma"
"Sales",24225,"Eiter","Shugo"
"Sales",218731,"Diderrich","Youjian"
"Sales",218740,"Linnainmaa","Lech"
"Sales",458100,"Herber","Baziley"
"Sales",255821,"Kaelbling","Mong"
"Sales",458118,"Fetvedt","Woody"
"Sales",458122,"Foote","Zongyan"
"Sales",255825,"Thisen","Abdulah"
"Sales",458193,"Dayana","Sajjad"
"Sales",65264,"Levergood","Zejun"
"Sales",218772,"Collette","Vidar"
"Sales",279884,"Birrer","Dayanand"
"Sales",218793,"Steenbeek","Miyeon"
"Sales",458265,"Norsworthy","Adhemar"
"Sales",255845,"Cronau","Kamakshi"
"Sales",419655,"Morrin","Shmuel"
"Sales",458276,"Thebaut","Huiqun"
"Sales",458284,"Bage","Hatsukazu"
"Sales",255847,"Mungall","Pramod"
"Sales",458308,"Jahnichen","Iara"
"Sales",458320,"Radwan","Tse"
"Sales",65222,"Zaumen","Wilmer"
"Sales",458394,"Terekhov","Gunilla"
"Sales",242446,"Shokrollahi","Chenyi"
"Sales",458437,"Karner","Sukumar"
"Sales",255858,"Marzano","Monique"
"Sales",89671,"Jiafu","Jahangir"
"Sales",433236,"Jayawardene","Shietung"
"Sales",218931,"Barbanera","Francesca"
"Sales",269470,"Braunschweig","Basem"
"Sales",458619,"Passafiume","Chrisa"
"Sales",218948,"Peroz","Vugranam"
"Sales",65120,"Garrabrants","Rosalie"
"Sales",269508,"Uchoa","Paddy"
"Sales",458709,"Kuzuoka","Khalid"
"Sales",218984,"Shimshoni","Kristen"
"Sales",419688,"Raney","Nechama"
"Sales",458730,"Rahier","Sergi"
"Sales",458747,"Valette","Ymte"
"Sales",458749,"Kaltofen","Reinhard"
"Sales",458762,"Haumacher","Shih"
"Sales",269515,"Nergos","Bernd"
"Sales",219025,"Peltason","Honesty"
"Sales",65107,"Perry","Arch"
"Sales",255927,"Bugrara","Mamdouh"
"Sales",255940,"Matzov","Kamakshi"
"Sales",255953,"Rosch","Aloke"
"Sales",458893,"Luon","Jaideep"
"Sales",458898,"Ebeling","Fumitaka"
"Sales",459280,"Remmers","Ramachenga"
"Sales",242552,"Sherertz","Charmane"
"Sales",64874,"Khasidashvili","Sushant"
"Sales",459331,"Yemenis","Tze"
"Sales",459339,"Henseler","Khalil"
"Sales",64857,"Litvinov","Makato"
"Sales",459377,"Hiyoshi","Jaber"
"Sales",459393,"Ozeri","Tetsushi"
"Sales",459407,"Percebois","Gift"
"Sales",219139,"Koshiba","Unal"
"Sales",459435,"Ramsay","Georgy"
"Sales",269652,"Straney","Ayakannu"
"Sales",493166,"Landherr","Adly"
"Sales",459501,"Demri","Hairong"
"Sales",15242,"Strehl","Kasturi"
"Sales",404246,"Henseler","Nikolaus"
"Sales",411471,"Rosar","Ebru"
"Sales",242564,"Kuzuoka","Susanta"
"Sales",459545,"Gammage","Rimli"
"Sales",219218,"Hutton","Margareta"
"Sales",219220,"Heiserman","Elzbieta"
"Sales",219251,"Braunschweig","Gian"
"Sales",89547,"Hashii","Youngkon"
"Sales",459603,"DuCasse","Huei"
"Sales",64694,"Badr","Fabrizio"
"Sales",419700,"Soloway","Harjit"
"Sales",459646,"Rouquie","Uri"
"Sales",431629,"Openshaw","Naftaly"
"Sales",459663,"Hiyoshi","Yongdong"
"Sales",219280,"Barvinok","Along"
"Sales",459676,"Reistad","Sadok"
"Sales",419701,"Eugenio","Bader"
"Sales",219290,"Schaar","Valeri"
"Sales",488628,"Jumpertz","Janche"
"Sales",459759,"Hagimont","Charmane"
"Sales",459774,"Matzat","Ortrun"
"Sales",433258,"Borovoy","Nahum"
"Sales",459796,"Kobara","Ranan"
"Sales",411554,"Molberg","Shuho"
"Sales",459832,"Holburn","Sumali"
"Sales",256134,"Peltason","Arch"
"Sales",459843,"Aloia","Weidon"
"Sales",459884,"Emden","Manibrata"
"Sales",219329,"Heiserman","Holgard"
"Sales",219339,"Sadowski","Domenico"
"Sales",402568,"Pollock","Xiping"
"Sales",219391,"Nittel","Collette"
"Sales",460494,"Sidhu","Kokou"
"Sales",269957,"Strandh","Xinyu"
"Sales",460541,"Haldar","Bernt"
"Sales",460563,"Birjandi","Zhongwei"
"Sales",460971,"Lorho","Heekeun"
"Sales",63875,"Haldar","Uma"
"Sales",12189,"Redmiles","Berni"
"Sales",63873,"Osgood","Heeju"
"Sales",63860,"Laventhal","Rosli"
"Sales",63844,"Karcich","Tomoyuki"
"Sales",219477,"Cummings","Yishay"
"Sales",461090,"Baba","Chaitali"
"Sales",256681,"Itzfeldt","Zongyan"
"Sales",461102,"Bhattacharjee","Zengping"
"Sales",15223,"Harllee","Izaskun"
"Sales",431637,"Schaft","Greger"
"Sales",461158,"Luef","Jenwei"
"Sales",461209,"Brickell","Terresa"
"Sales",63793,"Salverda","Jessie"
"Sales",461213,"Ramaiah","Yuichiro"
"Sales",256721,"Melski","Theirry"
"Sales",461453,"Markovitch","Taizo"
"Sales",280056,"Axelband","Jungsoon"
"Sales",270056,"Babb","Alenka"
"Sales",461489,"Maginnis","Moss"
"Sales",256750,"Peir","Jasminko"
"Sales",461555,"Caine","Jordanka"
"Sales",461558,"Zhang","Maria"
"Sales",411592,"Bhattacharjee","Arie"
"Sales",270079,"Claffy","Rosli"
"Sales",461594,"Rullman","Oscar"
"Sales",461655,"Slaats","Kristof"
"Sales",461657,"Melski","Elrique"
"Sales",295457,"Mayerwieser","Demos"
"Sales",461675,"Litzler","Ranga"
"Sales",219612,"Luby","Lene"
"Sales",411593,"Zongker","Debaprosad"
"Sales",499481,"Matheson","Masamitsu"
"Sales",461790,"Luke","Breannda"
"Sales",219634,"Pillow","Moon"
"Sales",461792,"Molberg","Shay"
"Sales",63730,"Pollacia","Mabhin"
"Sales",63727,"Zolotykh","Hauke"
"Sales",280076,"Angel","Nagui"
"Sales",411620,"Kinley","Brigham"
"Sales",63545,"Swick","Sachin"
"Sales",461842,"Itzigehl","Huan"
"Sales",219703,"Penttonen","Katsuyuki"
"Sales",461869,"Falby","Nakhoon"
"Sales",461872,"Rodham","Xiaopeng"
"Sales",461904,"Iacovou","Mitsuyuki"
"Sales",461919,"Gluchowski","Shuky"
"Sales",23992,"Lung","Adamantios"
"Sales",63494,"Fujisawa","Gully"
"Sales",23961,"Demizu","Vatsa"
"Sales",462131,"Nittel","Takushi"
"Sales",219745,"Merel","Fai"
"Sales",219749,"Wendorf","Chriss"
"Sales",63462,"Back","Wojceich"
"Sales",462214,"Callaway","Kshitij"
"Sales",404743,"Undy","Babette"
"Sales",63458,"Heyers","Syozo"
"Sales",270203,"Feinberg","Hein"
"Sales",463271,"Kavraki","Bezalel"
"Sales",63454,"Erez","Alois"
"Sales",219797,"Demeyer","Neelam"
"Sales",23948,"Collette","Gay"
"Sales",488184,"Avouris","Shooichi"
"Sales",463312,"Godskesen","Keung"
"Sales",430723,"Gruenwald","Heekeun"
"Sales",463346,"Pramanik","Satoru"
"Sales",23920,"Kossowski","Gererd"
"Sales",219839,"Swiler","Sugwoo"
"Sales",219840,"Lubachevsky","Serap"
"Sales",411640,"Masand","Nakhoon"
"Sales",63425,"Businaro","Dmitry"
"Sales",256832,"Zobel","Gen"
"Sales",463625,"Setiz","Xiaobin"
"Sales",463658,"Kroha","Weiyi"
"Sales",219902,"Vilarrasa","Yaghout"
"Sales",63216,"Berztiss","Geoffrey"
"Sales",463722,"Picel","Kendra"
"Sales",463724,"Jumpertz","Pranas"
"Sales",463733,"Shobatake","Jamaludin"
"Sales",490693,"Besancenot","Bedir"
"Sales",280119,"Businaro","Chenyi"
"Sales",242650,"Cronin","Chenye"
"Sales",63199,"Erev","Moni"
"Sales",219977,"Escriba","Honglan"
"Sales",499444,"Hofting","Radoslaw"
"Sales",463921,"Bahr","Lalit"
"Sales",487372,"Rosay","Arvind"
"Sales",463969,"Hartvigsen","Stabislas"
"Sales",463977,"Detkin","Susuma"
"Sales",463989,"Honglei","Munenori"
"Sales",256913,"Hutton","Khalid"
"Sales",15209,"Luca","Takushi"
"Sales",464007,"Danley","Kshitij"
"Sales",220010,"Mitzlaff","Duro"
"Sales",430737,"Kadhim","Jeane"
"Sales",499436,"Ressouche","Takahiro"
"Sales",97034,"Rando","Harngdar"
"Sales",419839,"Uhrik","Geraldo"
"Sales",464067,"Gulik","Mahendra"
"Sales",464093,"VanScheik","Diederik"
"Sales",253121,"Swift","Woody"
"Sales",270590,"Angelov","Morris"
"Sales",464128,"Halloran","Elvia"
"Sales",464180,"Figueira","Seshu"
"Sales",63114,"Cheshire","Danny"
"Sales",464212,"Journel","Xiaoqiang"
"Sales",280184,"Gimarc","Kotesh"
"Sales",464235,"Cannard","Kwan"
"Sales",89515,"Valtorta","Vincent"
"Sales",499420,"Impagliazzo","Sangeeta"
"Sales",490658,"Redmiles","Insup"
"Sales",63094,"Porenta","Tran"
"Sales",23848,"Sinitsyn","Kiam"
"Sales",23829,"Waschkowski","Marko"
"Sales",270670,"Lyonns","Deniz"
"Sales",63071,"Hoogerwoord","Faiza"
"Sales",415434,"Pehl","Morris"
"Sales",257012,"Lakshmanan","Cathie"
"Sales",242707,"Werthner","Uzi"
"Sales",220178,"Hoogerwoord","Geoffry"
"Sales",62873,"Miyakawa","Abdelghani"
"Sales",464409,"Seghrouchni","Chanjung"
"Sales",464420,"Kilgore","Faiza"
"Sales",15206,"Azulay","Yaghout"
"Sales",220241,"Gulik","Harngdar"
"Sales",257042,"Hemaspaandra","Shirish"
"Sales",270711,"Orlowski","Sudhanshu"
"Sales",464500,"Krychniak","Youpyo"
"Sales",220250,"dAstous","Basil"
"Sales",270749,"Ginesta","Toshimo"
"Sales",62824,"Heusch","Werner"
"Sales",464571,"Beausoleil","Larisa"
"Sales",499371,"Denis","Nagui"
"Sales",464603,"Stavenow","Tran"
"Sales",488573,"Hutter","Jamaludin"
"Sales",464670,"Alpin","Ortrun"
"Sales",464671,"Angel","Aimee"
"Sales",464686,"Bage","Conrado"
"Sales",435370,"Basart","Conal"
"Sales",220315,"Anger","Bedrich"
"Sales",254497,"Kroll","Ipke"
"Sales",220350,"Schwabacher","Pohua"
"Sales",220355,"Murillo","Kien"
"Sales",251061,"Bodoff","Luigi"
"Sales",464796,"Pfau","Pranav"
"Sales",411735,"Falster","Cordelia"
"Sales",490616,"Stifter","Taiji"
"Sales",270814,"Ozeki","Perry"
"Sales",464867,"Pehl","Jaber"
"Sales",493083,"Whitcomb","Mohammad"
"Sales",62746,"Syrzycki","Jenwei"
"Sales",464911,"Pezzoli","Parviz"
"Sales",23703,"Thimonier","Prodip"
"Sales",464939,"Eugenio","Woody"
"Sales",270849,"Matzel","Tamiya"
"Sales",435399,"Auyong","Theron"
"Sales",270872,"Mansanne","Nathalie"
"Sales",257102,"Portugali","Mechthild"
"Sales",62736,"Kitai","Georgi"
"Sales",465047,"Weiland","Nidapan"
"Sales",62732,"Marchegay","JoAnna"
"Sales",23676,"Openshaw","Sham"
"Sales",465107,"Mullainathan","Godehard"
"Sales",430751,"Srimani","Jaana"
"Sales",465123,"Chappelet","Suzette"
"Sales",465140,"Baca","Ennio"
"Sales",465228,"Iwayama","Rosalie"
"Sales",270877,"Iwayama","Sariel"
"Sales",96978,"Kalsbeek","Suebskul"
"Sales",96953,"Felder","Lakshmi"
"Sales",257142,"Salvesen","Youssef"
"Sales",272235,"Whitcomb","Munehiko"
"Sales",465446,"Soicher","Jaihie"
"Sales",465458,"Qiwen","Indrajit"
"Sales",62667,"Menyhert","Luigi"
"Sales",280255,"Roccetti","Richara"
"Sales",220562,"Mitchem","Tetsushi"
"Sales",465505,"Dulay","Giao"
"Sales",465519,"Heiserman","Denny"
"Sales",283949,"Kroft","Ioana"
"Sales",283953,"Raczkowsky","Szabolcs"
"Sales",23595,"Akazan","Seshu"
"Sales",220584,"Heusch","Hilary"
"Sales",220585,"Rullman","Vidar"
"Sales",411809,"Luan","Patricio"
"Sales",283982,"Schapiro","Rance"
"Sales",257195,"Binding","Bogdan"
"Sales",465568,"Spataro","Moheb"
"Sales",272318,"Angot","Carrsten"
"Sales",220654,"Lyonns","Heather"
"Sales",220664,"Antonisse","Snehasis"
"Sales",89245,"Thebaut","Alagu"
"Sales",23590,"Kushnir","TRUE"
"Sales",465686,"Henders","Boutros"
"Sales",242752,"Zucker","Jouni"
"Sales",465719,"Siegrist","Ottavia"
"Sales",272332,"Schwartzburd","Mang"
"Sales",62579,"Bolsens","Niteen"
"Sales",96930,"Stifter","Ennio"
"Sales",465774,"Farrag","Sedat"
"Sales",465779,"Gopalakrishnan","Masato"
"Sales",465802,"Schaft","Kristinn"
"Sales",465846,"Stafford","Zita"
"Sales",411815,"Serdy","Uli"
"Sales",465896,"Kulisch","Yahiko"
"Sales",62359,"Polupanov","Bartek"
"Sales",221310,"Bahr","Xiaopeng"
"Sales",62349,"Hofstetter","Manibrata"
"Sales",465908,"Schaad","Jessie"
"Sales",465913,"Coors","Jixiang"
"Sales",221318,"Dusink","Soenke"
"Sales",465932,"Stifter","Mori"
"Sales",62291,"Erva","Berthier"
"Sales",465948,"Tanemo","Guoxiang"
"Sales",221325,"Erni","Munehiro"
"Sales",221682,"Ghazalie","Qunsheng"
"Sales",12894,"Stafford","Heng"
"Sales",466025,"Cesareni","Yuguang"
"Sales",284009,"Dratva","Alain"
"Sales",466029,"Snedden","Marin"
"Sales",295524,"Mitina","Leif"
"Sales",272606,"DuBourdieux","Poorav"
"Sales",284020,"Itzigehl","Tomoyuki"
"Sales",490610,"Mamelak","Jamaludin"
"Sales",434928,"Acton","Kenroku"
"Sales",257311,"Cooke","Bernardo"
"Sales",221760,"Ellozy","Marko"
"Sales",466193,"Leonhardt","Randi"
"Sales",221770,"Winter","Jayesh"
"Sales",12321,"Schicker","Heekeun"
"Sales",221802,"Zhang","Randi"
"Sales",466229,"Ushiama","Miyeon"
"Sales",284040,"Stavenow","Jagoda"
"Sales",466243,"Jeansoulin","Jianhao"
"Sales",272670,"Schmittgen","Shigeichiro"
"Sales",257328,"Openshaw","Arlette"
"Sales",272681,"Matheson","Jaewon"
"Sales",466297,"Ramras","Jaques"
"Sales",96887,"Ferretti","Harngdar"
"Sales",466306,"Oxman","Waiman"
"Sales",23522,"Schurmann","Mats"
"Sales",466319,"Anguita","Lucien"
"Sales",222357,"Khalid","Maya"
"Sales",62178,"Conte","Shirish"
"Sales",466373,"Lichtner","Monique"
"Sales",466377,"Mawatari","Aiman"
"Sales",466392,"Servieres","Chikara"
"Sales",222427,"Schaft","Roselyn"
"Sales",273077,"Denti","Jahangir"
"Sales",222457,"Bael","Kristian"
"Sales",466412,"Birdsall","Mayuri"
"Sales",466473,"Pews","Jovan"
"Sales",62173,"Streit","Gaurav"
"Sales",466502,"Cangellaris","Lobel"
"Sales",433359,"Molenkamp","Urs"
"Sales",23500,"Hoppenstand","Yefim"
"Sales",222504,"Stasinski","Pranay"
"Sales",222509,"Sidje","Yonghoan"
"Sales",499208,"Vecchio","Zhenhua"
"Sales",466650,"Gimbel","Yishai"
"Sales",295533,"Brickell","Rimli"
"Sales",273131,"Wursthorn","Fumitaka"
"Sales",23498,"Bala","Mari"
"Sales",466777,"Comte","Marit"
"Sales",402630,"Valiente","Hausi"
"Sales",223068,"Majewski","Yannis"
"Sales",466803,"Binkley","Aron"
"Sales",223075,"Huttel","Wonhee"
"Sales",466807,"Wroclawski","Haldun"
"Sales",62063,"Roisin","Jaques"
"Sales",466823,"Cardazo","Tremaine"
"Sales",223098,"Nitta","Jeong"
"Sales",223113,"Wielonsky","Gilbert"
"Sales",435861,"Sevcikova","Lunjin"
"Sales",273163,"Garnham","Mark"
"Sales",499206,"Kohling","Dmitry"
"Sales",257445,"Orlowska","Wojceich"
"Sales",62009,"Stanfel","Masoud"
"Sales",466989,"Kuszyk","Yishay"
"Sales",467016,"Farris","Izaskun"
"Sales",467027,"Gewali","Stevo"
"Sales",467054,"Baezner","Mountaz"
"Sales",61983,"Reeken","Sastry"
"Sales",257464,"Luff","Douadi"
"Sales",467084,"Janocha","Nobuyoshi"
"Sales",242775,"Iisaku","Chinya"
"Sales",402631,"Rijsenbrij","Shunichi"
"Sales",273192,"Snyers","Guttorm"
"Sales",273197,"Heusch","Adhemar"
"Sales",223558,"Navazio","Eldridge"
"Sales",284113,"Birch","Greger"
"Sales",467204,"Tyugu","Shiv"
"Sales",257559,"Sinitsyn","Kasturi"
"Sales",467260,"Zeidenstein","Vishv"
"Sales",467276,"Tsukune","Mang"
"Sales",467297,"Hempstead","Yunming"
"Sales",415455,"Rosiles","Kiyomitsu"
"Sales",467322,"Ozeri","Boutros"
"Sales",223641,"Kusakari","Godehard"
"Sales",467344,"Riefers","Ioana"
"Sales",467349,"Hegner","Gao"
"Sales",223642,"Quaggetto","Wojceich"
"Sales",257571,"Sethi","Marl"
"Sales",402642,"Engelmann","Tayeb"
"Sales",467395,"Koyama","Irene"
"Sales",257586,"Haumacher","Bernt"
"Sales",61880,"Krichel","Roded"
"Sales",273433,"Stellhorn","Flemming"
"Sales",402652,"Toyoshima","Zhigen"
"Sales",499191,"Mawatari","Mihalis"
"Sales",467456,"Lindqvist","Zito"
"Sales",467462,"Vingron","Taiji"
"Sales",467467,"Bonifati","Alois"
"Sales",467491,"Bojadziev","Sivanarayana"
"Sales",242802,"Shobatake","Heng"
"Sales",419994,"Khamsi","Eben"
"Sales",467526,"Melski","Felicidad"
"Sales",467529,"Braunmuhl","Zhaofang"
"Sales",467549,"Selenyi","Barun"
"Sales",257623,"Validov","Becky"
"Sales",467611,"Raczkowsky","Marla"
"Sales",273507,"Kilgour","Phuoc"
"Sales",467690,"Krychniak","Vasiliy"
"Sales",467706,"Nastansky","Xianlong"
"Sales",273513,"Luan","Chiranjit"
"Sales",467761,"Shihab","Shay"
"Sales",467764,"Papadias","JoAnne"
"Sales",61781,"Rodham","Saddek"
"Sales",467776,"Aumann","Cristinel"
"Sales",430810,"Jenevein","Kristian"
"Sales",242813,"Vakili","Mahmut"
"Sales",61751,"Garrabrants","IEEE"
"Sales",467853,"Roison","Yuqun"
"Sales",224266,"Leaver","Insup"
"Sales",224279,"Albarhamtoshy","Weidon"
"Sales",224282,"Llado","Shigehiro"
"Sales",467916,"Brandsma","Shen"
"Sales",61667,"Hasenauer","Domenico"
"Sales",467928,"Swift","Theirry"
"Sales",224285,"Erman","Nigel"
"Sales",273558,"Pollock","Pohua"
"Sales",224296,"Undy","Barton"
"Sales",242825,"Boudaillier","Rosine"
"Sales",61597,"dAstous","Adel"
"Sales",467987,"Waschkowski","Tadahiro"
"Sales",493020,"Rando","Fabrizio"
"Sales",61591,"Tsunoo","Owen"
"Sales",224307,"Gammage","Abdulah"
"Sales",415475,"Emmart","Ymte"
"Sales",275278,"Serre","Nikolaus"
"Sales",224696,"Sichman","Souichi"
"Sales",468130,"Siksek","Marit"
"Sales",23381,"Bernardeschi","Pragnesh"
"Sales",61482,"Syrzycki","Toshiki"
"Sales",492250,"Cooman","Mohua"
"Sales",275288,"Sommen","Sadegh"
"Sales",468186,"Rosen","Jaber"
"Sales",224716,"Sridhar","Hitofumi"
"Sales",257705,"Jumpertz","Takushi"
"Sales",468237,"Lieblein","Basil"
"Sales",468310,"Syang","Leon"
"Sales",257715,"Lamma","Lein"
"Sales",61439,"Pesch","Jiafu"
"Sales",86776,"Danecki","Palash"
"Sales",468388,"Scharstein","Boriana"
"Sales",468400,"Markovitch","Leif"
"Sales",275367,"Hebert","Maren"
"Sales",257749,"Brodie","Sahrah"
"Sales",61419,"Przulj","Zhenbing"
"Sales",468486,"Vesel","Akhilish"
"Sales",224815,"Tanemo","Mechthild"
"Sales",275750,"Scharstein","Sudharsan"
"Sales",468512,"Nitsche","Idoia"
"Sales",468513,"Khasidashvili","Berry"
"Sales",224824,"Zedlitz","Leaf"
"Sales",61357,"Fandrianto","Amalendu"
"Sales",224838,"Jumpertz","Mahmut"
"Sales",61340,"Waeselynck","Lubomir"
"Sales",430825,"Zizka","Odysseas"
"Sales",61312,"Ranta","Zito"
"Sales",468652,"Picht","Guttorm"
"Sales",61294,"Schwabacher","Uli"
"Sales",468668,"Tyugu","Kamran"
"Sales",224904,"Jakobus","Danny"
"Sales",224907,"Matzke","Holgard"
"Sales",89219,"Eugenio","Elrique"
"Sales",14847,"Perng","Matk"
"Sales",242872,"Perez","Jungsoon"
"Sales",251129,"Wynblatt","Maris"
"Sales",404932,"Woycyznski","Baziley"
"Sales",420030,"Vidal","Arun"
"Sales",61280,"Kushnir","Anyuan"
"Sales",225004,"Luders","Masaki"
"Sales",257822,"Perelgut","Kellie"
"Sales",468822,"Hebert","Fumitake"
"Sales",468856,"Servi","Xiahua"
"Sales",96590,"Varker","Serenella"
"Sales",468925,"Mitzlaff","Chuanyi"
"Sales",492240,"Litzkow","Garnik"
"Sales",275904,"Comte","Chaoyi"
"Sales",276079,"Brlek","Jessie"
"Sales",257897,"Delgrande","Peternela"
"Sales",61279,"Ritcey","Domenick"
"Sales",89197,"Reistad","Chenxi"
"Sales",469005,"Thibadeau","Shaw"
"Sales",225120,"Crabtree","Gennadi"
"Sales",23208,"Merkl","Kousuke"
"Sales",276087,"Schieder","Baziley"
"Sales",14813,"Alpin","Naftali"
"Sales",469245,"Borovoy","Xiaoqiang"
"Sales",225211,"Krichel","Barry"
"Sales",469261,"Bernini","Chinhyun"
"Sales",412135,"Falck","Ung"
"Sales",61187,"Gomatam","Alagu"
"Sales",276091,"Halevi","Szabolcs"
"Sales",469293,"Koyama","Phule"
"Sales",412162,"Pettis","Sedat"
"Sales",257963,"Oxman","Sven"
"Sales",89196,"Ramalingam","Bowen"
"Sales",469448,"Litzkow","Gaetan"
"Sales",225273,"Ramalingam","Sugwoo"
"Sales",276099,"Hanabata","Fun"
"Sales",276103,"Perry","Wuxu"
"Sales",225294,"Capobianchi","Geoffry"
"Sales",412181,"Thiria","Minghong"
"Sales",225307,"Angel","Shiv"
"Sales",287730,"Madeira","Insup"
"Sales",258020,"Lanteri","Mitchel"
"Sales",276205,"Nitsch","Chiranjit"
"Sales",469685,"Billingsley","Otmar"
"Sales",258033,"Gubsky","Denny"
"Sales",253543,"Ellozy","Satyanarayana"
"Sales",258045,"Bednarek","Josyula"
"Sales",89189,"Deyuan","Aiichiro"
"Sales",61050,"McAffer","Dmitry"
"Sales",225433,"VanScheik","Jeong"
"Sales",498997,"Collette","Kenroku"
"Sales",23101,"Demeyer","Aksel"
"Sales",469763,"Erbe","Hatsukazu"
"Sales",242931,"Gadepally","Ewing"
"Sales",60965,"Loncour","Conrado"
"Sales",469803,"Gire","Hideyuki"
"Sales",469811,"Braccini","Marco"
"Sales",96569,"Schapire","Duro"
"Sales",23089,"Perng","Genki"
"Sales",288808,"Homond","Hailing"
"Sales",277039,"Serna","Nikolaos"
"Sales",469870,"Huhdanpaa","Katsuo"
"Sales",288813,"Noriega","Licheng"
"Sales",96556,"Penn","Guttorm"
"Sales",96545,"Yavatkar","Goh"
"Sales",225600,"Bade","Mabry"
"Sales",469942,"Zucker","Huai"
"Sales",60882,"Armand","Tetsushi"
"Sales",277074,"Melski","Toshimo"
"Sales",225608,"Fritzsche","Yuguang"
"Sales",470055,"Azadmanesh","Leaf"
"Sales",60853,"Mawatari","Yolla"
"Sales",295618,"Pauthner","Jaideep"
"Sales",470102,"Stamatiou","Tze"
"Sales",470124,"Birnbaum","Odinaldo"
"Sales",470139,"Hofman","Neelam"
"Sales",280327,"Roisin","Xiping"
"Sales",295631,"Warwick","Chaosheng"
"Sales",470188,"Callaway","Parto"
"Sales",60784,"Claffy","Stella"
"Sales",225661,"Baer","Hairong"
"Sales",60780,"Heyers","Gal"
"Sales",470229,"Gien","Yoshinari"
"Sales",245119,"Bala","Shahar"
"Sales",280365,"Sambasivam","Xiaoshan"
"Sales",470266,"Irland","Yurii"
"Sales",280377,"Kilgour","Golgen"
"Sales",470299,"Speckmann","Siddarth"
"Sales",295642,"Zolotykh","Vitaly"
"Sales",225723,"Vakili","Djenana"
"Sales",280396,"Solares","Shih"
"Sales",412237,"Buchter","George"
"Sales",225785,"Szilard","Takahira"
"Sales",295666,"Hellwagner","Takahito"
"Sales",470451,"Saoudi","Zhensheng"
"Sales",470478,"Azadmanesh","Masaru"
"Sales",470497,"Reinhard","Unal"
"Sales",470507,"McAlpine","Kwun"
"Sales",498736,"Hofman","Yuping"
"Sales",470523,"Leonhardt","Chaosheng"
"Sales",288884,"Azuma","Kish"
"Sales",412241,"Schaap","Kamran"
"Sales",22182,"Ramras","Kristinn"
"Sales",225820,"Rosis","Yefim"
"Sales",60727,"Deverell","Basim"
"Sales",470596,"Rahier","JiYoung"
"Sales",295685,"Quadeer","Huei"
"Sales",60723,"Cools","Along"
"Sales",470622,"Desikan","Maren"
"Sales",433426,"Auria","Heng"
"Sales",258295,"Rosti","Susanna"
"Sales",470658,"Comellas","Zorica"
"Sales",498712,"Kohling","Vidar"
"Sales",60718,"Swiler","Yifei"
"Sales",498697,"Gill","Almudena"
"Sales",60699,"Ramalingam","Mahmut"
"Sales",258310,"Kolvik","Naftaly"
"Sales",245171,"Nittel","Serap"
"Sales",245176,"Nations","Uinam"
"Sales",470816,"Kirkerud","Lihong"
"Sales",22140,"Reghbati","Susanne"
"Sales",470859,"Adachi","Serif"
"Sales",498696,"Zockler","Macha"
"Sales",226005,"Ramaiah","Seongbin"
"Sales",288967,"Erbe","Mantis"
"Sales",470919,"Koblick","Gill"
"Sales",470965,"Swiss","Snehasis"
"Sales",245178,"Stasinski","Rajmohan"
"Sales",471192,"Laventhal","Bernt"
"Sales",226058,"Riexinger","Bingning"
"Sales",22130,"Siksek","Dante"
"Sales",258532,"Schmezko","Tomoyuki"
"Sales",471217,"Couchot","Kenton"
"Sales",22114,"Eiron","TRUE"
"Sales",420153,"Byoun","Harngdar"
"Sales",471241,"Strandh","Ymte"
"Sales",471247,"Muniz","Berni"
"Sales",289002,"DasSarma","Shaz"
"Sales",251150,"Teitelbaum","Shigehiro"
"Sales",471478,"Fraisse","Denis"
"Sales",60637,"Mandelberg","Sergi"
"Sales",471553,"Iacovou","Takushi"
"Sales",258569,"Siepmann","Sanjeeva"
"Sales",226135,"Rajaraman","Shimshon"
"Sales",226147,"Gonthier","Mabhin"
"Sales",471579,"Yoshizawa","Mingzeng"
"Sales",226184,"Mitsuhashi","Sadegh"
"Sales",471630,"Iwayama","Abdelaziz"
"Sales",280675,"Albarhamtoshy","Chriss"
"Sales",22067,"Socorro","Hatem"
"Sales",471841,"Mitsuhashi","Kenroku"
"Sales",471844,"Holburn","Erzsebet"
"Sales",258576,"Carrere","Vasilis"
"Sales",280683,"Klyachko","Bogdan"
"Sales",226221,"Randt","Martine"
"Sales",280684,"Alameldin","Adel"
"Sales",258580,"Ressouche","Yoshimitsu"
"Sales",60622,"McConalogue","Hisao"
"Sales",280695,"Leslie","Takanari"
"Sales",60602,"Fiebach","Mara"
"Sales",226238,"Foote","Maria"
"Sales",472034,"Smailagic","Bernd"
"Sales",472060,"Rahier","Gen"
"Sales",226258,"Rissland","Alper"
"Sales",498659,"Lorch","Paraskevi"
"Sales",226260,"Conde","Munenori"
"Sales",258610,"Magalhaes","Shay"
"Sales",472359,"Rodiger","Oddvar"
"Sales",472380,"Tyugu","Sanjoy"
"Sales",420188,"Cronau","Gal"
"Sales",226364,"Thebaut","DAIDA"
"Sales",258627,"Cools","Maris"
"Sales",245240,"Danley","Van"
"Sales",22051,"Validov","Bezalel"
"Sales",21879,"Dengi","Danae"
"Sales",280832,"Snyers","Patricia"
"Sales",226451,"Cmelik","Elvis"
"Sales",473384,"Schapiro","Yuchang"
"Sales",488471,"Murtha","Gunilla"
"Sales",226495,"Warwick","Anyuan"
"Sales",473459,"Deville","Herbert"
"Sales",412280,"Benzmuller","Kiyokazu"
"Sales",60360,"Flowers","Zejun"
"Sales",430859,"Bakhtari","Gritta"
"Sales",412282,"Cromarty","Nitsan"
"Sales",226519,"Speel","Yongqiao"
"Sales",280844,"Rahimi","Jeane"
"Sales",473789,"Garrabrants","Hironoby"
"Sales",21863,"Matzen","Kendra"
"Sales",280848,"Constantine","Cordelia"
"Sales",226524,"Georg","Wilmer"
"Sales",60281,"Randi","Navid"
"Sales",60235,"Bojadziev","Boriana"
"Sales",492950,"Wilfing","Theron"
"Sales",289057,"Theuretzbacher","Eishiro"
"Sales",226602,"Pokrovskii","Miyeon"
"Sales",289059,"Rosenbaum","Terresa"
"Sales",280898,"Ratzlaff","Oguz"
"Sales",280899,"Bratten","Yuichiro"
"Sales",280910,"Dehkordi","Arve"
"Sales",280918,"Codenie","Aamod"
"Sales",59996,"Krogh","Siddarth"
"Sales",59989,"Jenevein","Tianruo"
"Sales",226673,"Linares","Berna"
"Sales",474812,"Speel","Khun"
"Sales",412297,"Sudkamp","Waiman"
"Sales",474985,"Biron","Unal"
"Sales",226727,"Vecchi","Nishit"
"Sales",226748,"Pietrzykowski","Vojin"
"Sales",475033,"Brobst","Dipayan"
"Sales",498635,"Pezzoli","Florian"
"Sales",280979,"Orsini","Remmert"
"Sales",280980,"Suomi","Sariel"
"Sales",412301,"Schaar","Yinghua"
"Sales",412314,"Milicic","Serge"
"Sales",226782,"Beerel","Jaber"
"Sales",412315,"Peck","Geoff"
"Sales",475098,"Wallrath","Kenton"
"Sales",475104,"Taubman","Yuchang"
"Sales",226807,"Azevdeo","Sreenivas"
"Sales",475117,"Bernatsky","Rosalyn"
"Sales",475127,"Demizu","Dmitri"
"Sales",226835,"Rando","Juichirou"
"Sales",475133,"DuBourdieux","Parviz"
"Sales",226836,"Mahnke","Hatem"
"Sales",59832,"Biran","Brewster"
"Sales",289130,"Taneja","Elzbieta"
"Sales",475320,"Matzat","Kwee"
"Sales",475328,"Stavenow","Rayond"
"Sales",492946,"Ushiama","Chenxi"
"Sales",251180,"Marrakchi","Udo"
"Sales",289302,"Lampe","Mani"
"Sales",226896,"Akaboshi","Yurij"
"Sales",21761,"Pezzoli","Conal"
"Sales",59783,"Raczkowsky","Volkmar"
"Sales",281049,"Harnett","Shay"
"Sales",226937,"Junet","Eran"
"Sales",402662,"Morrow","Berry"
"Sales",226959,"Murthy","Ramachenga"
"Sales",475784,"Emden","Ayakannu"
"Sales",475788,"Makinen","Rosalyn"
"Sales",412359,"Foong","Anyuan"
"Sales",475842,"Zeidenstein","Prodip"
"Sales",227020,"Hatcliff","Sudhanshu"
"Sales",289345,"Steenbeek","Rutger"
"Sales",281100,"Marchegay","Kazuhisa"
"Sales",475899,"Zumaque","Dayanand"
"Sales",258991,"Boreale","Niteen"
"Sales",227065,"Melton","Mingzeng"
"Sales",475944,"Gyimothy","Sachem"
"Sales",259002,"Cummings","Karlis"
"Sales",498624,"Peral","Berna"
"Sales",475972,"Zambonelli","Huican"
"Sales",476164,"Bale","Remco"
"Sales",476175,"Gini","Prodip"
"Sales",227084,"Dratva","Sajjad"
"Sales",227087,"Herath","Mana"
"Sales",476223,"Ibel","Golgen"
"Sales",412379,"Setlzner","Goh"
"Sales",59655,"Kakkar","Richard"
"Sales",476271,"Mansanne","Tuval"
"Sales",476284,"Beilner","Moss"
"Sales",476292,"Verhoeff","Gay"
"Sales",259194,"Merli","Sandeepan"
"Sales",476508,"Ramalingam","Premal"
"Sales",476529,"Ambroszkiewicz","Kiyotoshi"
"Sales",227159,"Roison","Diederik"
"Sales",476543,"Brlek","Herbert"
"Sales",476546,"Denis","Syozo"
"Sales",476552,"Conde","Kyoichi"
"Sales",412436,"Staylopatis","Demin"
"Sales",89025,"Kroha","Ibibia"
"Sales",227187,"Cmelik","JoAnne"
"Sales",259227,"Morrow","Kensyu"
"Sales",476886,"Kawashima","Constantine"
"Sales",476904,"Schaaf","Taiji"
"Sales",295725,"Asrin","Piyush"
"Sales",476944,"Wiegley","Fai"
"Sales",21705,"Luon","Aleksandar"
"Sales",476957,"Lamparter","Alois"
"Sales",476968,"Wallrath","Shaleah"
"Sales",259259,"Gist","Douadi"
"Sales",281243,"Roison","Surveyors"
"Sales",96219,"Cappelletti","Maia"
"Sales",477196,"Azulay","Pranjal"
"Sales",477237,"Emiris","Yefim"
"Sales",477250,"Segond","Hugh"
"Sales",281251,"Kobara","Teiji"
"Sales",477288,"Itzigehl","Gurbir"
"Sales",259305,"Melichar","Aron"
"Sales",281264,"Eterovic","Hongzue"
"Sales",477522,"Jervis","Mohd"
"Sales",227344,"Caine","Aria"
"Sales",86773,"Benveniste","Leszek"
"Sales",59512,"Shinomoto","Tomokazu"
"Sales",259326,"Perly","Sachar"
"Sales",227353,"Erez","Aloys"
"Sales",477596,"Kushner","Shrikanth"
"Sales",477598,"Kopetz","Shrikanth"
"Sales",59492,"Schiettecatte","Bowen"
"Sales",477638,"Bazzichi","Dayanand"
"Sales",477640,"Koprowski","Thodoros"
"Sales",259332,"Kilgore","Feiyu"
"Sales",477855,"Wallrath","Masoud"
"Sales",281277,"Pramanik","Moheb"
"Sales",245264,"Streng","Make"
"Sales",477870,"Hennebert","Kwan"
"Sales",96207,"Spinelli","Sukumar"
"Sales",477878,"Erev","Ung"
"Sales",477884,"Jullig","Shimshon"
"Sales",477907,"Cummings","Arlette"
"Sales",498392,"Lowrie","Xuejia"
"Sales",477928,"Cunliffe","Tamiya"
"Sales",477938,"Chiodo","Amstein"
"Sales",21552,"Masaki","Khoa"
"Sales",477973,"Meszaros","Zhilian"
"Sales",227420,"Dusink","Toney"
"Sales",281310,"Badr","Arfst"
"Sales",492945,"Barreiro","Heping"
"Sales",59445,"Iacovou","Khedija"
"Sales",478025,"Gladwell","Dekang"
"Sales",259366,"Pettey","Yinghua"
"Sales",478039,"Bahl","Larisa"
"Sales",89011,"Parascandalo","Marsha"
"Sales",59442,"Bednarek","Filipe"
"Sales",227479,"Jonsson","Gino"
"Sales",478073,"Bisiani","Masaru"
"Sales",478075,"Stavenow","Alexius"
"Sales",435431,"Lieberherr","Ennio"
"Sales",95976,"Pews","Remko"
"Sales",281355,"Matzel","Sachin"
"Sales",412494,"Reutenauer","Greger"
"Sales",412523,"Baja","Maris"
"Sales",227517,"Rathonyi","Aria"
"Sales",59148,"Schaar","Xiaopeng"
"Sales",228201,"Grabner","Ziyad"
"Sales",228209,"Fetvedt","Kyoichi"
"Sales",259394,"Dahlbom","Arnd"
"Sales",478478,"Kusalik","Rajmohan"
"Sales",281395,"Meriste","Jahangir"
"Sales",228232,"Matzke","Elvis"
"Sales",228247,"Backhouse","Duri"
"Sales",259398,"Kriebel","Georgi"
"Sales",433502,"Pero","Bikash"
"Sales",59086,"Ruther","Jessie"
"Sales",259401,"Zhiwei","Gaetan"
"Sales",85270,"Isard","Valery"
"Sales",21344,"Vanwelkenhuysen","Mohammed"
"Sales",412549,"Journel","Mari"
"Sales",228359,"Lamma","Rasiah"
"Sales",281494,"Lemarechal","Giap"
"Sales",479023,"Dahlbom","Magy"
"Sales",479026,"Erev","Yechezkel"
"Sales",228366,"Zhang","Mantis"
"Sales",281498,"Hofman","Kenroku"
"Sales",281510,"Demian","Douadi"
"Sales",228554,"Brendel","Bilhanan"
"Sales",479083,"Belinskaya","Boriana"
"Sales",479131,"Uehara","Sanjiv"
"Sales",58845,"Ratzlaff","Uinam"
"Sales",228580,"Brodal","Anyuan"
"Sales",403421,"DasSarma","Francoise"
"Sales",412560,"Barinka","Mari"
"Sales",21339,"Roccetti","Juyoung"
"Sales",281548,"Lichtner","Yishay"
"Sales",228624,"Murtafg","Zhongwei"
"Sales",259467,"Majewski","Marit"
"Sales",479419,"Itzfeldt","Filipp"
"Sales",58819,"Liesche","Gennady"
"Sales",281555,"Taubenfeld","Rildo"
"Sales",228648,"Takanami","Mountaz"
"Sales",281569,"Farrar","Adil"
"Sales",479738,"Luff","Salvador"
"Sales",479740,"DiGiano","Shaunak"
"Sales",58809,"Riesenhuber","Domenick"
"Sales",281601,"Swist","Kitty"
"Sales",479816,"Stroustrup","Martina"
"Sales",58770,"Nitta","Gaetan"
"Sales",479817,"Aloia","Kiyokazu"
"Sales",479822,"McAffer","Poorav"
"Sales",228682,"Crelier","Deniz"
"Sales",480031,"Pews","Basant"
"Sales",259498,"Randt","Honglan"
"Sales",480044,"Jording","Sudhanshu"
"Sales",58745,"Rodiger","Taegyun"
"Sales",259524,"Rathonyi","Greger"
"Sales",228910,"Streit","Panayotis"
"Sales",21311,"Smailagic","Niclas"
"Sales",412573,"Minakawa","Jaideep"
"Sales",480166,"Ambroszkiewicz","Kazuyasu"
"Sales",21307,"Kalloufi","Nigel"
"Sales",228943,"Gien","Alejandro"
"Sales",259542,"Quaggetto","Heekeun"
"Sales",480205,"Androutsos","Subhash"
"Sales",259543,"Roisin","Navid"
"Sales",412597,"Zastre","Hatim"
"Sales",480245,"Trystram","Arnd"
"Sales",480252,"Calkin","Sivanarayana"
"Sales",229001,"Zongker","Zito"
"Sales",259575,"Lorin","Zijian"
"Sales",492880,"Berendt","Saddek"
"Sales",490348,"Gide","Turgut"
"Sales",480285,"Molenaar","Berhard"
"Sales",281681,"Erdmenger","Shigehiro"
"Sales",259580,"Snedden","Tru"
"Sales",480327,"Nishimukai","Gurbir"
"Sales",412610,"Flanders","Moti"
"Sales",480549,"Delgrande","Reinhard"
"Sales",480583,"Peir","Guiseppe"
"Sales",480616,"Glowinski","Yonghong"
"Sales",229736,"Zyda","Zhongwei"
"Sales",58516,"Knightly","Xianlong"
"Sales",492873,"Dredge","Patricia"
"Sales",480641,"Ranta","Marsja"
"Sales",480671,"Shackel","Mabo"
"Sales",58513,"Orsini","Gadiel"
"Sales",281717,"Trelles","Ramzi"
"Sales",480878,"Billawala","KayLiang"
"Sales",21256,"Thiran","Gio"
"Sales",480917,"Zongker","Cathie"
"Sales",229801,"Karunanithi","Xiping"
"Sales",95883,"Koshiba","Eirik"
"Sales",21236,"Junot","Shalesh"
"Sales",480997,"Cooke","Yishay"
"Sales",481002,"Kroft","Sahrah"
"Sales",281738,"Syrzycki","Khalil"
"Sales",14758,"Bolsens","Adin"
"Sales",58470,"Ladret","Qiwen"
"Sales",245623,"Merks","Boriana"
"Sales",58442,"Kamber","Guiseppe"
"Sales",259657,"Henders","Bluma"
"Sales",481207,"Litzkow","Shigehiro"
"Sales",259687,"Ratzlaff","Richard"
"Sales",229901,"Hofman","Percy"
"Sales",481250,"Cullers","Evgueni"
"Sales",229902,"Asmuth","Yinghua"
"Sales",259716,"Kolinko","Remzi"
"Sales",259731,"Flasterstein","Masaki"
"Sales",481309,"Basagni","Abdulah"
"Sales",481315,"Petereit","Yuichiro"
"Sales",481323,"Erman","Zhenbing"
"Sales",481525,"Angelopoulos","Stabislas"
"Sales",229928,"Rothenberg","Lihong"
"Sales",58396,"Billawala","Kenton"
"Sales",412648,"Siprelle","Jaideep"
"Sales",281776,"Nilsson","Radoslaw"
"Sales",58353,"Brizzi","Shen"
"Sales",229969,"Walstra","Zine"
"Sales",481649,"Garrabrants","Deniz"
"Sales",481666,"Dusink","Zhilian"
"Sales",481667,"Felcyn","Gaurav"
"Sales",481887,"Siksek","Danai"
"Sales",58334,"Heydon","Wojceich"
"Sales",412663,"Klassen","Luerbio"
"Sales",420638,"Schnabel","Vivian"
"Sales",245639,"Azadmanesh","Chikako"
"Sales",245643,"Hooghiemstra","Sastry"
"Sales",281840,"Denos","Doohun"
"Sales",289501,"Vanwelkenhuysen","Sushant"
"Sales",481961,"Zumaque","Arne"
"Sales",58265,"Wilharm","Guozhong"
"Sales",281865,"Isard","Dhritiman"
"Sales",482000,"Cannata","Zvonko"
"Sales",420651,"Munch","Kiyotoshi"
"Sales",482039,"Roisin","Hauke"
"Sales",482045,"Beetstra","Gao"
"Sales",482054,"Basawa","Trygve"
"Sales",58219,"Spieker","Sailaja"
"Sales",482105,"Barvinok","Akemi"
"Sales",230222,"Szemeredi","Adit"
"Sales",482147,"Conde","Yishai"
"Sales",259839,"McFarlin","Weidon"
"Sales",58170,"Chelton","Geraldo"
"Sales",482228,"Greenaway","Gaetan"
"Sales",482244,"VanScheik","Manohar"
"Sales",295815,"Thimonier","Sungwon"
"Sales",21028,"Jansch","Hugo"
"Sales",482258,"Barinka","Nahla"
"Sales",58158,"Miyakawa","Hidekazu"
"Sales",482296,"Gils","Naraig"
"Sales",230272,"Leijenhorst","Sukumar"
"Sales",230273,"Claffy","Jianhao"
"Sales",289535,"Hoppenstand","Yannis"
"Sales",490320,"Gajiwala","Demos"
"Sales",482350,"Marchegay","Gad"
"Sales",230305,"Berstel","Mountaz"
"Sales",482375,"Srimani","Murthy"
"Sales",230314,"Danlos","Sanjay"
"Sales",282003,"Puppo","Percy"
"Sales",230317,"Tanemo","Hairong"
"Sales",482414,"Czap","Hatim"
"Sales",482425,"Rijsenbrij","Xinan"
"Sales",482446,"Adachi","Satyanarayana"
"Sales",251231,"Kobara","Lillian"
"Sales",498286,"Trystram","Supot"
"Sales",482756,"Back","Shaowei"
"Sales",482769,"Hellwagner","Djelloul"
"Sales",498256,"Calkin","Tetsurou"
"Sales",58131,"Conta","Prasadram"
"Sales",482788,"Sudkamp","Lokesh"
"Sales",482796,"Uehara","Yucel"
"Sales",412720,"Sommen","Susanne"
"Sales",282037,"Poulakidas","Wojceich"
"Sales",482820,"Barriga","Weiye"
"Sales",230346,"Trumbly","Guiseppe"
"Sales",21021,"Nivat","Kankanahalli"
"Sales",289545,"Alvarado","Quingbo"
"Sales",282046,"Yamaashi","Divine"
"Sales",482863,"Spieker","Xiaobin"
"Sales",420656,"Birta","Yongmao"
"Sales",482878,"Denti","Chikara"
"Sales",482934,"Cappelli","Kitty"
"Sales",289570,"Hegner","Oldrich"
"Sales",260121,"Collavizza","Dannz"
"Sales",230423,"Sluis","Kish"
"Sales",58068,"Kadhim","Yuchang"
"Sales",420665,"Fontan","Goa"
"Sales",230424,"Raczkowsky","Navin"
"Sales",230434,"Segond","Pranav"
"Sales",413095,"Iivonen","Nakhoon"
"Sales",483110,"Itschner","Chenye"
"Sales",413099,"Brobst","Troy"
"Sales",483124,"Molenkamp","Urs"
"Sales",483145,"Braccini","Shirish"
"Sales",260145,"Rajcani","Lihong"
"Sales",483366,"Zaumen","Huan"
"Sales",58053,"Karunanithi","Zissis"
"Sales",289577,"Loncour","Kazuhisa"
"Sales",230712,"Narahara","Shawna"
"Sales",230714,"Suessmith","Maha"
"Sales",483468,"Berstel","Tuval"
"Sales",483472,"Pesch","Gita"
"Sales",498040,"Claffy","Filipe"
"Sales",251244,"Bardell","Saniya"
"Sales",483594,"Lanphier","Huiqun"
"Sales",260201,"Krider","Bernice"
"Sales",12858,"Driscoll","Jianwen"
"Sales",21007,"Junet","Christfried"
"Sales",230778,"Braunschweig","Kazuhide"
"Sales",413149,"Dulay","Radhika"
"Sales",260219,"Hofmeyr","Moti"
"Sales",483715,"Lieblein","Shawna"
"Sales",282207,"Parveen","Yakichi"
"Sales",403478,"Matzat","Arch"
"Sales",483758,"Marletta","Domenick"
"Sales",230834,"Navazio","Shietung"
"Sales",483783,"Harllee","Abdulla"
"Sales",230844,"Dalton","Navin"
"Sales",57844,"Chappelet","Ortrud"
"Sales",57821,"Bolotov","Alejandra"
"Sales",483804,"Ranum","Atreye"
"Sales",88766,"Melter","Kristin"
"Sales",20997,"Antonakopoulos","Make"
"Sales",483876,"Crouzet","Tomofumi"
"Sales",20910,"Kavraki","Chenyi"
"Sales",282251,"Valtorta","Anoosh"
"Sales",230865,"Brattka","Takushi"
"Sales",230874,"Marshall","Kazuhiro"
"Sales",483960,"Zastre","Divier"
"Sales",260315,"Skrikant","Unal"
"Sales",282256,"Rusterholz","Augustine"
"Sales",484005,"Czap","Remco"
"Sales",413208,"Reinhard","Conal"
"Sales",260323,"Preusig","Irena"
"Sales",484233,"Simmel","Kellyn"
"Sales",57725,"Millington","Patricio"
"Sales",484254,"Murillo","Noritoshi"
"Sales",230914,"Brobst","Munir"
"Sales",484305,"Mawatari","Tuval"
"Sales",251269,"Breugel","Dipankar"
"Sales",403480,"Bennet","Berry"
"Sales",484323,"Vilarrasa","Dung"
"Sales",260376,"Selvestrel","Gino"
"Sales",57667,"Chinen","KayLiang"
"Sales",230976,"Serot","Chuanyi"
"Sales",484352,"Nannarelli","Munehiro"
"Sales",245774,"Munck","Jaihie"
"Sales",484551,"Camarinopoulos","Toshiko"
"Sales",230995,"Lores","Navin"
"Sales",403488,"Crelier","Chinya"
"Sales",86755,"Zeilberger","Jouni"
"Sales",492799,"Ramsak","LiMin"
"Sales",484635,"Masand","Danai"
"Sales",413326,"Bouloucos","Yannis"
"Sales",282319,"Magliocco","Morrie"
"Sales",245969,"Kushner","Akhilish"
"Sales",484721,"Lakshmanan","Hideo"
"Sales",260476,"Zirintsis","Quingbo"
"Sales",484733,"Camarinopoulos","Parviz"
"Sales",484747,"Rahier","Yuuichi"
"Sales",20895,"Jarecki","Adit"
"Sales",231177,"Garigliano","Rimli"
"Sales",231205,"Nittel","Lidong"
"Sales",433519,"Valiente","Khalil"
"Sales",231209,"Streit","Minghong"
"Sales",485200,"Akazan","Jacqueline"
"Sales",487779,"Esposito","Leah"
"Sales",485224,"Tibblin","Mingzeng"
"Sales",231276,"Butner","Jayesh"
"Sales",485271,"Kushner","Luerbio"
"Sales",431191,"Bratsberg","Salvador"
"Sales",282540,"Marakhovsky","Randi"
"Sales",488459,"Lores","Anwar"
"Sales",432026,"Riexinger","Josyula"
"Sales",57630,"Velardi","Reinhold"
"Sales",485356,"Trogemann","Alselm"
"Sales",231344,"Kalafatis","Ohad"
"Sales",57608,"Kaminger","Olivera"
"Sales",282551,"Cherinka","Salvador"
"Sales",19868,"Godskesen","Jaihie"
"Sales",19855,"Lemarechal","Masali"
"Sales",485948,"Borstler","Idoia"
"Sales",57601,"Brobst","Kazuyasu"
"Sales",485994,"Heijenga","Serap"
"Sales",485996,"Demri","Brendon"
"Sales",282563,"Openshaw","Marlo"
"Sales",289845,"Kuszyk","Sanjit"
"Sales",486054,"Kalafatis","Dante"
"Sales",282600,"Jiang","Ewing"
"Sales",260541,"Scharstein","Ute"
"Sales",231416,"DasSarma","Mokhtar"
"Sales",231429,"Eiron","Cullen"
"Sales",486125,"Setiz","Subir"
"Sales",19826,"Christ","Fox"
"Sales",416423,"Kaltofen","Toshimitsu"
"Sales",231456,"Sooriamurthi","Tsvetan"
"Sales",231462,"Zwicker","Siddarth"
"Sales",486201,"Foote","Sadegh"
"Sales",486228,"Kisuki","Tze"
"Sales",295895,"Baja","Marie"
"Sales",95598,"Desikan","Poornachandra"
"Sales",19793,"Thombley","Masasuke"
"Sales",486246,"Birch","Shaw"
"Sales",246006,"Miara","Sachin"
"Sales",491929,"Pesch","Adel"
"Sales",231593,"Otillio","Zhiwei"
"Sales",231595,"Schwartzbauer","Jenwei"
"Sales",57352,"Ishibashi","Shuho"
"Sales",486924,"Heijenga","Kiam"
"Sales",231598,"Gyorkos","Marek"
"Sales",486936,"Wolniewicz","Chaoyi"
"Sales",19762,"Valiente","Sushant"
"Sales",486949,"Perin","Neelam"
"Sales",57330,"Oskamp","Baoqiu"
"Sales",12675,"Krohm","Dekang"
"Sales",486972,"Sessa","Freyja"
"Sales",486985,"Slutz","Kwangho"
"Sales",486992,"Yemenis","Kirk"
"Sales",486998,"Pintelas","Roddy"
"Sales",487017,"Bernardinello","Kwangsub"
"Sales",282706,"Chleq","Kagan"
"Sales",487230,"Birdsall","Macha"
"Sales",487237,"Vieri","Giordano"
"Sales",57315,"Krybus","Hideyuki"
"Sales",231642,"Demos","Margareta"
"Sales",487319,"Iacovou","Piyush"
"Sales",231645,"Merel","Charlene"
"Sales",57279,"Swab","Rafail"
"Sales",57275,"Ramsey","Ramachenga"
"Sales",487871,"Panwar","Mantis"
"Sales",95574,"Ertl","Danco"
"Sales",497525,"Erni","Kristin"
"Sales",487886,"Peak","Kristin"
"Sales",86210,"Gustavson","Gonzalo"
"Sales",487930,"Henders","Bartek"
"Sales",497506,"Terekhov","Tsz"
"Sales",487967,"Gill","Kwan"
"Sales",57257,"Manderick","Isamu"
"Sales",231692,"Collette","Christoper"
"Sales",488010,"Pintelas","Uinam"
"Sales",289905,"Ramamoorthy","Emdad"
"Sales",488018,"Zweizig","Adamantios"
"Sales",19747,"Olano","Renee"
"Sales",231770,"Luke","Ashish"
"Sales",231783,"Radwan","Tomokazu"
"Sales",231794,"Wuwongse","Eran"
"Sales",488241,"Perfilyeva","Randi"
"Sales",231824,"Ohori","Saddek"
"Sales",260737,"Ullian","Chuanyi"
"Sales",246016,"Rajcani","Tsuneo"
"Sales",488309,"Thiria","Martien"
"Sales",231874,"Peroz","Murthy"
"Sales",260744,"Pena","Cullen"
"Sales",488741,"Lunt","Atreyi"
"Sales",488763,"Baja","Naftali"
"Sales",282830,"Dahlbom","Fai"
"Sales",56946,"Casley","Gian"
"Sales",56925,"Kilgore","Sverrir"
"Sales",282839,"Erni","Kwangjo"
"Sales",231882,"Bolsens","Florian"
"Sales",488857,"Garrabrants","Arto"
"Sales",231888,"Dahlbom","Lubomir"
"Sales",56887,"Itschner","Fabrizio"
"Sales",413405,"Kemmerer","Samphel"
"Sales",489113,"Kriebel","Woody"
"Sales",489121,"Peyn","Nectarios"
"Sales",56863,"Bernatsky","Valeska"
"Sales",231948,"Driscoll","Zhilian"
"Sales",282895,"Rabejac","Jenwei"
"Sales",490246,"Bisiani","Zongyan"
"Sales",231985,"Swiler","Kiyomitsu"
"Sales",56862,"Thimonier","Ymte"
"Sales",260770,"Snyers","Itzchak"
"Sales",431211,"Madeira","Waiman"
"Sales",489501,"Kobara","Dipankar"
"Sales",260804,"Gilg","Takahiro"
"Sales",489767,"Menyhert","Kristina"
"Sales",490240,"Orlowska","Kazunori"
"Sales",232219,"Roison","Emdad"
"Sales",56608,"Trachtenberg","Denny"
"Sales",489830,"Camarinopoulos","Shahar"
"Sales",421362,"Denti","Jolita"
"Sales",489851,"Spinelli","Limsoon"
"Sales",489860,"Verhoeff","Paloma"
"Sales",490385,"Baranowski","Carrsten"
"Sales",490389,"Wursthorn","Arno"
"Sales",56589,"Goldhammer","Martial"
"Sales",497232,"Cangellaris","Spyrose"
"Sales",283011,"Eickenmeyer","Kaijung"
"Sales",490407,"Ranum","Rafols"
"Sales",490447,"Alvarado","Demin"
"Sales",490483,"Koprowski","Christfried"
"Sales",232246,"Kamber","Claudi"
"Sales",490525,"Fasbender","Evgueni"
"Sales",490533,"Keustermans","Masasuke"
"Sales",490542,"Hofstetter","Adel"
"Sales",421376,"Ranon","Weijing"
"Sales",490772,"Merle","Maik"
"Sales",413441,"Koshiba","Fumiko"
"Sales",56290,"Yurov","Werner"
"Sales",289940,"Reghbati","Deborah"
"Sales",246031,"Preusig","Kensyu"
"Sales",95360,"Petersohn","Felicidad"
"Sales",283063,"Savasere","Richard"
"Sales",232341,"Masada","Persi"
"Sales",497217,"Waleschkowski","Tomokazu"
"Sales",490880,"Orsini","Martien"
"Sales",232349,"Naumovich","Steve"
"Sales",491086,"Radwan","Leon"
"Sales",491122,"Seghrouchni","Kshitij"
"Sales",95339,"Uhrik","Tooru"
"Sales",283078,"Dolinsky","Sumali"
"Sales",260920,"Highland","Irena"
"Sales",56241,"Hutter","Morris"
"Sales",491146,"Lakshmanan","Kwee"
"Sales",260923,"Thisen","Arvin"
"Sales",14325,"Lampe","Qingxiang"
"Sales",232636,"Peha","Duro"
"Sales",289950,"Koshino","Sudharsan"
"Sales",283102,"Slobodova","Shooichi"
"Sales",232679,"Baca","Lijie"
"Sales",289974,"Farrel","Mingzeng"
"Sales",491296,"Decaestecker","Sadun"
"Sales",421420,"Perin","Susanne"
"Sales",491326,"Welham","Munehiko"
"Sales",491344,"Sundgren","Takahito"
"Sales",491348,"Guenter","Fatemeh"
"Sales",232765,"Zockler","Gino"
"Sales",491365,"Huxford","Berto"
"Sales",19464,"Limongiello","Yannik"
"Sales",232781,"Cummings","George"
"Sales",260981,"Ermel","Reuven"
"Sales",95314,"Koblick","Rasiah"
"Sales",494696,"Frolund","Ziva"
"Sales",494911,"Garrabrants","Mantis"
"Sales",494917,"Straney","Abdulla"
"Sales",283174,"Improta","Masaki"
"Sales",494943,"Conte","Kyoichi"
"Sales",283183,"Pocchiola","Inderjeet"
"Sales",434978,"Parhami","Hitofumi"
"Sales",494973,"Murtha","Behnaam"
"Sales",55986,"Vadhan","Zhiwei"
"Sales",494995,"Pouyioutas","Yongmao"
"Sales",283186,"Krogh","Sachar"
"Sales",283196,"Lorys","Arlette"
"Sales",232863,"Detkin","Adin"
"Sales",261051,"Hockney","Prasadram"
"Sales",19449,"Jansen","Shietung"
"Sales",495033,"Halloran","Gal"
"Sales",495065,"Lamparter","Arve"
"Sales",495248,"Weisert","Baocai"
"Sales",232883,"Lorie","Gita"
"Sales",261052,"Ertl","Takahito"
"Sales",283226,"Rabehasaina","Takahiro"
"Sales",55958,"Kambil","Kamran"
"Sales",415554,"Panienski","Goh"
"Sales",251484,"Kawashima","Adit"
"Sales",233085,"Melter","Nahid"
"Sales",495349,"Claffy","Pranjal"
"Sales",233110,"Hainaut","Cedric"
"Sales",283263,"Benveniste","Ingemar"
"Sales",233179,"Mandelberg","Tzvetan"
"Sales",261120,"Cannata","Boaz"
"Sales",233208,"Turnbull","Shir"
"Sales",246075,"Schapiro","Moriyoshi"
"Sales",283298,"Pietrzykowski","Tesuya"
"Sales",497345,"Kushnir","Hirochika"
"Sales",283311,"Kaelbling","Lucien"
"Sales",497384,"Skrikant","Sverrir"
"Sales",497592,"Ariola","Georgi"
"Sales",261146,"Biran","Manibrata"
"Sales",55659,"Legleitner","Dannz"
"Sales",497641,"Walston","Hidefumi"
"Sales",246088,"Nannarelli","Fusako"
"Sales",233408,"Leuchs","Neven"
"Sales",233422,"Yeung","Yolla"
"Sales",233444,"Rebaine","Chanjung"
"Sales",413562,"Khamsi","Boguslaw"
"Sales",497715,"Hasenauer","Krassimir"
"Sales",254166,"Asrin","Leaf"
"Sales",283380,"Orlowska","Qunsheng"
"Sales",233473,"Denna","Ioana"
"Sales",497775,"Molberg","Mansur"
"Sales",86180,"Narahara","Hsiangchu"
"Sales",497799,"Standera","Uriel"
"Sales",497181,"Katalagarianos","Udaiprakash"
"Sales",283458,"Versino","Giao"
"Sales",233600,"Angiulli","Sergi"
"Sales",413575,"Peir","Arup"
"Sales",233621,"Markovitch","Duri"
"Sales",95275,"Yemenis","Atreye"
"Sales",497851,"Lalonde","Suvo"
"Sales",19147,"Bennis","Chaitali"
"Sales",233662,"Diderrich","Janalee"
"Sales",497169,"Famili","Udi"
"Sales",498101,"Fandrianto","Luisa"
"Sales",498122,"Chandrasekhar","Samphel"
"Sales",233670,"Uehara","Sreekrishna"
"Sales",498168,"Stroustrup","Doohun"
"Sales",233725,"Peek","Junichi"
"Sales",413591,"Ranta","Georgy"
"Sales",413593,"Norsworthy","Salvador"
"Sales",55528,"Swiler","Indrajit"
"Sales",261409,"Cairo","Chiradeep"
"Sales",416896,"Anick","Chuanti"
"Sales",19121,"Remmers","Hsiangchu"
"Sales",498429,"Lakshmanan","Bedrich"
"Sales",233773,"Farrow","Yuuichi"
"Sales",498467,"Lunn","Rutger"
"Sales",498496,"Michaeli","Uwe"
"Sales",233796,"Jahnichen","Samphel"
"Sales",233804,"Panwar","Mabhin"
"Sales",283492,"Validov","Maia"
"Sales",55475,"Bonifati","Tonia"
"Sales",55473,"Katalagarianos","Danny"
"Sales",233844,"Back","Sailaja"
"Sales",498768,"Perng","Janalee"
"Sales",283509,"DeMori","Kensyu"
"Sales",421643,"Fairtlough","Zhenbing"
"Sales",290070,"Buchter","Fumiko"
"Sales",491892,"Gruenwald","Arfst"
"Sales",421676,"Mayerwieser","Kitty"
"Sales",403566,"Lyonns","Supot"
"Sales",413626,"Ashish","Haldun"
"Sales",290096,"Reghbati","Dmitri"
"Sales",283578,"Uludag","Taizo"
"Sales",498901,"Gihr","Armond"
"Sales",283595,"Nivat","Francoise"
"Sales",283600,"Stille","Behnaam"
"Sales",498912,"Chorvat","Yongmin"
"Sales",413642,"Bergere","Elliott"
"Sales",10214,"Ciolek","Tadahiko"
"Sales",10215,"Duclos","Xiaobin"
"Sales",233946,"Thebaut","Toshiko"
"Sales",10234,"Bakhtari","Arunachalam"
"Sales",233951,"Hiraishi","Anestis"
"Sales",10243,"Pouyioutas","Wonhee"
"Sales",10253,"Salinas","Zsolt"
"Sales",10254,"Brattka","Shen"
"Sales",233952,"Klyachko","Mandell"
"Sales",10262,"Maraist","Mahendra"
"Sales",10273,"Lieblein","Baocai"
"Sales",10291,"Seghrouchni","Dipayan"
"Sales",10292,"Ghelli","Yucel"
"Sales",421699,"Jarecki","Yefim"
"Sales",10331,"Binkley","Arto"
"Sales",95263,"Swab","Leaf"
"Sales",490205,"Chorvat","Lansing"
"Sales",10876,"Papastamatiou","Vincent"
"Sales",10878,"Deville","Lakshmi"
"Sales",233992,"Morrin","Sadok"
"Sales",10906,"Carrere","Munehiro"
"Sales",234001,"Mamelak","Lijia"
"Sales",95247,"Bail","Xiaobin"
"Sales",234020,"Schade","Bogdan"
"Sales",492715,"Gulik","Tristan"
"Sales",10955,"Danley","Urs"
"Sales",234031,"Hitomi","Xudong"
"Sales",10998,"Kandlur","Marlo"
"Sales",55396,"Rahier","Miomir"
"Sales",11254,"Rindone","Danel"
"Sales",11302,"Senzako","Shem"
"Sales",234086,"Rusmann","Utpal"
"Sales",11306,"Reeken","Subhankar"
"Sales",234090,"Lupu","Ger"
"Sales",421733,"Basart","Augustine"
"Sales",492711,"Marshall","Zita"
"Sales",251499,"Chimia","Basem"
"Sales",11377,"Rosti","Dayanand"
"Sales",55124,"Camurati","Stafford"
"Sales",11401,"Merey","Huan"
"Sales",11402,"Brizzi","Freyja"
"Sales",234124,"Renear","Takahito"
"Sales",86702,"Kisuki","Irena"
"Sales",14315,"Standera","Baocai"
"Sales",11484,"Siepmann","Holgard"
"Sales",435450,"Spinelli","Tiina"
"Sales",413707,"Muhlberg","JoAnne"
"Sales",19081,"Litzler","Lillian"
"Sales",283768,"Boreale","Mayuri"
"Sales",19073,"Trelles","Sajjan"
"Sales",283778,"Itzigehl","Goa"
"Sales",296175,"Zschoche","Murthy"
"Sales",55061,"Merlo","Boguslaw"
"Sales",11720,"Heusch","Abdulla"
"Sales",490167,"Mikschl","Owen"
"Sales",55037,"Hofman","Paris"
"Sales",11785,"Kalsbeek","Hongzhu"
"Sales",234194,"Pettey","Jungsoon"
"Sales",11797,"Thambidurai","Chenxi"
"Sales",54849,"Sessa","Roddy"
"Sales",261679,"Cardazo","Luisa"
"Sales",234205,"Bernini","Magdalena"
"Sales",12415,"Sluis","Uri"
"Sales",18872,"Krybus","Hauke"
"Sales",54818,"Mawatari","Boguslaw"
"Sales",12430,"Feldmann","Kristine"
"Sales",12454,"Farris","Kerryn"
"Sales",234408,"Skrikant","Fumino"
"Sales",283829,"Niizuma","Along"
"Sales",12699,"Setia","Izaskun"
"Sales",12703,"Brookner","Luigi"
"Sales",12716,"Theuretzbacher","Angel"
"Sales",234412,"Ranka","Feiyu"
"Sales",283831,"Gammage","Mahmut"
"Sales",490154,"Riexinger","Aloys"
"Sales",413746,"Peak","Make"
"Sales",12756,"Braccini","Mohit"
"Sales",12759,"Kuszyk","LiMin"
"Sales",12766,"Molberg","Shuji"
"Sales",12805,"Itschner","Naraig"
"Sales",234485,"Stranks","Vishwani"
"Sales",290140,"Huhdanpaa","Rafail"
"Sales",283857,"Aamodt","Weiru"
"Sales",261696,"Pettey","Muzhong"
"Sales",13117,"Masand","Arve"
"Sales",13124,"Garnick","Quingbo"
"Sales",13158,"Kilgore","Deborah"
"Sales",234527,"Deverell","Susuma"
"Sales",13543,"Garigliano","Tua"
"Sales",54508,"Tsukuda","Bilhanan"
"Sales",13551,"Ducloy","Shuichi"
"Sales",95221,"Bernick","Elvis"
"Sales",261717,"Koshiba","Kazuyasu"
"Sales",421760,"Gide","Joydip"
"Sales",13599,"Versino","Gor"
"Sales",13618,"Ferretti","Xiaoqiang"
"Sales",283904,"Brodal","Hailing"
"Sales",234737,"Perng","Shushma"
"Sales",261735,"Brlek","Shahaf"
"Sales",13684,"Christ","Elvia"
"Sales",13721,"Delgrossi","Sugwoo"
"Sales",290152,"Shanbhogue","Kousuke"
"Sales",492633,"Malinowski","Taiji"
"Sales",13747,"Capobianchi","Masaru"
"Sales",13762,"Choobineh","Fumino"
"Sales",54458,"Quadeer","Yonghoan"
"Sales",18789,"Domenig","Reinhold"
"Sales",492623,"Boissier","Gila"
"Sales",13785,"Legleitner","Shietung"
"Sales",54443,"Grabner","Gro"
"Sales",13805,"Veldwijk","Barry"
"Sales",234820,"Stasinski","Mayuri"
"Sales",14050,"Botman","Duangkaew"
"Sales",283927,"Kolinko","Taiji"
"Sales",234824,"Ertl","Masako"
"Sales",413862,"Tasistro","Arco"
"Sales",253600,"Anido","Nakhoon"
"Sales",14108,"Khasidashvili","Shmuel"
"Sales",14142,"Beausoleil","Macha"
"Sales",261799,"Pargas","Gil"
"Sales",14182,"Encarnacion","Abdulla"
"Sales",14409,"Pettis","Uta"
"Sales",14461,"Hitomi","Weicheng"
"Sales",421948,"Chorvat","Marl"
"Sales",261831,"Toyoshima","Nobuyoshi"
"Sales",434993,"Lampe","TRUE"
"Sales",234932,"Brodie","TRUE"
"Sales",14549,"Kopetz","Alain"
"Sales",403577,"Oberman","Conal"
"Sales",413897,"Litzkow","Fuqing"
"Sales",421967,"McDermid","Fumitake"
"Sales",421975,"Eastman","Hyuckchul"
"Sales",253615,"Karunanithi","Nigel"
"Sales",202227,"Dalton","Krisda"
"Sales",202230,"Muniz","Eran"
"Sales",14863,"Yavatkar","Achilleas"
"Sales",201826,"Cichocki","Dines"
"Sales",14958,"Beausoleil","Prasadram"
"Sales",416468,"Lorho","Maria"
"Sales",202663,"Legleitner","Mads"
"Sales",202671,"Grabner","Volkmar"
"Sales",202690,"Kruskal","Josyula"
"Sales",15011,"Isard","Felicidad"
"Sales",202695,"Dredge","Geoffry"
"Sales",15046,"Prochazka","Marin"
"Sales",15053,"Raczkowsky","Shigeu"
"Sales",284282,"Huxford","Hidekazu"
"Sales",54164,"Penz","Sahrah"
"Sales",261941,"Erol","Jianhua"
"Sales",202742,"Schlenzig","Lijie"
"Sales",15139,"Strandh","Gor"
"Sales",403584,"Fandrianto","Boguslaw"
"Sales",202941,"Sinitsyn","Phuoc"
"Sales",202971,"Dayana","Fun"
"Sales",235017,"Dratva","Irena"
"Sales",15181,"Reghbati","Leif"
"Sales",202982,"Ritcey","Takahito"
"Sales",15381,"Jervis","Berna"
"Sales",202989,"Vigier","Mads"
"Sales",284377,"Collette","Bader"
"Sales",15418,"Neimat","Gianluca"
"Sales",203029,"Peron","Kensyu"
"Sales",284423,"Szmurlo","Sudharsan"
"Sales",15493,"Milicic","Shirish"
"Sales",203064,"Fujisawa","Heon"
"Sales",403589,"Makrucki","Jaewoo"
"Sales",416897,"Eppinger","Koldo"
"Sales",15533,"Gien","Gift"
"Sales",415588,"Cyne","Insup"
"Sales",203305,"Huttel","Naftali"
"Sales",262013,"Puppo","Supot"
"Sales",290280,"Sundgren","Mostafa"
"Sales",54030,"Mitsuhashi","Vidya"
"Sales",86490,"Zultner","Fusako"
"Sales",15620,"Randi","Alejandro"
"Sales",53834,"Antonisse","Poornachandra"
"Sales",53829,"England","Candido"
"Sales",15644,"Terekhov","Zhiguo"
"Sales",15659,"Buchter","Armond"
"Sales",290294,"Vieth","Seongbae"
"Sales",94624,"Moehrke","Xuedong"
"Sales",15680,"Plavsic","Bernardo"
"Sales",492568,"Mungall","Pragnesh"
"Sales",246814,"Capobianchi","JiYoung"
"Sales",201066,"Syrotiuk","Annemarie"
"Sales",15938,"Covnot","Garnik"
"Sales",201061,"Jiafu","Ronnie"
"Sales",235046,"Farrar","Constantino"
"Sales",15969,"Masand","Pranav"
"Sales",290477,"Hebert","Stevo"
"Sales",422059,"Peak","Mayuko"
"Sales",203491,"Paludetto","Masasuke"
"Sales",284547,"Gill","Marie"
"Sales",16117,"Felcyn","Josyula"
"Sales",435462,"Swab","Ranga"
"Sales",18760,"Vidal","Shigeu"
"Sales",16156,"Kaminger","Fei"
"Sales",496895,"Schwaller","Gio"
"Sales",53699,"Srimani","Ohad"
"Sales",284586,"Percebois","Udo"
"Sales",235065,"Orsini","Etsuo"
"Sales",296242,"Dechter","Amalendu"
"Sales",16193,"Ramsay","Basim"
"Sales",16367,"Siksek","Shuji"
"Sales",413919,"Nergos","Shushma"
"Sales",296246,"Portugali","Ekawit"
"Sales",284629,"Christianini","Maja"
"Sales",262329,"Kaelbling","Randi"
"Sales",284649,"Kobara","Raimond"
"Sales",284665,"Ressouche","Yakichi"
"Sales",16428,"Chinin","Arun"
"Sales",235085,"Buchter","Kiam"
"Sales",203593,"Kirkerud","Leszek"
"Sales",422084,"Ranai","Guenter"
"Sales",16441,"Schaaf","Amabile"
"Sales",16485,"Klassen","Baruch"
"Sales",16490,"Thiria","Muzhong"
"Sales",203598,"Bage","Jayson"
"Sales",53617,"Petereit","Shimshon"
"Sales",16594,"Azulay","Kazuhira"
"Sales",246838,"Feinberg","Gaetan"
"Sales",262351,"Heydon","Gor"
"Sales",16618,"Hebert","Sadun"
"Sales",203654,"Jeong","Xiong"
"Sales",16676,"Selenyi","Oguz"
"Sales",203690,"Soloway","Zeljko"
"Sales",235094,"Ambroszkiewicz","Bikash"
"Sales",16889,"Pardalos","Arve"
"Sales",53579,"Gladwell","Tuval"
"Sales",16891,"Keirsey","Kristina"
"Sales",284758,"Krichel","Odoardo"
"Sales",16914,"Molenkamp","Weijing"
"Sales",16918,"Shumilov","Ekawit"
"Sales",16921,"Yeung","Evgueni"
"Sales",203758,"Verspoor","Yaghout"
"Sales",203763,"Nitta","Remzi"
"Sales",284796,"Fasbender","Janalee"
"Sales",284808,"Fontan","Phillip"
"Sales",17030,"Ramsey","Uzi"
"Sales",203788,"Randt","Rosli"
"Sales",203794,"Dymetman","Abdulah"
"Sales",284864,"Feldhoffer","Gen"
"Sales",203797,"Lambe","Tonia"
"Sales",492172,"Keohane","Soenke"
"Sales",235113,"Chaudhury","Zhiwei"
"Sales",203850,"Millington","Boguslaw"
"Sales",290586,"Lichtman","Gad"
"Sales",262402,"Kawashima","Perry"
"Sales",203903,"Bugaenko","Faiza"
"Sales",14273,"Benveniste","Atreye"
"Sales",53269,"Lipner","Ioana"
"Sales",53243,"Schach","Maren"
"Sales",94588,"Peck","Shigeaki"
"Sales",284940,"Douceur","Sachio"
"Sales",17401,"Lagarias","Stevo"
"Sales",17407,"Worfolk","Surveyors"
"Sales",204035,"Plesums","Luigi"
"Sales",200951,"Brender","Shalesh"
"Sales",17420,"Stamatiou","Jinpo"
"Sales",53231,"Hooghiemstra","Alexius"
"Sales",17440,"Rosch","Hugh"
"Sales",17456,"Taneja","Peer"
"Sales",17462,"Lortz","Shaleah"
"Sales",17467,"Mikschl","Alagu"
"Sales",17469,"Khamsi","Chiradeep"
"Sales",17481,"Tiemann","Irene"
"Sales",284957,"Rusmann","Evgueni"
"Sales",200941,"Rassart","Pascal"
"Sales",204145,"Lindenbaum","Navid"
"Sales",53197,"Narahari","Khalid"
"Sales",53195,"Rosaz","Lorien"
"Sales",284978,"Conta","Toong"
"Sales",17805,"Munawer","Bowen"
"Sales",415603,"Decaestecker","Irena"
"Sales",496829,"DeMori","Shaleah"
"Sales",253623,"Quadeer","Jingling"
"Sales",18714,"Azumi","Uinam"
"Sales",262506,"Fordan","Masamitsu"
"Sales",52929,"Hofstetter","Rayond"
"Sales",235182,"Dulay","Renee"
"Sales",88601,"Baalen","Vidya"
"Sales",18132,"Heyers","Tetsurou"
"Sales",18151,"Demian","Yinghua"
"Sales",262513,"Bierbaum","Jahangir"
"Sales",52872,"Soicher","Perry"
"Sales",204250,"Grabner","Zita"
"Sales",18554,"Cichocki","Stevo"
"Sales",235194,"Meszaros","Venkatesan"
"Sales",204334,"Bojadziev","Aimee"
"Sales",290845,"Lambe","Magy"
"Sales",18597,"Nergos","Jayesh"
"Sales",52855,"Krone","Tsutomu"
"Sales",52655,"Hebden","Yuguang"
"Sales",18628,"Mahmud","Srinidhi"
"Sales",204391,"Perin","Sumant"
"Sales",235200,"Cochrane","Roddy"
"Sales",262542,"Vandervoorde","Youssef"
"Sales",18701,"Ratnakar","Mori"
"Sales",52587,"Molenkamp","Paraskevi"
"Sales",262544,"Zhang","Claude"
"Sales",18886,"Peek","Ramya"
"Sales",18892,"Matzat","Kamakshi"
"Sales",262557,"Barriga","Rosalie"
"Sales",18906,"Wilfing","Yinlin"
"Sales",285075,"Salinas","Volkmar"
"Sales",235223,"Zielinski","Doohun"
"Sales",200898,"Sommer","Keiichiro"
"Sales",200859,"Melter","Deniz"
"Sales",18929,"Peron","Gift"
"Sales",200855,"Rodiger","Berthier"
"Sales",18538,"Walstra","Udo"
"Sales",200830,"Schauser","Ayakannu"
"Sales",235225,"Binding","Aloke"
"Sales",18994,"Mitsuhashi","Leszek"
"Sales",19025,"Prenel","Urs"
"Sales",19233,"Nanard","Zhanqiu"
"Sales",492170,"Ushiama","Sakthirel"
"Sales",19239,"Azevdeo","Karoline"
"Sales",200807,"Pews","Woody"
"Sales",204641,"Murtagh","Mansur"
"Sales",413950,"Ozery","Lalit"
"Sales",422782,"Czaja","JiYoung"
"Sales",19343,"Hempstead","Heping"
"Sales",285151,"Dayang","Lobel"
"Sales",262583,"Lortz","Yuriy"
"Sales",262587,"Chenney","Shigeo"
"Sales",204679,"Marchegay","Masaru"
"Sales",496811,"Msuda","Feipei"
"Sales",235243,"Imataki","Ferdinand"
"Sales",235261,"Trelles","Atreye"
"Sales",19598,"Lundstrom","Kerryn"
"Sales",19643,"Wynblatt","Insup"
"Sales",285201,"Alameldin","Bernd"
"Sales",235296,"Hutter","Marit"
"Sales",52287,"Petersohn","Maren"
"Sales",19683,"Aseltine","Subhrajyoti"
"Sales",422792,"Heemskerk","Tamiya"
"Sales",12660,"Escriba","Stamatina"
"Sales",52284,"Shackell","Tran"
"Sales",262643,"Lorho","Mingsen"
"Sales",52273,"Lindqvist","Tru"
"Sales",19957,"Macedo","Goh"
"Sales",204982,"Kornyak","Susanta"
"Sales",85985,"Hebden","Arunachalam"
"Sales",20003,"Coors","Munehiko"
"Sales",262689,"Lieblein","Shahaf"
"Sales",20019,"Apsitis","Zhenbing"
"Sales",200513,"Uehara","Tsz"
"Sales",200511,"Gilg","Duke"
"Sales",20078,"Frezza","Ziya"
"Sales",205082,"Giveon","Adin"
"Sales",205089,"Weedman","Claude"
"Sales",235314,"Papadias","Baocai"
"Sales",422803,"Beilner","Tsuneo"
"Sales",262697,"Luke","Prasadram"
"Sales",205104,"Jeong","Reuven"
"Sales",262720,"Giarratana","Masaru"
"Sales",205123,"Samarati","Vishu"
"Sales",496784,"Bellone","Ramya"
"Sales",20239,"Heystek","Tua"
"Sales",20264,"Isard","Zvonko"
"Sales",20266,"Kakkad","Ekawit"
"Sales",88525,"Rajala","Mabhin"
"Sales",496778,"Ghazalie","Zijian"
"Sales",285332,"Chaudhury","Abdelaziz"
"Sales",20305,"Birnbaum","Gou"
"Sales",290897,"Fritzsche","Sachin"
"Sales",262735,"Brodal","Tzvetan"
"Sales",20385,"Perelgut","Zhenbing"
"Sales",205233,"Paludetto","Adib"
"Sales",254643,"Rosenbaum","Paloma"
"Sales",403672,"Coors","Fumitaka"
"Sales",262770,"Kermarrec","Odysseas"
"Sales",20486,"Picco","Unal"
"Sales",20496,"Kalloufi","Ishfaq"
"Sales",20507,"Barreiro","Shakhar"
"Sales",262777,"Millington","Kwan"
"Sales",20524,"Snedden","Anneke"
"Sales",20537,"Rando","Chrisa"
"Sales",205491,"Baezner","Gor"
"Sales",20554,"Shumilov","Qunsheng"
"Sales",52252,"Bade","Moty"
"Sales",415639,"Azevdeo","Marek"
"Sales",296308,"Harnett","Angel"
"Sales",285407,"Socorro","Dipayan"
"Sales",20603,"Loncour","Yongdong"
"Sales",20612,"Kavvadias","Stabislas"
"Sales",496772,"Rahier","Abdelaziz"
"Sales",200468,"Marshall","Amstein"
"Sales",20677,"Chartres","Samphel"
"Sales",290943,"Lipner","Arra"
"Sales",205519,"Casperson","Peternela"
"Sales",20719,"Monarch","Thanasis"
"Sales",205536,"Huxford","Katsuo"
"Sales",235360,"Castellani","Lein"
"Sales",20817,"Albarhamtoshy","Yucai"
"Sales",205586,"Cappello","JoAnne"
"Sales",20875,"Streng","Yinghua"
"Sales",21081,"Rouquie","Magy"
"Sales",205788,"Bouloucos","Samphel"
"Sales",21132,"Skafidas","Yurij"
"Sales",52003,"Ramsey","Shichao"
"Sales",21175,"Gerlach","Alper"
"Sales",88513,"Weiland","Kristinn"
"Sales",422860,"Quaggetto","Divier"
"Sales",235415,"Falster","Shahaf"
"Sales",21400,"Valtorta","Marke"
"Sales",296320,"Rousseau","Serif"
"Sales",51976,"Vidya","Florian"
"Sales",21421,"Yoshizawa","Avishai"
"Sales",262931,"Teitelbaum","Florina"
"Sales",246948,"Przulj","Leaf"
"Sales",21450,"Strehl","Shuji"
"Sales",285524,"Gimbel","Anoosh"
"Sales",205890,"Chenoweth","Georgi"
"Sales",21533,"Marakhovsky","Wonhee"
"Sales",21542,"Sherertz","Miomir"
"Sales",21907,"Crooks","Ziva"
"Sales",21958,"Barriga","Guther"
"Sales",285556,"Guerreiro","Theirry"
"Sales",21980,"Miyakawa","Gen"
"Sales",51955,"Lunt","Xuejun"
"Sales",21996,"McAlpine","Lalit"
"Sales",51952,"Carrera","Kinh"
"Sales",490068,"Anido","Kwok"
"Sales",22253,"Masaki","Feipei"
"Sales",86449,"Solares","Yuqun"
"Sales",246978,"Rikino","Gal"
"Sales",22326,"Skafidas","Mani"
"Sales",206142,"Poulakidas","Francoise"
"Sales",206145,"Luan","Ottavia"
"Sales",235437,"Zambonelli","Sanjai"
"Sales",22376,"Plumb","Mandell"
"Sales",251614,"Olano","Magy"
"Sales",22415,"Jumpertz","Perla"
"Sales",416513,"Msuda","Anyuan"
"Sales",109903,"Kavraki","Gully"
"Sales",285601,"Christianini","Guiseppe"
"Sales",22489,"Bressoud","Gopalakrishnan"
"Sales",291007,"Melski","Parviz"
"Sales",422881,"Boguraev","Waiman"
"Sales",14221,"Maginnis","Zhiwei"
"Sales",51631,"Unno","Gao"
"Sales",22543,"Luff","Junichi"
"Sales",22586,"Hasenauer","Hauke"
"Sales",263536,"Chaudhury","Kiyotoshi"
"Sales",206201,"Meriste","Lene"
"Sales",22624,"Sridhar","Serif"
"Sales",22653,"Rubsam","Koichi"
"Sales",22695,"Shrader","Aiichiro"
"Sales",22721,"Besselaar","Lorien"
"Sales",285653,"Lunt","Lunjin"
"Sales",22750,"Farrow","Dmitry"
"Sales",206231,"Kroon","Christoper"
"Sales",22786,"Usdin","Moss"
"Sales",206243,"McFarlin","Ung"
"Sales",206265,"Pileggi","Constantino"
"Sales",22840,"Beznosov","Gaurav"
"Sales",51560,"Panwar","Shan"
"Sales",206449,"Rajala","Zhonghui"
"Sales",22865,"Spieker","Piyawadee"
"Sales",22866,"Gronowski","Shen"
"Sales",496685,"Bonifati","Valeska"
"Sales",22969,"Papastamatiou","Stella"
"Sales",285717,"Hiroyama","Randy"
"Sales",285724,"Journel","Arvind"
"Sales",24598,"Binding","Stabislas"
"Sales",24599,"Gruenwald","Maya"
"Sales",431677,"Piancastelli","Dinkar"
"Sales",291040,"Gimbel","Gian"
"Sales",24676,"Bolotov","Roddy"
"Sales",206829,"Monarch","Mario"
"Sales",25103,"Pocchiola","Kazuhira"
"Sales",206866,"Merro","Aral"
"Sales",25151,"Veevers","Leandro"
"Sales",285809,"Benzmuller","Aris"
"Sales",51519,"Cannard","Shem"
"Sales",206867,"Gill","Sailaja"
"Sales",206875,"Brlek","Niteen"
"Sales",285856,"Griswold","Conor"
"Sales",25201,"Kandlur","Barton"
"Sales",263673,"Yeung","Khue"
"Sales",25425,"Swick","Dharmaraja"
"Sales",25456,"Veevers","Munehiro"
"Sales",25472,"Hettesheimer","Shrikanth"
"Sales",206917,"Melton","Berhard"
"Sales",25493,"Eterovic","Garnet"
"Sales",25508,"Jenevein","Marla"
"Sales",25533,"Itzfeldt","Sergi"
"Sales",25548,"Gluchowski","Henk"
"Sales",285925,"Miake","Heekeun"
"Sales",207119,"Peltason","Sadun"
"Sales",431321,"Oberman","Edwin"
"Sales",25781,"Bolotov","Jiann"
"Sales",247015,"Junet","Sahrah"
"Sales",25816,"Ertl","Jenwei"
"Sales",263907,"Mukaidono","Bangqing"
"Sales",263934,"Kitai","Yonghong"
"Sales",263970,"Alpin","Chenye"
"Sales",296542,"Melton","Leszek"
"Sales",26432,"Krichel","Honesty"
"Sales",285935,"Sherertz","Genevieve"
"Sales",26452,"Vecchio","Billur"
"Sales",26468,"Babu","Shunichi"
"Sales",51391,"Hofstetter","Udo"
"Sales",207270,"Duclos","Guttorm"
"Sales",26496,"Godskesen","Jayson"
"Sales",26503,"Billingsley","Shietung"
"Sales",26506,"Cangellaris","Mabry"
"Sales",51361,"Setlzner","Juichirou"
"Sales",291072,"Vingron","Keiichiro"
"Sales",94021,"Biros","Howell"
"Sales",207643,"Marrakchi","Ulises"
"Sales",51352,"Reistad","Berna"
"Sales",26572,"Haraldson","Xiaoshan"
"Sales",85266,"Morrin","Tsz"
"Sales",264018,"Lorcy","Djenana"
"Sales",26616,"Rosch","Rosine"
"Sales",26634,"Monarch","Matt"
"Sales",26665,"Bugrara","Licheng"
"Sales",404466,"Rosaz","Kristina"
"Sales",51157,"Neiman","Josyula"
"Sales",253675,"Serre","Stafford"
"Sales",207714,"Swift","Denny"
"Sales",207716,"Stemann","Yaghout"
"Sales",264050,"Koshino","Subir"
"Sales",51121,"Bierbaum","Debaprosad"
"Sales",27151,"Taubman","Jacopo"
"Sales",27154,"Gaughan","Jinxi"
"Sales",27180,"Valette","Udaiprakash"
"Sales",235593,"Schwabacher","Slavian"
"Sales",27207,"Skrikant","Deniz"
"Sales",14197,"Chachaty","Adin"
"Sales",235595,"Potthoff","Muneo"
"Sales",27270,"Radhakrishnan","Lijia"
"Sales",27304,"Rodham","Mandell"
"Sales",207974,"Speckmann","Khedija"
"Sales",235596,"Prenel","Gio"
"Sales",247036,"Pepe","Ekawit"
"Sales",27346,"Siksek","Huiqun"
"Sales",207998,"Tsukune","Fumiyo"
"Sales",286062,"Bail","Charmane"
"Sales",492548,"Stenning","Ugo"
"Sales",51058,"Braunschweig","Dannz"
"Sales",27469,"Fandrianto","Gro"
"Sales",27484,"Llado","Tse"
"Sales",264100,"Itzfeldt","Sumant"
"Sales",27548,"Riexinger","Slavian"
"Sales",208052,"Ressouche","Subhada"
"Sales",51041,"Walstra","Palash"
"Sales",27597,"Garigliano","Fai"
"Sales",264119,"Spinelli","Hausi"
"Sales",27624,"Feinberg","Kotesh"
"Sales",208301,"Famili","Stabislas"
"Sales",208334,"Linares","Mani"
"Sales",296625,"Erdi","Goa"
"Sales",27801,"Danecki","Naraig"
"Sales",27802,"Lieblein","Kasturi"
"Sales",12658,"Farris","Laurentiu"
"Sales",27818,"Lindqvist","Hatsukazu"
"Sales",27840,"Rodier","Licheng"
"Sales",27849,"Juneja","Valdiodio"
"Sales",27852,"Polupanov","Leucio"
"Sales",286128,"Mitsuhashi","Eckart"
"Sales",27865,"Gyimothy","Yuriy"
"Sales",27877,"Conte","Bingning"
"Sales",264160,"Marshall","Vishu"
"Sales",27893,"Plump","Moni"
"Sales",27945,"Mansanne","Fumiyo"
"Sales",208435,"Toyoshima","Arfst"
"Sales",50688,"Swen","JoAnna"
"Sales",208446,"Lampe","Poornachandra"
"Sales",28016,"Kranzdorf","Vitaly"
"Sales",28064,"Senzako","Jaewon"
"Sales",28242,"Vasanthakumar","Thodoros"
"Sales",28244,"Lunt","Gopalakrishnan"
"Sales",208788,"Journel","Barna"
"Sales",235631,"Khamsi","Yechezkel"
"Sales",28284,"Gurbaxani","Lene"
"Sales",28286,"Kuzuoka","Mohan"
"Sales",247086,"Mundy","Boaz"
"Sales",28298,"Ritcey","Holgard"
"Sales",28301,"Brickell","Adil"
"Sales",208841,"Yamaashi","Moriyoshi"
"Sales",28359,"Stellhorn","Kshitij"
"Sales",109240,"Motley","Shigeo"
"Sales",28390,"Gyimothy","Sachio"
"Sales",28402,"Passafiume","Morris"
"Sales",286248,"Skafidas","Randy"
"Sales",28589,"Pashtan","Serenella"
"Sales",28596,"Porotnikoff","Perla"
"Sales",28620,"Thorensen","Irene"
"Sales",28641,"Varley","Toshiko"
"Sales",264189,"Binding","Charmane"
"Sales",208859,"Brickell","Giordano"
"Sales",28669,"Eppinger","Bernt"
"Sales",109222,"Mukaidono","Ferdinand"
"Sales",50356,"Knightly","Guoxiang"
"Sales",286257,"Barreiro","Chaitali"
"Sales",18479,"Gulla","Mechthild"
"Sales",50345,"Matzel","Wojceich"
"Sales",29128,"Bonifati","Akeno"
"Sales",29143,"Lundstrom","Weicheng"
"Sales",29145,"Doering","Heeju"
"Sales",264544,"Jayawardene","Branimir"
"Sales",29171,"Baaleh","Syozo"
"Sales",50158,"Verspoor","Luerbio"
"Sales",29180,"Marrevee","Xiaoshan"
"Sales",29203,"Adachi","Ger"
"Sales",29218,"Benantar","Khaled"
"Sales",29229,"Zaiane","Tiina"
"Sales",29231,"Sury","Van"
"Sales",431696,"Masand","Wuxu"
"Sales",29464,"Garnier","Boaz"
"Sales",296628,"Kavvadias","Elrique"
"Sales",29539,"Heering","Chaosheng"
"Sales",496585,"Beutelspacher","Mart"
"Sales",29561,"Farrag","Lokesh"
"Sales",209156,"Kalafatis","Anoosh"
"Sales",29789,"Meszaros","Mong"
"Sales",286317,"Waymire","Younwoo"
"Sales",29806,"Chenney","Elvia"
"Sales",29818,"Fontet","Szabolcs"
"Sales",88484,"Cyre","Garnik"
"Sales",50157,"Underwood","Kristof"
"Sales",264614,"Pleszkun","Jacopo"
"Sales",29868,"Badr","Barun"
"Sales",50139,"Mullainathan","Genki"
"Sales",29870,"Stranks","Troy"
"Sales",18460,"Herber","Bojan"
"Sales",29901,"Syrzycki","Gor"
"Sales",209185,"Hambrick","Nathalie"
"Sales",235725,"Bernardeschi","Fan"
"Sales",286333,"Ushiama","Weiru"
"Sales",30228,"Peris","Peer"
"Sales",88470,"Syrzycki","LiMin"
"Sales",30230,"Stenning","Teiji"
"Sales",286352,"Gornas","Toshiki"
"Sales",210963,"Hasham","Sergi"
"Sales",286367,"Chinal","Zhonghui"
"Sales",30455,"Jeansoulin","Serap"
"Sales",30458,"Maraist","Serap"
"Sales",30477,"Gerlach","Sachio"
"Sales",50103,"Verspoor","Randy"
"Sales",30513,"Limongiello","Eric"
"Sales",415737,"Azadmanesh","Oguz"
"Sales",30525,"Matzen","Snehasis"
"Sales",210992,"Matzke","Khue"
"Sales",286376,"Prochazka","Jouni"
"Sales",211002,"Mungall","Rance"
"Sales",211007,"Grandbois","Goo"
"Sales",496573,"Soloway","Genevieve"
"Sales",50096,"Androutsos","Hyuckchul"
"Sales",286380,"Mondadori","Shakhar"
"Sales",30805,"Lanteri","Ramzi"
"Sales",30832,"Standera","Eran"
"Sales",93872,"Schoegge","Shooichi"
"Sales",286386,"Legleitner","Berthier"
"Sales",235777,"Mullainathan","Domenico"
"Sales",30903,"Fendler","Gritta"
"Sales",286388,"Fadgyas","Ger"
"Sales",291253,"Rassart","Salvador"
"Sales",31138,"Sichman","Fumiko"
"Sales",291265,"Dulli","Dinah"
"Sales",31149,"Itzfeldt","Gaurav"
"Sales",211121,"Crouzet","JiYoung"
"Sales",286423,"Flanders","Dietrich"
"Sales",286426,"Homond","Cedric"
"Sales",31210,"Crouzet","Boguslaw"
"Sales",93645,"Motley","Yifei"
"Sales",31220,"Lund","Radoslaw"
"Sales",31429,"Bernini","Matk"
"Sales",31434,"Miculan","Kwangjo"
"Sales",417093,"Turnbull","Yagil"
"Sales",265145,"Cooman","Sastry"
"Sales",31448,"Czaja","Tetsushi"
"Sales",31451,"Heystek","Luerbio"
"Sales",31484,"Debuse","Keung"
"Sales",286448,"Benzaken","Roselyn"
"Sales",31533,"Albarhamtoshy","Trygve"
"Sales",31558,"Hmelo","Shuzo"
"Sales",31576,"Erie","Eran"
"Sales",49685,"Rosay","Qiwen"
"Sales",265169,"Muchinsky","Kazuyasu"
"Sales",109129,"Oxenboll","Gro"
"Sales",109125,"Piveteau","Adly"
"Sales",109117,"Garnier","Arnould"
"Sales",31836,"Randi","Marl"
"Sales",49604,"Valiente","Nathalie"
"Sales",265181,"Syang","Raimond"
"Sales",211427,"Bala","Yechiam"
"Sales",211428,"Huhdanpaa","Sreekrishna"
"Sales",291294,"Luby","Yoshimitsu"
"Sales",265191,"Boudaillier","Uinam"
"Sales",489995,"Beeson","Arumugam"
"Sales",32349,"DiGiano","Hairong"
"Sales",286495,"Vesel","Arfst"
"Sales",235864,"Akaboshi","Abdelkader"
"Sales",32393,"Puppe","Chandrasekaran"
"Sales",496569,"Kaltofen","Shuky"
"Sales",291295,"Taneja","Yinlin"
"Sales",32414,"Rajala","Aron"
"Sales",32422,"Schmezko","Yakichi"
"Sales",49591,"Miculan","Apostol"
"Sales",49573,"Vidal","Przemyslawa"
"Sales",32661,"Rodham","Satoru"
"Sales",211520,"Setia","Saeed"
"Sales",247315,"Lorho","Fei"
"Sales",32760,"Zykh","Mototsugu"
"Sales",247330,"McFarlan","Adam"
"Sales",286536,"Shimshoni","Zhiwei"
"Sales",32989,"Ramsay","Masami"
"Sales",49534,"Simkin","Nidapan"
"Sales",49528,"Baig","Kristen"
"Sales",32996,"Mondadori","Pranjal"
"Sales",286540,"Rotem","Oldrich"
"Sales",49524,"Brender","Saniya"
"Sales",33007,"Taneja","Hatsukazu"
"Sales",265396,"Morrin","Christfried"
"Sales",265419,"Luck","Bluma"
"Sales",33031,"Cardazo","Isamu"
"Sales",265420,"Glinert","Bader"
"Sales",33061,"Zolotykh","Zijian"
"Sales",423713,"Hiltgen","Yongmao"
"Sales",33089,"Potthoff","LiMin"
"Sales",286588,"Brodie","Angel"
"Sales",33270,"Ebeling","Chanjung"
"Sales",235904,"Desikan","Saddek"
"Sales",33315,"Geffroy","Chikako"
"Sales",211673,"Veeraraghavan","Heon"
"Sales",33398,"Bratten","Sudharsan"
"Sales",108827,"Poehlman","Vitaly"
"Sales",235905,"Riefers","Zeljko"
"Sales",93640,"Thombley","Kazuhira"
"Sales",235914,"Ossenbruggen","Suvo"
"Sales",33674,"Impagliazzo","Abdelwaheb"
"Sales",49321,"Spelt","Pintsang"
"Sales",286718,"Bage","Weijing"
"Sales",211780,"Chleq","Niranjan"
"Sales",33977,"Cyre","Mack"
"Sales",414057,"Suri","Faiza"
"Sales",49310,"Assaf","Yechiam"
"Sales",431338,"Schneeberger","Mechthild"
"Sales",108782,"Stentiford","Georg"
"Sales",34009,"Akazan","Boaz"
"Sales",49294,"Peltason","Mads"
"Sales",34069,"Schiper","Mayuko"
"Sales",211845,"Nanard","Rosita"
"Sales",211853,"Kalorkoti","Mohua"
"Sales",211861,"Thombley","Kristine"
"Sales",49233,"Shobatake","Nikolaus"
"Sales",49206,"Hasham","Zhanqiu"
"Sales",211882,"Conia","Ingemar"
"Sales",291353,"Farrag","Alselm"
"Sales",265550,"Bottner","Fun"
"Sales",34472,"Tetzlaff","Saddek"
"Sales",414088,"Marakhovsky","Khun"
"Sales",93596,"Tetzlaff","Yaghout"
"Sales",235970,"Anger","Paris"
"Sales",34532,"Tyugu","Susanna"
"Sales",13994,"Remmele","Tesuro"
"Sales",212060,"Itschner","Fuqing"
"Sales",34572,"Ramamoorthy","Arunachalam"
"Sales",235971,"Jakobus","Achilleas"
"Sales",49164,"Gimarc","Vasilii"
"Sales",265595,"Levergood","Tooru"
"Sales",34834,"Gronowski","Pranav"
"Sales",212077,"Rajcani","Xiong"
"Sales",48909,"Albarhamtoshy","Ghassan"
"Sales",34855,"Kohling","Hitomi"
"Sales",34856,"Flasterstein","Leaf"
"Sales",286777,"Demos","Garnet"
"Sales",265628,"Cronau","Yuuichi"
"Sales",235988,"Nyanchama","Masadi"
"Sales",34915,"Tetzlaff","Christ"
"Sales",489988,"Henders","Girolamo"
"Sales",34934,"Salinas","Mansur"
"Sales",35104,"Terwilliger","Lalit"
"Sales",108406,"Bach","Patricia"
"Sales",35140,"Uchoa","Martien"
"Sales",48874,"Rajcani","Herb"
"Sales",496536,"Gerlach","Bernardo"
"Sales",108396,"Flowers","Jianwen"
"Sales",286801,"Veeraraghavan","Bader"
"Sales",423950,"Marrakchi","Gen"
"Sales",48857,"Restivo","Leszek"
"Sales",297381,"Muhling","Gio"
"Sales",108375,"Ananiadou","Greger"
"Sales",35213,"Bashian","Denis"
"Sales",212209,"Munch","Tran"
"Sales",48836,"Katiyar","Barry"
"Sales",212210,"Vakili","Lokesh"
"Sales",212212,"Serot","Chenyi"
"Sales",265681,"Atrawala","Marsal"
"Sales",291393,"Qiwen","Zeydy"
"Sales",297387,"Klassen","Valdiodio"
"Sales",35442,"Vilarrasa","Masaki"
"Sales",48651,"McClurg","Vitaly"
"Sales",108354,"Poujol","Arch"
"Sales",35473,"Schoegge","Arno"
"Sales",35493,"Bernardinello","Jaihie"
"Sales",268897,"Camurati","Radhika"
"Sales",48628,"Gecsei","Dung"
"Sales",108353,"Denna","Utpal"
"Sales",268898,"Kushnir","Uno"
"Sales",35780,"Tyugu","Duro"
"Sales",35783,"Imataki","Mang"
"Sales",35791,"Vigier","Saeko"
"Sales",286857,"Horswill","Shridhar"
"Sales",35845,"Broder","Srinidhi"
"Sales",108330,"Jiafu","JoAnne"
"Sales",496532,"Melton","Shietung"
"Sales",48571,"Ponthieu","Khun"
"Sales",35903,"Zeilberger","Arumugam"
"Sales",212335,"Ressouche","Valter"
"Sales",35935,"Covnot","Zhilian"
"Sales",212366,"Meszaros","Takahito"
"Sales",36987,"Erde","Brigham"
"Sales",236237,"Spieker","Claude"
"Sales",48548,"Boyle","Basant"
"Sales",236243,"Daescu","Jinxi"
"Sales",212413,"Limongiello","Sanjiv"
"Sales",48547,"Plesums","Kousuke"
"Sales",37343,"Kleiser","Geoff"
"Sales",212417,"Weisert","Becky"
"Sales",212422,"Thorensen","Menkae"
"Sales",268917,"Hasham","Cullen"
"Sales",37403,"Braccini","Mahmut"
"Sales",415744,"Lowrie","Valdiodio"
"Sales",37638,"Manderick","Marin"
"Sales",435000,"Granlund","Zita"
"Sales",286981,"Kavanagh","Udaiprakash"
"Sales",286996,"Jumpertz","Oscar"
"Sales",212447,"Aseltine","Kwangyoen"
"Sales",423963,"Ladret","Debatosh"
"Sales",93534,"Mitsuhashi","Gino"
"Sales",212463,"Avouris","Bodo"
"Sales",48510,"Savasere","Shih"
"Sales",37772,"Stasinski","Cheong"
"Sales",212482,"Angiulli","Lubomir"
"Sales",37969,"Zweizig","Ger"
"Sales",37970,"Woycyznski","Cathie"
"Sales",212484,"Chepyzhov","Saeed"
"Sales",48310,"Bierman","Yechiam"
"Sales",38017,"Himler","Ulf"
"Sales",38036,"Schwartzbauer","Subhada"
"Sales",291426,"Cooman","Geraldo"
"Sales",247411,"Hedayat","Anyuan"
"Sales",38107,"Puppe","Nahla"
"Sales",48306,"Delgrossi","Qiwen"
"Sales",212529,"Piancastelli","Denis"
"Sales",38315,"Yurov","Collette"
"Sales",297394,"Magliocco","Masato"
"Sales",38378,"Mansanne","Kristinn"
"Sales",38394,"Shackell","Xiping"
"Sales",424006,"Levasseur","Sailaja"
"Sales",48271,"Oberman","Tamiya"
"Sales",212583,"Gubsky","Kristinn"
"Sales",212585,"Ranst","Arunas"
"Sales",268969,"Kermarrec","Lein"
"Sales",268987,"Schusler","Shaowen"
"Sales",38859,"Assaf","Hiroyasu"
"Sales",269030,"Masada","Aruna"
"Sales",108070,"Bennis","Khoa"
"Sales",287117,"Kamble","Adas"
"Sales",38915,"Hanratty","Divine"
"Sales",212691,"Maksimenko","Anneli"
"Sales",404947,"Gulak","Boriana"
"Sales",287118,"Hempstead","Duangkaew"
"Sales",18435,"Covnot","Basim"
"Sales",212715,"Slobodova","Alagu"
"Sales",287132,"Binkley","Danco"
"Sales",212718,"Zirintsis","Ult"
"Sales",414150,"Waeselynck","Dietrich"
"Sales",251748,"Welham","Hilary"
"Sales",212745,"Greibach","Marl"
"Sales",39197,"Penttonen","Sadok"
"Sales",39199,"Mawatari","Berry"
"Sales",431712,"Randi","Jaber"
"Sales",48239,"Angiulli","Hongzue"
"Sales",236350,"Shackell","Yifei"
"Sales",291522,"Zirintsis","Lorien"
"Sales",496526,"Thorelli","Mizuhito"
"Sales",287175,"Pluym","Francesca"
"Sales",297470,"Cesareni","Candido"
"Sales",39278,"Guting","Lenore"
"Sales",287181,"Schade","Mariusz"
"Sales",39460,"Kroon","Kwangho"
"Sales",287183,"Grandbois","Chinhyun"
"Sales",212787,"Chaudhuri","DAIDA"
"Sales",13983,"Siepmann","Sarita"
"Sales",254202,"Massonet","DAIDA"
"Sales",212803,"Boreale","Leaf"
"Sales",47978,"Whitcomb","Xiahua"
"Sales",236381,"Stavenow","Breannda"
"Sales",269296,"Budinsky","Genevieve"
"Sales",47965,"Remmers","Kotesh"
"Sales",39794,"Harnett","Henk"
"Sales",39798,"Preusig","Ebru"
"Sales",47964,"Range","Ramachenga"
"Sales",39832,"Antonakopoulos","Wilmer"
"Sales",287225,"McFarlin","Rayond"
"Sales",212835,"Chinal","Divier"
"Sales",287259,"DasSarma","Mircea"
"Sales",39895,"Baaz","Heon"
"Sales",212860,"Strooper","Bluma"
"Sales",212875,"Sudkamp","Jeong"
"Sales",39955,"Erde","Shigeaki"
"Sales",40173,"Pews","Jungsoon"
"Sales",212897,"Cardazo","Martine"
"Sales",431728,"Budinsky","Sadok"
"Sales",47897,"Serna","Arumugam"
"Sales",40245,"Bael","Yucai"
"Sales",247682,"Narahari","Mabhin"
"Sales",40269,"Ghazalie","Toshiki"
"Sales",86410,"Yeung","Alejandro"
"Sales",40469,"Ellozy","Radoslaw"
"Sales",212975,"Lamma","King"
"Sales",496450,"Kisuki","Mori"
"Sales",47889,"Heijenga","Toshimitsu"
"Sales",40503,"Schusler","Janalee"
"Sales",47878,"Underwood","Rasiah"
"Sales",212982,"Covnot","Oguz"
"Sales",212987,"Kornyak","Maik"
"Sales",47825,"Chelton","Yakichi"
"Sales",291578,"Kalorkoti","Moss"
"Sales",424033,"Cooke","Jamaludin"
"Sales",424035,"Heusch","Gil"
"Sales",40975,"Nishimukai","Danai"
"Sales",40977,"Sinicrope","Elvia"
"Sales",424039,"Chartres","Lenore"
"Sales",18388,"Ligten","Danai"
"Sales",213059,"Seiwald","Mitchel"
"Sales",424077,"Oberman","Hideyuki"
"Sales",41076,"Garigliano","Maik"
"Sales",41091,"Niizuma","Jessie"
"Sales",416761,"Rosenbaum","Elrique"
"Sales",496420,"Murtagh","Zdislav"
"Sales",213071,"Demian","Jacqueline"
"Sales",41099,"Rosaz","Lorien"
"Sales",287406,"Slutz","Arra"
"Sales",47552,"Gien","Hongzhu"
"Sales",213076,"Prampolini","Leni"
"Sales",435004,"Haldar","Elvis"
"Sales",41318,"Polupanov","Miquel"
"Sales",47546,"Fairtlough","Phuoc"
"Sales",213100,"Narahara","Persi"
"Sales",287415,"Szemeredi","Lidong"
"Sales",291584,"Lipner","Domenico"
"Sales",236656,"Biron","JoAnne"
"Sales",41380,"Muntz","Gen"
"Sales",41384,"Eiron","Trygve"
"Sales",41412,"Lichtner","Djelloul"
"Sales",297540,"Picht","Cristinel"
"Sales",41453,"Smailagic","Persi"
"Sales",287429,"Oehlmann","Oscar"
"Sales",414175,"Luders","Ipke"
"Sales",41491,"Middleton","Adin"
"Sales",41503,"Acton","Van"
"Sales",291613,"Coors","Rance"
"Sales",41506,"Montemayor","Reinhold"
"Sales",41538,"Valette","Dipankar"
"Sales",41542,"Langford","Gennadi"
"Sales",41558,"Iisaku","Mayumi"
"Sales",93450,"Kieras","Jiakeng"
"Sales",269781,"Lanphier","Xiaobin"
"Sales",41582,"Grabner","Apostol"
"Sales",41598,"Ruemmler","Candido"
"Sales",41602,"Perl","Evgueni"
"Sales",213212,"Lieblein","Kazuhito"
"Sales",213228,"Iwayama","Itzchak"
"Sales",41660,"Schreiter","Manibrata"
"Sales",47494,"Itzfeldt","Adib"
"Sales",269789,"England","Vishv"
"Sales",416764,"Meszaros","Mitchel"
"Sales",41698,"Ramsey","Takahira"
"Sales",236663,"Larfeldt","Akeno"
"Sales",424091,"Cooke","Fabrizio"
"Sales",269817,"Savasere","Shigehito"
"Sales",41729,"Kushner","Sushant"
"Sales",213329,"Roohalamini","Tonny"
"Sales",41750,"Shokrollahi","Shai"
"Sales",107960,"Gomatam","Jayesh"
"Sales",41758,"Choobineh","Leni"
"Sales",213349,"Speer","Shigeichiro"
"Sales",47493,"Salvesen","Shugo"
"Sales",269834,"Erde","Wuxu"
"Sales",41815,"Basawa","Quingbo"
"Sales",425133,"Trelles","Guoxiang"
"Sales",13951,"Genther","Mooi"
"Sales",107747,"Erman","Cathie"
"Sales",496393,"Szmurlo","Kagan"
"Sales",425136,"Norsworthy","Terresa"
"Sales",41933,"Wallrath","Feiyu"
"Sales",47433,"Rosen","Kazuhira"
"Sales",42138,"Leslie","Felicidad"
"Sales",287798,"Duclos","Shushma"
"Sales",236680,"Assaf","Jessie"
"Sales",107730,"Msuda","Zhenbing"
"Sales",287825,"Jayawardene","Ramalingam"
"Sales",287827,"Welham","Ingmar"
"Sales",47417,"Snyers","Hilari"
"Sales",213820,"Baranowski","Nahum"
"Sales",42293,"Basawa","Annemarie"
"Sales",269861,"Azadmanesh","Elrique"
"Sales",213864,"Isard","Marl"
"Sales",236699,"Vrecion","Valdiodio"
"Sales",42334,"Delaune","Gaurav"
"Sales",415764,"Brlek","Eran"
"Sales",496385,"Heydon","Uriel"
"Sales",42403,"Peak","Fun"
"Sales",213922,"Penttonen","Xiahua"
"Sales",42417,"Zirintsis","Shaibal"
"Sales",213926,"Wielonsky","Torsten"
"Sales",47137,"Marchegay","Valter"
"Sales",47131,"Yoshizawa","Tsutomu"
"Sales",269872,"Thambidurai","Shridhar"
"Sales",42518,"Ellozy","Shuho"
"Sales",42571,"Vilarrasa","Shahab"
"Sales",42606,"Hartvigsen","Moti"
"Sales",42624,"Chachaty","Brewster"
"Sales",107633,"Cooke","Mabo"
"Sales",270389,"Dayana","Zissis"
"Sales",404832,"Schmiedel","Oscal"
"Sales",47112,"Sullins","Randi"
"Sales",42829,"Panangaden","Mats"
"Sales",42867,"Sommen","Garnik"
"Sales",287911,"Murrill","Pradeep"
"Sales",496361,"Barreiro","Kayoko"
"Sales",270459,"Bennet","Xinglin"
"Sales",287923,"Kambil","Aram"
"Sales",213981,"Melski","Kazuyasu"
"Sales",47104,"Improta","Along"
"Sales",213991,"Erbe","Miyeon"
"Sales",42959,"Garrabrants","Arlette"
"Sales",414188,"Juneja","Taizo"
"Sales",43200,"Plessier","Geraldo"
"Sales",43249,"Vitiello","Bedrich"
"Sales",47060,"Weiland","Satyanarayana"
"Sales",270473,"Pepe","Anoosh"
"Sales",46805,"Suppi","Dmitry"
"Sales",43319,"Strooper","Fayez"
"Sales",214085,"Baaz","Saeed"
"Sales",43370,"Waleschkowski","Udi"
"Sales",46792,"Gonthier","Martins"
"Sales",43372,"Fadgyas","Mahendra"
"Sales",287970,"Stafford","Tonia"
"Sales",287979,"Chiola","Valeska"
"Sales",43411,"Peral","Otilia"
"Sales",46787,"Pezzoli","Leen"
"Sales",107377,"Katiyar","Irene"
"Sales",43659,"Pouyioutas","Aron"
"Sales",236741,"Toyoshima","Gadiel"
"Sales",43692,"Francisci","Weicheng"
"Sales",496341,"Rosay","Oddvar"
"Sales",43703,"Menyhert","Hongzhu"
"Sales",43705,"Awdeh","Roddy"
"Sales",43717,"Beetstra","Gio"
"Sales",270504,"Olivero","Geoff"
"Sales",270515,"Vesna","Jacopo"
"Sales",425170,"Baby","Mandell"
"Sales",43749,"Hennebert","Jayson"
"Sales",270527,"Strandh","Hinrich"
"Sales",107333,"Frezza","Menkae"
"Sales",214251,"Vidal","Zorica"
"Sales",270528,"Narwekar","Weiru"
"Sales",43906,"Gyorkos","Insup"
"Sales",270530,"Randt","Mara"
"Sales",93414,"Biron","IEEE"
"Sales",270548,"Schueller","Boutros"
"Sales",270894,"DuBourdieux","Mads"
"Sales",214334,"Atchley","Pascal"
"Sales",46678,"Munch","Arto"
"Sales",214340,"Ernst","Arra"
"Sales",291720,"Ranst","Shaibal"
"Sales",107224,"Assaf","Phuoc"
"Sales",270923,"Lund","Boriana"
"Sales",403835,"Yurov","Sadegh"
"Sales",270945,"Baja","Doowon"
"Sales",489937,"Wossner","Weicheng"
"Sales",270955,"Leppanen","Mabo"
"Sales",44103,"Tsunoo","Anyuan"
"Sales",44115,"Morris","Rafael"
"Sales",44125,"Conia","Douadi"
"Sales",18319,"Valiente","Jaroslava"
"Sales",44131,"Kuhnemann","Raimond"
"Sales",414197,"Trumbly","Genki"
"Sales",44145,"Zockler","Heeju"
"Sales",44154,"Aloia","Yefim"
"Sales",496313,"Shobatake","Tetsushi"
"Sales",288142,"Heystek","Shay"
"Sales",297580,"Seiwald","Zhonghui"
"Sales",214495,"Scallan","Abdelghani"
"Sales",12229,"Pfau","Howell"
"Sales",496269,"Broder","Yechezkel"
"Sales",297600,"Birke","Tsvetan"
"Sales",44320,"Skrikant","Kien"
"Sales",107198,"Seghrouchni","Duri"
"Sales",291753,"Munke","Abdelkader"
"Sales",46384,"Millington","Rosalyn"
"Sales",271012,"Eterovic","Xiaocheng"
"Sales",489915,"Ebeling","Etsuo"
"Sales",46375,"Picci","Rasiah"
"Sales",46356,"Przulj","Sham"
"Sales",288188,"Bakhtari","Kerhong"
"Sales",44518,"Docker","Deniz"
"Sales",93363,"Syrotiuk","Zissis"
"Sales",214678,"Bolsens","Kristina"
"Sales",271025,"Hartvigsen","Martine"
"Sales",44583,"McAffer","Becky"
"Sales",214694,"Schade","Akeno"
"Sales",46321,"Yamaashi","Weicheng"
"Sales",44618,"Rothenberg","Shen"
"Sales",44632,"Danlos","Patricio"
"Sales",291763,"Haumacher","Kazuhisa"
"Sales",288206,"Tiemann","Jouni"
"Sales",236883,"Olivero","Huan"
"Sales",44907,"Nyrup","Rafols"
"Sales",247737,"Perry","Weiru"
"Sales",86402,"Trelles","Xuejia"
"Sales",214761,"Whitcomb","Shem"
"Sales",44936,"Piveteau","Frazer"
"Sales",214769,"Peir","Augustine"
"Sales",247752,"Isaak","Prasadram"
"Sales",214794,"Ibel","Val"
"Sales",45164,"Sidou","Yakkov"
"Sales",214829,"Remmers","Aemilian"
"Sales",46056,"Spinelli","Hongzhu"
"Sales",496247,"Spinelli","Gil"
"Sales",45190,"Fiebach","Koichi"
"Sales",415778,"Narahari","Chikara"
"Sales",236916,"Panangaden","Ohad"
"Sales",12645,"Decaestecker","Kyoichi"
"Sales",45247,"Kornatzky","Fabrizio"
"Sales",214868,"Marsiglia","Murthy"
"Sales",214874,"Ventosa","Hironoby"
"Sales",45260,"Nergos","Shuji"
"Sales",107163,"dAstous","Honglan"
"Sales",45311,"Talmor","Zengping"
"Sales",46041,"Rullman","Sachio"
"Sales",496242,"Comyn","Angel"
"Sales",45335,"Rijsenbrij","Jinxi"
"Sales",297659,"Willoner","Kerryn"
"Sales",46038,"Buescher","Aamod"
"Sales",496194,"Maliniak","Paddy"
"Sales",425261,"Pramanik","Gunilla"
"Sales",288313,"Gulak","Tuval"
"Sales",288315,"Mellouli","Dharmaraja"
"Sales",45463,"Castellani","Zhanqiu"
"Sales",45470,"Birta","Aron"
"Sales",288331,"Varker","Edwin"
"Sales",251828,"Suessmith","Subhankar"
"Sales",288367,"Pews","Nirmal"
"Sales",214930,"Gini","Zhaofang"
"Sales",45587,"Puppe","Uinam"
"Sales",45615,"Herath","Kellie"
"Sales",288379,"Gyimothy","Mariangiola"
"Sales",425262,"Rahier","Thanasis"
"Sales",425266,"Deverell","Sanjai"
"Sales",45851,"Ranum","Xiaoqiu"
"Sales",45871,"Rubsam","Reinhold"
"Sales",214957,"Schapire","Akemi"
"Sales",46015,"Masand","Weiye"
"Sales",18304,"Kowalchuk","Moon"
"Sales",45947,"Azumi","Shao"
"Sales",288389,"Pietracaprina","Guther"
"Sales",45802,"Masaki","TRUE"
"Sales",45981,"Swiss","Baoqiu"
"Sales",46149,"Plessier","Doohun"
"Sales",93136,"Senzako","Chaosheng"
"Sales",45800,"Birjandi","Dante"
"Sales",215547,"Varley","Palash"
"Sales",288431,"Meszaros","Gaetan"
"Sales",215585,"Lampe","Khosrow"
"Sales",496129,"Skafidas","Suzette"
"Sales",45767,"Kropf","Xiaopeng"
"Sales",215600,"Lampe","Fay"
"Sales",496116,"Serna","Bader"
"Sales",46533,"Edelhoff","Lunjin"
"Sales",271185,"Zolotykh","Mara"
"Sales",45692,"Malabarba","Lucien"
"Sales",46597,"Yoshimura","Falguni"
"Sales",46607,"Peres","Phule"
"Sales",107096,"Huhdanpaa","Ranan"
"Sales",46631,"Perelgut","Aris"
"Sales",215672,"Pellegrinelli","Martien"
"Sales",215684,"Krider","Zvonko"
"Sales",18297,"Nastansky","Guther"
"Sales",107075,"Meszaros","Navin"
"Sales",46888,"Foote","Ortrun"
"Sales",107056,"Pesch","Xumin"
"Sales",215721,"Sanella","Nathalie"
"Sales",215728,"Choobineh","Harjit"
"Sales",288502,"Conti","Thanasis"
"Sales",45083,"Belinskaya","Narain"
"Sales",46981,"Sudbeck","Chirstian"
"Sales",47153,"Rotem","Premsyl"
"Sales",215737,"Remmers","Avishai"
"Sales",47161,"Syrzycki","Masako"
"Sales",47165,"Picel","Vasilii"
"Sales",12620,"Swick","Shahaf"
"Sales",47177,"Thimonier","Harjit"
"Sales",431405,"Noriega","Przemyslawa"
"Sales",107047,"Ghelli","Olivera"
"Sales",45080,"Maraist","Junsik"
"Sales",271271,"Seghrouchni","Yurii"
"Sales",496066,"Kroha","Doohun"
"Sales",271276,"Fandrianto","Rayond"
"Sales",288528,"Birdsall","Jiafu"
"Sales",45041,"Swab","Garnet"
"Sales",45031,"Besancenot","Yaghout"
"Sales",215864,"Detkin","Mihalis"
"Sales",45022,"Rullman","Parke"
"Sales",107012,"Ertl","Martine"
"Sales",489884,"Parascandalo","Marl"
"Sales",271296,"Demri","Billur"
"Sales",44979,"Pero","Isamu"
"Sales",48071,"Dulay","Rafail"
"Sales",215897,"Emmart","Hsiangchu"
"Sales",44793,"Akazan","Sumali"
"Sales",48124,"Hofmeyr","Hairong"
"Sales",48138,"Merli","Richard"
"Sales",48155,"Riesenhuber","Sachar"
"Sales",271317,"Bain","Heeju"
"Sales",48331,"Masaki","Jiafu"
"Sales",291835,"Cools","Iara"
"Sales",48398,"Paciorek","Vasilis"
"Sales",288591,"Wilfing","Nagui"
"Sales",48408,"Madeira","Tzu"
"Sales",48442,"Shrader","Leni"
"Sales",215932,"Bael","Oddvar"
"Sales",288613,"Narahari","Randy"
"Sales",48473,"Glinert","Yishai"
"Sales",288618,"Thiria","Mountaz"
"Sales",288619,"Zyda","Dulce"
"Sales",48664,"Vickson","Steve"
"Sales",426660,"Hooghiemstra","Erzsebet"
"Sales",48683,"Garnham","Peer"
"Sales",48739,"Huhdanpaa","Bodo"
"Sales",44661,"Perfilyeva","Ghassan"
"Sales",216000,"Melichar","Gal"
"Sales",489676,"Jonsson","Vishwani"
"Sales",271385,"Sgarro","Abdelwaheb"
"Sales",403841,"Butterworth","Giri"
"Sales",414255,"Spelt","Mats"
"Sales",43605,"Rodite","Boalin"
"Sales",291859,"Demir","Goa"
"Sales",216049,"Kushner","Bernt"
"Sales",49039,"Huttel","Mountaz"
"Sales",403861,"Nitta","Stabislas"
"Sales",49090,"Gustavson","Sailaja"
"Sales",43568,"Fendler","Lidong"
"Sales",49154,"Heiserman","Shem"
"Sales",414269,"Flowers","Jamaludin"
"Sales",216146,"Angelopoulos","Kazuyasu"
"Sales",248067,"Georg","Atreyi"
"Sales",106939,"Beausoleil","Zhilian"
"Sales",49439,"Speek","Turgut"
"Sales",426680,"Demri","Genevieve"
"Sales",288729,"Cromarty","Stepehn"
"Sales",49451,"Wielonsky","Dinkar"
"Sales",415808,"Bazelow","Masadi"
"Sales",43537,"Dulli","Phule"
"Sales",49478,"Perna","Gor"
"Sales",271532,"Heering","Bilhanan"
"Sales",271541,"Cronau","Vidya"
"Sales",253721,"Peris","Hyuncheol"
"Sales",49884,"Skogmar","Jayson"
"Sales",106873,"Chinal","Joydip"
"Sales",49896,"Underwood","Sadok"
"Sales",49920,"Babu","Dekang"
"Sales",403867,"Chartres","Valeri"
"Sales",487689,"Pietracaprina","Cedric"
"Sales",49948,"Vendrig","Spyrose"
"Sales",43107,"Verspoor","Tooru"
"Sales",298208,"Lipner","Roddy"
"Sales",43079,"Schoegge","Subhankar"
"Sales",433825,"Szilard","Lillian"
"Sales",216326,"Zizka","Pantung"
"Sales",248094,"Lupu","Valeska"
"Sales",216328,"Rajaraman","Fox"
"Sales",271608,"Speckmann","Susanna"
"Sales",50244,"Jarecki","Uwe"
"Sales",50264,"Vieth","Mohamadou"
"Sales",216385,"Leijenhorst","Youssef"
"Sales",106846,"Bahi","Eldridge"
"Sales",237101,"Conte","Joydip"
"Sales",216417,"Koshino","Miquel"
"Sales",43052,"Baezner","Toong"
"Sales",271630,"Peac","Fai"
"Sales",50527,"Mahnke","Yongmin"
"Sales",237117,"Braccini","Maria"
"Sales",254645,"Kirkerud","Alassane"
"Sales",496015,"Erdi","Qunsheng"
"Sales",216435,"Schauser","Idoia"
"Sales",216441,"Hutter","Vitali"
"Sales",216498,"Imataki","Mads"
"Sales",298239,"Zolotykh","Aamod"
"Sales",50650,"Kornyak","Masaru"
"Sales",216541,"Gist","Yinghua"
"Sales",216547,"Luga","Martijn"
"Sales",289190,"Hettesheimer","Zhenhua"
"Sales",289192,"Sadowsky","Mack"
"Sales",50900,"Vigier","Uzi"
"Sales",43020,"Werthner","Sukumar"
"Sales",51174,"Erol","Shugo"
"Sales",289198,"Poehlman","Rafael"
"Sales",51206,"Lieblein","Gretta"
"Sales",51239,"Bierbaum","Fatemeh"
"Sales",216598,"Vural","Zita"
"Sales",106834,"Gips","Nalini"
"Sales",216618,"Sidhu","Ranan"
"Sales",271694,"Gilg","Abdulah"
"Sales",279001,"Peres","Jasminko"
"Sales",283266,"Falster","Uzi"
"Sales",435646,"Luby","Herbert"
"Sales",435616,"Kinley","Jungsoon"
"Sales",411239,"Pietracaprina","Tzvetan"
"Sales",497609,"Rosiles","Georgi"
"Sales",276096,"Feldmann","Marsal"
"Sales",435602,"Kranzdorf","Dietrich"
"Sales",473827,"Himler","Branimir"
"Sales",460742,"Schonegge","Adhemar"
"Sales",464841,"Milicic","Breannda"
"Sales",473834,"Zobel","Kish"
"Sales",460709,"Melski","Edwin"
"Sales",412731,"Erva","Geoffrey"
"Sales",480781,"Provine","Herb"
"Sales",275902,"Stamatiou","Shigeichiro"
"Sales",458481,"Valiente","Kannan"
"Sales",480804,"Baez","Piyush"
"Sales",471604,"Kropatsch","Nevio"
"Sales",294453,"Dymetman","Xuejia"
"Sales",481036,"Eickenmeyer","Eben"
"Sales",481054,"Zeilberger","Along"
"Sales",275894,"Usdin","Ranga"
"Sales",412866,"Lyonns","Torsten"
"Sales",473837,"Hegner","Shao"
"Sales",278876,"Cardazo","Vojin"
"Sales",472570,"Kitai","Amabile"
"Sales",464888,"Matzov","Morris"
"Sales",275880,"Picaronny","Geraldo"
"Sales",435506,"Kopetz","Herb"
"Sales",481055,"Unni","Almudena"
"Sales",435372,"Naumovich","Takahiro"
"Sales",412998,"Krohm","Taizo"
"Sales",481079,"Fiutem","Sibyl"
"Sales",283318,"Collette","Leif"
"Sales",435337,"Panienski","Masamitsu"
"Sales",489840,"Solares","Shaz"
"Sales",275859,"Bahl","Weidon"
"Sales",435313,"Vitiello","Fun"
"Sales",435307,"Baja","Hsiangchu"
"Sales",275858,"Krupka","Tse"
"Sales",435302,"Dymetman","Roded"
"Sales",458452,"Suwa","Mamdouh"
"Sales",278831,"Badache","Sanjoy"
"Sales",435279,"Ramamoorthy","Boguslaw"
"Sales",435269,"Pettey","Pragnesh"
"Sales",294492,"Angelopoulos","Eishiro"
"Sales",472849,"Peac","Jinya"
"Sales",278808,"Fendler","Baocai"
"Sales",282805,"Jarecki","Feiyu"
"Sales",435154,"Vesel","Shigenori"
"Sales",278769,"Keirsey","Hitomi"
"Sales",481360,"Schlenzig","Jaewoo"
"Sales",415283,"Demos","Jeanna"
"Sales",481368,"Brender","Danae"
"Sales",489863,"Murthy","Duangkaew"
"Sales",278717,"Roohalamini","Weiye"
"Sales",415313,"Zuberek","Luerbio"
"Sales",415314,"Milicic","Marl"
"Sales",435055,"Kavanagh","Tiina"
"Sales",275808,"Swiler","Vitali"
"Sales",481375,"Wilharm","Narain"
"Sales",294510,"Ritcey","Koichi"
"Sales",275777,"Mellouli","Boalin"
"Sales",434998,"Pagter","Sedat"
"Sales",415398,"Schmezko","Yahiko"
"Sales",434960,"Shinomoto","Indrajit"
"Sales",263306,"Kuhnemann","Mong"
"Sales",465045,"Barinka","Jouni"
"Sales",278696,"Melichar","Mara"
"Sales",481417,"Cardazo","Boguslaw"
"Sales",460668,"Ranai","Mingsen"
"Sales",434847,"Peyn","Mats"
"Sales",434845,"Skogmar","Takushi"
"Sales",259099,"Pluym","Parto"
"Sales",416330,"Pollock","Candida"
"Sales",481436,"Teitelbaum","Mohd"
"Sales",434645,"Perry","Vidya"
"Sales",290079,"Taubman","Muneo"
"Sales",416368,"Pelc","Abdelaziz"
"Sales",275390,"Speek","Moty"
"Sales",278622,"Keustermans","Toshiki"
"Sales",263078,"Vieth","Kristine"
"Sales",497646,"Rattan","Saddek"
"Sales",284672,"Laurillard","Shawna"
"Sales",275369,"Kermarrec","Pohua"
"Sales",471964,"Leaver","Janche"
"Sales",291653,"Strehl","Rafael"
"Sales",481467,"Polajnar","Margareta"
"Sales",434484,"Rosen","Radhia"
"Sales",294575,"Aamodt","Parke"
"Sales",465119,"Portugali","Radhakrishnan"
"Sales",434298,"Angelopoulos","Guenter"
"Sales",434285,"Yurek","Kien"
"Sales",294591,"Schiettecatte","Premsyl"
"Sales",481487,"Bugrara","TRUE"
"Sales",434284,"Baranowski","Sudharsan"
"Sales",470930,"Molberg","Mabhin"
"Sales",460417,"Anido","Baziley"
"Sales",275368,"Kalafatis","Xiaoqiang"
"Sales",434252,"Eickenmeyer","Jenwei"
"Sales",465156,"Poupard","Luerbio"
"Sales",416743,"Redmiles","Hauke"
"Sales",291657,"Peac","Evgueni"
"Sales",434213,"Bernick","JoAnna"
"Sales",434203,"Farrel","Goh"
"Sales",416949,"Salvesen","Guttorm"
"Sales",461143,"Georg","Zito"
"Sales",416966,"Murtafg","Kristof"
"Sales",470918,"Hainaut","Martien"
"Sales",481721,"Matzat","Odoardo"
"Sales",417020,"Herber","Reinhard"
"Sales",434177,"McConalogue","Rafael"
"Sales",458382,"Krider","Nimmagadda"
"Sales",294654,"Orsini","Sivanarayana"
"Sales",465162,"Hashii","Iara"
"Sales",433952,"Staudhammer","Claudi"
"Sales",433938,"Azadmanesh","Venkatesan"
"Sales",433883,"Straney","Narain"
"Sales",294679,"Gelosh","Dinkar"
"Sales",481784,"dAstous","Mizuhito"
"Sales",481811,"Imataki","Oldrich"
"Sales",461144,"Baar","Marla"
"Sales",458376,"Hofman","Arnould"
"Sales",291661,"Siepmann","Guozhong"
"Sales",481823,"DeMori","Keung"
"Sales",417360,"Fiebach","Youssef"
"Sales",417402,"Uhrik","Willard"
"Sales",284798,"Zhiwei","Fumiya"
"Sales",433862,"Ghemri","Gou"
"Sales",263800,"Baalen","Mari"
"Sales",465200,"Panienski","Jasminko"
"Sales",417598,"Panwar","Gro"
"Sales",253978,"Stroustrup","JoAnne"
"Sales",417611,"Stenning","Sven"
"Sales",278468,"Armand","Herb"
"Sales",460361,"Vieth","Roddy"
"Sales",433812,"Templeman","Bojan"
"Sales",433806,"Hmelo","Conor"
"Sales",482521,"Simmel","Sanjai"
"Sales",433784,"Luce","Martine"
"Sales",294715,"Solovay","Premsyl"
"Sales",417665,"Strehl","Bader"
"Sales",459895,"Chinin","Werner"
"Sales",465215,"Prochazka","Cedric"
"Sales",482526,"Leijenhorst","Youssef"
"Sales",482535,"Rajcani","Youjian"
"Sales",433781,"Chleq","Vasilis"
"Sales",417701,"Stafford","Juichirou"
"Sales",278416,"Conte","Hairong"
"Sales",417734,"Tokunaga","Maren"
"Sales",417742,"Kossowski","Tetsurou"
"Sales",417916,"Biron","Rance"
"Sales",433732,"Chepyzhov","Miquel"
"Sales",417921,"Koblick","Shahab"
"Sales",284842,"Argence","Aluzio"
"Sales",433679,"Katzenelson","Serenella"
"Sales",433637,"Kolinko","Geoffry"
"Sales",417957,"Tibblin","Ennio"
"Sales",433630,"Aingworth","Bilhanan"
"Sales",294740,"Collavizza","Garnik"
"Sales",433610,"Schmittgen","Jinpo"
"Sales",460356,"Larfeldt","Uma"
"Sales",278401,"Murrill","Leszek"
"Sales",418000,"Alpin","Yuichiro"
"Sales",418019,"Ecklund","Kristina"
"Sales",418039,"Ramalingam","Shuichi"
"Sales",282747,"Quaggetto","Supot"
"Sales",433467,"Nilsson","Bader"
"Sales",278367,"Thiria","Fumiyo"
"Sales",433439,"Speel","Armond"
"Sales",471978,"Taubenfeld","Margo"
"Sales",282735,"Hoppenstand","Fatemeh"
"Sales",291683,"Masand","Denny"
"Sales",482634,"Spell","Subir"
"Sales",418080,"Piazza","Youjian"
"Sales",482640,"Chandrasekhar","Shmuel"
"Sales",294796,"Curless","Yuchang"
"Sales",418114,"Braunmuhl","Xiadong"
"Sales",458306,"Duclos","Giri"
"Sales",418124,"Kalafatis","Billur"
"Sales",278283,"Gammage","Marjo"
"Sales",418156,"Brendel","Srinidhi"
"Sales",482643,"Binding","DAIDA"
"Sales",460272,"Molberg","Idoia"
"Sales",259038,"Koprowski","Mihalis"
"Sales",482658,"Aingworth","Wanqing"
"Sales",273426,"Quaggetto","Akhilish"
"Sales",465274,"Dusink","Kaijung"
"Sales",273424,"Fetvedt","Genta"
"Sales",460252,"Schoegge","Jaewoo"
"Sales",278251,"Picaronny","DeForest"
"Sales",433283,"Conti","Ymte"
"Sales",273423,"Mitzlaff","Kwangyoen"
"Sales",418244,"Pokrovskii","Zissis"
"Sales",433225,"Bazelow","Conor"
"Sales",418785,"Billingsley","Susanna"
"Sales",294828,"Chvatal","King"
"Sales",418799,"Kakkar","Uzi"
"Sales",278249,"Nitto","Constantijn"
"Sales",460233,"Hebert","Xudong"
"Sales",433214,"Hofmeyr","Girolamo"
"Sales",433202,"Valtorta","Danel"
"Sales",460229,"Avouris","Aimee"
"Sales",278245,"Selenyi","Nechama"
"Sales",482669,"Rosaz","Piyush"
"Sales",483240,"Ruemmler","Urs"
"Sales",278190,"Terkki","Shigehito"
"Sales",483257,"Lorcy","Susanne"
"Sales",498813,"Couchot","Slavian"
"Sales",278152,"Farrow","Lena"
"Sales",432779,"Crabtree","Ottavia"
"Sales",483301,"Ferriere","Golgen"
"Sales",432776,"Kemmerer","Leszek"
"Sales",483353,"Litvinov","Mizuhito"
"Sales",490415,"Fendler","Yunming"
"Sales",432744,"Fiebach","Arch"
"Sales",294847,"Swist","Kotesh"
"Sales",278095,"Merel","Nagui"
"Sales",294853,"Bratten","Kristine"
"Sales",484039,"Eiter","Mohd"
"Sales",460133,"Bojadziev","Weicheng"
"Sales",484058,"Rothe","Odinaldo"
"Sales",484067,"Akiyama","Terresa"
"Sales",459588,"Sgarro","Shuji"
"Sales",465482,"Bail","Xinglin"
"Sales",294893,"Marwedel","Hironoby"
"Sales",432449,"Vanwelkenhuysen","Serap"
"Sales",419578,"Ullian","Elgin"
"Sales",432447,"Reghbati","Elliott"
"Sales",253824,"Khalil","Bodh"
"Sales",420271,"Syrzycki","Bernd"
"Sales",420276,"Pocchiola","Genki"
"Sales",458241,"Junet","Khalil"
"Sales",273229,"Merey","Bowen"
"Sales",420324,"Ravishankar","Aris"
"Sales",432411,"Krichel","Golgen"
"Sales",278044,"Fabrizio","Claudi"
"Sales",432337,"Porenta","Francesca"
"Sales",484117,"Bamford","Arfst"
"Sales",420373,"Cherinka","Munehiko"
"Sales",432106,"Thorelli","Kirk"
"Sales",473931,"Zumaque","Shaz"
"Sales",273227,"Bratten","Ulf"
"Sales",420394,"Worfolk","Khun"
"Sales",461220,"Perelgut","Alassane"
"Sales",278031,"Chandrasekhar","Marco"
"Sales",420415,"Vitiello","Olivera"
"Sales",420767,"Baalen","Dung"
"Sales",432073,"Vendrig","Leif"
"Sales",490428,"Isaac","Dzung"
"Sales",460099,"Ecklund","Marsha"
"Sales",291689,"Fiutem","Parto"
"Sales",432047,"Redmiles","Soenke"
"Sales",273226,"Mahmud","Mingzeng"
"Sales",420843,"Gecseg","Lech"
"Sales",263061,"Jenevein","Xiaobin"
"Sales",484136,"Waschkowski","Fox"
"Sales",431996,"Nergos","Pascal"
"Sales",473998,"Angot","Shaunak"
"Sales",294956,"Felder","Hidde"
"Sales",277996,"Straney","Naftaly"
"Sales",294958,"Zuberek","Constantine"
"Sales",484183,"Cronin","Udi"
"Sales",420921,"Lamba","Niranjan"
"Sales",431708,"Lambe","Richara"
"Sales",497596,"Rotem","Fumino"
"Sales",258825,"Riexinger","Odinaldo"
"Sales",273210,"Mapelli","Roselyn"
"Sales",465646,"Dayang","Sakthirel"
"Sales",294961,"Demizu","Honesty"
"Sales",277897,"Lunt","Berry"
"Sales",420987,"Stamatiou","Frazer"
"Sales",420995,"Litecky","Berto"
"Sales",420998,"Pena","Anoosh"
"Sales",484388,"Hainaut","Avishai"
"Sales",294964,"Dratva","Nikolaos"
"Sales",421018,"Tokunaga","Shih"
"Sales",431520,"Christ","Dhritiman"
"Sales",263329,"Brookman","Gererd"
"Sales",431490,"Sanella","Sangeeta"
"Sales",431480,"Christ","Zhigen"
"Sales",471711,"Unni","Kwangyoen"
"Sales",283422,"Schwabacher","Arumugam"
"Sales",431453,"Ernst","Demos"
"Sales",431436,"Ramamoorthy","Masaki"
"Sales",498103,"Kropp","Guttorm"
"Sales",484396,"Lortz","Janalee"
"Sales",258777,"Lieberherr","Manibrata"
"Sales",273179,"Valiente","Steen"
"Sales",431342,"Mapelli","Yoshinari"
"Sales",273143,"Foote","Ramya"
"Sales",421147,"Perin","Teiji"
"Sales",490475,"Gire","Otmar"
"Sales",421163,"Kambil","Nimmagadda"
"Sales",277845,"Fordan","Weiye"
"Sales",421172,"Danley","Heejo"
"Sales",431324,"Cooman","Xiahua"
"Sales",289966,"Stafford","Berna"
"Sales",295019,"Stroustrup","Moni"
"Sales",431293,"Schlenzig","Tetsurou"
"Sales",258742,"Danecki","Avishai"
"Sales",291205,"Eterovic","Marko"
"Sales",421210,"Constantine","Xiong"
"Sales",291317,"Gniady","Lenore"
"Sales",277843,"Ligten","Gil"
"Sales",431214,"DuCasse","Navid"
"Sales",484441,"Socorro","Rosita"
"Sales",421445,"Liesche","Danai"
"Sales",431203,"Kitsuregawa","Arne"
"Sales",484459,"Improta","Sanjoy"
"Sales",430954,"Pardalos","Keung"
"Sales",460031,"Cooke","Dekang"
"Sales",258741,"Ermel","Xiaoheng"
"Sales",421511,"Cooley","Boutros"
"Sales",461259,"Sooriamurthi","Chaitali"
"Sales",421517,"Marchesini","Olivera"
"Sales",421530,"Dalton","Zhensheng"
"Sales",295060,"Conia","Kristian"
"Sales",465817,"Yavatkar","Geoff"
"Sales",277836,"Ibel","Claudi"
"Sales",430912,"Zschoche","Bangqing"
"Sales",277826,"Tokunaga","Flemming"
"Sales",277815,"Hebden","Stein"
"Sales",498104,"Rosca","Aamer"
"Sales",421588,"Pintelas","Hisao"
"Sales",273100,"Denny","Subir"
"Sales",465836,"Klerer","Shahid"
"Sales",421596,"Radivojevic","Van"
"Sales",421775,"Baak","Gretta"
"Sales",430861,"Covnot","Baocai"
"Sales",430850,"Siegrist","Mohamadou"
"Sales",273072,"Budinsky","Aleksandar"
"Sales",430782,"Rando","Khue"
"Sales",430755,"Sommer","Horward"
"Sales",258716,"Rabehasaina","Shawna"
"Sales",461261,"Hedayat","Vitali"
"Sales",430746,"DiGiano","Shahar"
"Sales",430721,"Chachaty","Boriana"
"Sales",484866,"Alpay","Hatem"
"Sales",430705,"Panienski","Jixiang"
"Sales",471694,"Kaiser","Tsvetan"
"Sales",484868,"Lindenbaum","Arch"
"Sales",273067,"Barinka","Matk"
"Sales",285169,"Gronowski","Marlo"
"Sales",484889,"Dichev","Gay"
"Sales",277716,"Linares","Ziva"
"Sales",272645,"Leuchs","Luigi"
"Sales",459976,"Broomell","Amstein"
"Sales",474146,"Emiris","Nathan"
"Sales",421917,"Weiland","Sverrir"
"Sales",295083,"Yetto","Zhigen"
"Sales",461438,"Coney","Kiyomitsu"
"Sales",277693,"Zobel","Shalesh"
"Sales",430644,"Krichel","Alain"
"Sales",295092,"Baer","Xianlong"
"Sales",465973,"Lenart","Uno"
"Sales",430588,"Marakhovsky","Larisa"
"Sales",430554,"Rathonyi","Val"
"Sales",470860,"Gornas","Shugo"
"Sales",430537,"Goodrum","Shahaf"
"Sales",258670,"Gaughan","Qingxiang"
"Sales",459946,"Schlenzig","Weiye"
"Sales",422151,"Berstel","Keiichiro"
"Sales",430445,"Papsdorf","Sangeeta"
"Sales",430422,"Schieder","Patricia"
"Sales",430420,"Ertl","Dhritiman"
"Sales",458126,"Anick","Adit"
"Sales",466009,"Pelc","Aria"
"Sales",430382,"Dulin","Bangqing"
"Sales",422179,"Thombley","Jaques"
"Sales",484955,"Templeman","IEEE"
"Sales",422212,"Isard","Youngkon"
"Sales",422220,"Kamble","Fabrizio"
"Sales",295102,"Heinisuo","Vojin"
"Sales",459942,"Merli","Geoffry"
"Sales",484968,"Range","Zdislav"
"Sales",272625,"Roccetti","Hitomi"
"Sales",466032,"Swist","Boaz"
"Sales",490539,"Androutsos","Ortrud"
"Sales",430305,"Kermarrec","Pohua"
"Sales",430241,"Thombley","Mack"
"Sales",459558,"Candan","Uinam"
"Sales",272623,"Giarratana","Zdislav"
"Sales",282683,"Biran","Danny"
"Sales",272618,"Rouquie","DAIDA"
"Sales",430150,"Oppitz","Xiaopeng"
"Sales",430125,"Pews","Fumiya"
"Sales",430118,"Krybus","Venkatesan"
"Sales",430116,"Spataro","Masoud"
"Sales",258495,"Makinen","Toshimi"
"Sales",422349,"Straney","Mani"
"Sales",277644,"Schlegelmilch","Francoise"
"Sales",430051,"Rodier","Muneo"
"Sales",277638,"Sewelson","Manu"
"Sales",430049,"Katzenelson","Mamdouh"
"Sales",430032,"Gimarc","Mingzeng"
"Sales",295148,"Acton","Kolar"
"Sales",422425,"Wilharm","Marl"
"Sales",289898,"McConalogue","Manohar"
"Sales",422444,"Mahnke","Bogdan"
"Sales",277577,"Ruemmler","Arvin"
"Sales",459237,"Giarratana","Shuzo"
"Sales",459541,"Hutton","Seongbae"
"Sales",459234,"Slaats","Chiradeep"
"Sales",429969,"Marwedel","Mingzeng"
"Sales",422490,"Plavsic","Oddvar"
"Sales",459130,"Marciano","Kristine"
"Sales",458107,"Schwabacher","Denis"
"Sales",272581,"Lovengreen","Michaela"
"Sales",429939,"Varker","Moie"
"Sales",277550,"Akiyama","Kazuhito"
"Sales",429933,"Sommen","Yuichiro"
"Sales",466150,"Malinowski","Hongzue"
"Sales",429846,"Brattka","Maren"
"Sales",429841,"Brickell","Luisa"
"Sales",277529,"Fiutem","Szabolcs"
"Sales",258479,"Kropf","Giordano"
"Sales",422575,"Gulla","Elliott"
"Sales",422580,"Encarnacion","Ramya"
"Sales",429790,"Soicher","Geraldo"
"Sales",258470,"Butner","Weiwu"
"Sales",429748,"Rijsenbrij","Barun"
"Sales",272568,"Pero","Guoxiang"
"Sales",258446,"Oxman","Niranjan"
"Sales",429731,"Puoti","Gad"
"Sales",485054,"Qiwen","Kien"
"Sales",285187,"Piveteau","JiYoung"
"Sales",466225,"Sinicrope","Huiqun"
"Sales",295181,"Skogmar","Niclas"
"Sales",422683,"Hitomi","Ronnie"
"Sales",429672,"Slobodova","Shuzo"
"Sales",422693,"Beeson","Nobuyoshi"
"Sales",264206,"Kushner","Dante"
"Sales",485058,"Curless","Jamaludin"
"Sales",429126,"Sevcikova","Radhakrishnan"
"Sales",429122,"McDermid","Shigenori"
"Sales",277485,"Vigier","Christfried"
"Sales",429102,"Dolinsky","Zhongwei"
"Sales",285249,"Verhoeff","Gen"
"Sales",461464,"Swift","Sham"
"Sales",429101,"Peak","Munir"
"Sales",422965,"Salverda","Bluma"
"Sales",429100,"Krupka","Alois"
"Sales",422992,"Loncour","Hironobu"
"Sales",422996,"Kornyak","Mang"
"Sales",422999,"Cannane","Kristen"
"Sales",285253,"Shumilov","Rosine"
"Sales",272330,"Gniady","Gio"
"Sales",285277,"McClure","Peer"
"Sales",423038,"Strehl","Takushi"
"Sales",474166,"Wissmann","Domenick"
"Sales",429035,"Luef","Steve"
"Sales",466242,"Gonthier","Weijing"
"Sales",428999,"Ghandeharizadeh","Emdad"
"Sales",423111,"Meriste","Nechama"
"Sales",423121,"Desikan","Kousuke"
"Sales",272324,"Feinberg","Toshiko"
"Sales",423142,"Ecklund","Pranay"
"Sales",423143,"Stasinski","Aleksandar"
"Sales",423161,"Khamsi","Berni"
"Sales",295252,"Gladwell","Baocai"
"Sales",428969,"Raoux","Gil"
"Sales",277438,"Kadhim","Lansing"
"Sales",277424,"Matheson","Aimee"
"Sales",428746,"Perin","Jiafu"
"Sales",423182,"Winter","Shuji"
"Sales",428708,"Pappas","Sachin"
"Sales",485380,"Azuma","Irena"
"Sales",428630,"Orsini","Jenwei"
"Sales",423221,"Stanger","Narain"
"Sales",428453,"Boreale","Tuval"
"Sales",428421,"Shanbhogue","Arne"
"Sales",272250,"Swan","Kazuhira"
"Sales",272246,"Alvarado","Boutros"
"Sales",289880,"Tyugu","Satoru"
"Sales",423327,"Lichtman","Constantijn"
"Sales",423329,"Dulin","Kwangjo"
"Sales",485408,"Peroz","Danai"
"Sales",277396,"Shinomoto","Zhiwei"
"Sales",459072,"Lieberherr","Chuanyi"
"Sales",291106,"Gilg","Masako"
"Sales",466265,"Hainaut","Jixiang"
"Sales",485454,"Ratzlaff","Gadiel"
"Sales",423388,"Byoun","Hiroyasu"
"Sales",423404,"Laurillard","Moheb"
"Sales",428203,"Peir","Yifei"
"Sales",423421,"Henders","Baoqiu"
"Sales",258339,"Bernatsky","Katsuo"
"Sales",459057,"Curless","Val"
"Sales",423436,"Kisuki","Mats"
"Sales",485518,"Wroclawski","Randi"
"Sales",428196,"Bale","Gadiel"
"Sales",423456,"Bach","Bezalel"
"Sales",461525,"Mayerwieser","Taizo"
"Sales",423498,"Brickell","Chaitali"
"Sales",277360,"Gerteisen","Caolyn"
"Sales",428137,"Piveteau","Adel"
"Sales",427901,"Kavvadias","Ayonca"
"Sales",466279,"Goodrum","Adil"
"Sales",485532,"Kragelund","Kien"
"Sales",423564,"Diderrich","Kazuhito"
"Sales",427889,"Mitina","Akhilish"
"Sales",270828,"Braunmuhl","Shugo"
"Sales",427870,"Gammage","Lijia"
"Sales",427849,"Rindone","Mayuri"
"Sales",427841,"Schaad","Shaz"
"Sales",423603,"Orlowski","Volkmar"
"Sales",270821,"Bierbaum","Hatem"
"Sales",254253,"Chartres","Khatoun"
"Sales",277319,"Bressoud","Qingxiang"
"Sales",427829,"Huxford","Mohammad"
"Sales",459047,"Felcyn","Isamu"
"Sales",295286,"Ulupinar","Mana"
"Sales",466323,"Prochazka","Luerbio"
"Sales",459015,"Meszaros","Marsal"
"Sales",427038,"Serov","Jasminko"
"Sales",426981,"Khalid","Erzsebet"
"Sales",485549,"Ohori","Kamran"
"Sales",426687,"Spelt","Gila"
"Sales",466329,"Genin","Baziley"
"Sales",426684,"Sridhar","Neven"
"Sales",423908,"Heinisuo","Breannda"
"Sales",458999,"Denti","Qiwen"
"Sales",424113,"Leppanen","Chiranjit"
"Sales",466333,"Wursthorn","Ult"
"Sales",485551,"Velardi","Mitsuyuki"
"Sales",283488,"Vasanthakumar","Kazuyasu"
"Sales",424147,"Casley","Dhritiman"
"Sales",425274,"Kandlur","Tremaine"
"Sales",471633,"Jervis","Kyoichi"
"Sales",424155,"Goodrum","Chinhyun"
"Sales",424156,"Eterovic","Premsyl"
"Sales",283495,"Trogemann","JoAnne"
"Sales",425248,"Rosis","Elzbieta"
"Sales",458040,"Andreotta","JiYoung"
"Sales",485580,"Silva","Vincent"
"Sales",425223,"Tanemo","Ennio"
"Sales",424176,"Schueller","Hitofumi"
"Sales",424177,"Kulisch","Reinhold"
"Sales",425166,"Melton","Adil"
"Sales",424178,"Siksek","Gaetan"
"Sales",295382,"Chinal","Aloke"
"Sales",470839,"Demos","Zijian"
"Sales",424207,"Poulakidas","Geoffry"
"Sales",485680,"Leuchs","Kish"
"Sales",424230,"Sridhar","Irena"
"Sales",425155,"Bressoud","Baoqiu"
"Sales",424263,"Schoegge","Martins"
"Sales",424270,"Yoshizawa","Kellyn"
"Sales",270642,"Marrevee","Gill"
"Sales",425119,"Kaiserswerth","Charlene"
"Sales",256648,"Binkley","Muzhong"
"Sales",295391,"Herbst","Steve"
"Sales",470822,"Tiemann","Uzi"
"Sales",263043,"Tischendorf","Paris"
"Sales",295411,"Serot","Chiranjit"
"Sales",277244,"Ramalingam","Xiadong"
"Sales",424389,"Oxenboll","Marsha"
"Sales",485750,"Iacovou","Eckart"
"Sales",424045,"Kugler","Stabislas"
"Sales",270573,"Servi","Kitty"
"Sales",424043,"Gulik","Tetsurou"
"Sales",424037,"Langford","Sumant"
"Sales",485777,"Siepmann","Piyush"
"Sales",459834,"Dratva","Yongmao"
"Sales",424440,"Babu","Ashish"
"Sales",485827,"Sgarro","Tzvetan"
"Sales",485854,"Baby","Yunming"
"Sales",424458,"Luca","Alassane"
"Sales",458958,"Krohm","Garnet"
"Sales",264217,"Puppo","Shen"
"Sales",424473,"Kusakari","Mingzeng"
"Sales",295439,"Fadgyas","Makato"
"Sales",490804,"Benaini","Shen"
"Sales",277173,"Wegerle","Sachio"
"Sales",423996,"Kakkad","Nathan"
"Sales",424523,"Attimonelli","Palash"
"Sales",424524,"Detkin","Beshir"
"Sales",423988,"Menhoudj","Hironobu"
"Sales",295466,"Marrakchi","Joydip"
"Sales",471558,"Sundgren","Tesuya"
"Sales",277170,"Grandbois","Hironobu"
"Sales",282614,"Takanami","Toshimori"
"Sales",424581,"Christianini","Turgut"
"Sales",277158,"Cheshire","Ulises"
"Sales",285313,"Cardazo","Indrajit"
"Sales",282604,"Shokrollahi","Xianlong"
"Sales",423949,"Ghalwash","Chanjung"
"Sales",295502,"Yemenis","Huan"
"Sales",424686,"Niizuma","Janche"
"Sales",466512,"Oxman","Carrsten"
"Sales",423747,"Montemayor","Honglan"
"Sales",424720,"Thummel","Gregory"
"Sales",423710,"Krybus","Malu"
"Sales",277121,"Ranum","Yuguang"
"Sales",285317,"Zizka","Lansing"
"Sales",466514,"Kroll","Heng"
"Sales",466517,"Porenta","Mart"
"Sales",424785,"Kugler","Mona"
"Sales",471684,"Decleir","Bouchung"
"Sales",424797,"Itschner","Theron"
"Sales",423665,"Schade","Jiakeng"
"Sales",282526,"Dalphin","Giap"
"Sales",423628,"Baba","Candida"
"Sales",424814,"Murthy","Jordanka"
"Sales",423622,"Fiutem","Toney"
"Sales",295522,"Jonsson","Shaowen"
"Sales",466527,"Eterovic","Shawna"
"Sales",498773,"Yurek","Eckart"
"Sales",291749,"Swiss","Mara"
"Sales",270227,"Kropp","Uma"
"Sales",422859,"Hasenauer","Jaihie"
"Sales",486401,"Pardalos","Vitali"
"Sales",422855,"Sommen","Przemyslawa"
"Sales",422086,"Yemenis","Malu"
"Sales",270207,"Papadias","Vasilii"
"Sales",422083,"Kowalchuk","Fusako"
"Sales",471679,"Bazelow","Suzette"
"Sales",424948,"Soloway","Gen"
"Sales",424952,"Cromarty","Xiaoqiang"
"Sales",424968,"Gajiwala","Kazuhide"
"Sales",486408,"Tsukuda","Arnould"
"Sales",270151,"Chiodo","Christoph"
"Sales",486413,"Marshall","Shaibal"
"Sales",422055,"Picci","Moti"
"Sales",270145,"Pell","Brigham"
"Sales",474251,"Brobst","Maik"
"Sales",422003,"Koyama","Jeanna"
"Sales",270108,"Servieres","Lidong"
"Sales",425047,"Zaumen","Zijian"
"Sales",421995,"Isaac","Szabolcs"
"Sales",425064,"Stiles","Candida"
"Sales",461621,"Passino","Jordanka"
"Sales",457387,"Redmiles","Nikolaus"
"Sales",262183,"Siepmann","Make"
"Sales",486420,"Zykh","Aiichiro"
"Sales",425096,"Nastansky","Leandro"
"Sales",291339,"Baranowski","Manu"
"Sales",425281,"Erbe","Alagu"
"Sales",421700,"Byoun","Zengping"
"Sales",466632,"Burnard","Sumant"
"Sales",295602,"Demke","Mooi"
"Sales",263385,"Baig","Danil"
"Sales",459488,"Gist","Florian"
"Sales",425316,"Chaudhuri","Reinhold"
"Sales",289763,"Validov","Mandell"
"Sales",295625,"Poujol","Randi"
"Sales",270099,"Rosaz","Krister"
"Sales",270063,"Schiper","Xiadong"
"Sales",472853,"Limongiello","Gila"
"Sales",270004,"Keirsey","Annemarie"
"Sales",425344,"Nanard","Christ"
"Sales",425346,"Zultner","Boalin"
"Sales",421652,"Ramalingam","Hilary"
"Sales",486470,"Suwa","Dante"
"Sales",269982,"Sundgren","Aiichiro"
"Sales",269979,"Cappelletti","Xinglin"
"Sales",421647,"Yurek","Denis"
"Sales",486483,"Walstra","Kaijung"
"Sales",466687,"Hofstetter","Sachio"
"Sales",425457,"Hebert","Palash"
"Sales",421628,"Schwartzbauer","Qunsheng"
"Sales",425480,"Rajala","Berni"
"Sales",295640,"Felcyn","Chenyi"
"Sales",466692,"Chiodo","Richard"
"Sales",295649,"Hiroyama","Kyoichi"
"Sales",421609,"Roohalamini","Masasuke"
"Sales",269977,"Rijsenbrij","Malu"
"Sales",282412,"Mersereau","Mabry"
"Sales",486488,"Flowers","Paddy"
"Sales",276849,"Strandh","Paraskevi"
"Sales",425546,"Flanders","Vishv"
"Sales",457904,"Herber","Martine"
"Sales",425556,"Perly","Conal"
"Sales",285364,"Flowers","Kwangjo"
"Sales",425574,"Millington","Shan"
"Sales",486532,"Cullers","Gen"
"Sales",425592,"Fadgyas","Sverrir"
"Sales",269976,"Ghemri","Marko"
"Sales",421307,"Jansen","Baruch"
"Sales",421285,"Seuren","Fumino"
"Sales",474282,"Krzyzanowski","Zvonko"
"Sales",425627,"Sewelson","Guadalupe"
"Sales",466703,"Joslin","Wanqing"
"Sales",486547,"Dengi","Nevin"
"Sales",420709,"Lamba","Piyush"
"Sales",486556,"Eldridge","Yuguang"
"Sales",420687,"Schmittgen","Shuzo"
"Sales",486582,"Anandan","Naftali"
"Sales",425696,"Parfitt","Pranas"
"Sales",269913,"Jervis","Alain"
"Sales",498117,"Schneeberger","Sorina"
"Sales",425719,"Foote","Leaf"
"Sales",420657,"Toyoshima","Dulce"
"Sales",295662,"Beznosov","Kirk"
"Sales",425739,"Flowers","Denny"
"Sales",420577,"Kuzuoka","Moon"
"Sales",420573,"Maliniak","Ger"
"Sales",420562,"Danner","Anoosh"
"Sales",425768,"Anily","Shahab"
"Sales",425785,"Rijsenbrij","Przemyslawa"
"Sales",420517,"Engelmann","Arnould"
"Sales",425788,"Lorho","Francesca"
"Sales",420511,"Asser","Jingling"
"Sales",420462,"Highland","Amabile"
"Sales",425844,"Syrzycki","Sangeeta"
"Sales",425874,"Glinert","Volkmar"
"Sales",425875,"Kroft","Jahangir"
"Sales",486612,"Glowinski","Holgard"
"Sales",457356,"Dalphin","Shahab"
"Sales",420429,"Comyn","Kiyomitsu"
"Sales",457305,"Lakshmanan","Sorina"
"Sales",425917,"Marquardt","Berto"
"Sales",420215,"Haumacher","Renee"
"Sales",269635,"Munro","Garnet"
"Sales",425932,"Piancastelli","Saeed"
"Sales",486614,"Grospietsch","Zorica"
"Sales",425964,"Sifakis","Achilleas"
"Sales",425969,"Schahn","Ramzi"
"Sales",420209,"Sury","Sudhanshu"
"Sales",471675,"Wendorf","Kristof"
"Sales",256625,"Baumann","Miquel"
"Sales",486647,"Mullainathan","Mayuko"
"Sales",426016,"Zweizig","Kauko"
"Sales",420123,"Rebaine","Feiyu"
"Sales",486649,"Roccetti","Padma"
"Sales",276734,"Leivant","Rasiah"
"Sales",466764,"Tsukuda","Tadanori"
"Sales",420093,"Thummel","Shem"
"Sales",420077,"Merkl","Masaki"
"Sales",426090,"Falck","Weiru"
"Sales",426099,"Sherertz","Alair"
"Sales",285440,"Lakshmanan","Jeane"
"Sales",295694,"Selvestrel","Qiwen"
"Sales",426137,"Guardalben","Kazuyasu"
"Sales",419975,"Ladret","Tremaine"
"Sales",426165,"Sommen","Abdelghani"
"Sales",457878,"Remmers","Ute"
"Sales",457283,"Mansanne","Reinhold"
"Sales",486664,"Cooley","Hidekazu"
"Sales",289725,"Chaudhuri","Chiradeep"
"Sales",426242,"DuBourdieux","Kamakshi"
"Sales",461692,"Rusterholz","Abdelkader"
"Sales",486678,"Homond","Conor"
"Sales",486696,"Kaltofen","Bedrich"
"Sales",269573,"Trumbly","Shugo"
"Sales",426319,"Zeidenstein","Samphel"
"Sales",419881,"Winter","Navin"
"Sales",466817,"Ananiadou","Gadiel"
"Sales",426331,"Schusler","Souichi"
"Sales",283284,"Stanfel","Josyula"
"Sales",426362,"Kusalik","Marko"
"Sales",419867,"Hiltgen","Jovan"
"Sales",419866,"Ghazalie","Shridhar"
"Sales",426418,"Isaak","Guenter"
"Sales",295736,"Cooley","Radhakrishnan"
"Sales",295761,"Highland","Honglan"
"Sales",426439,"Babb","Harngdar"
"Sales",419838,"Ruther","Rance"
"Sales",471866,"Pietrzykowski","Zito"
"Sales",486704,"Veevers","Gen"
"Sales",486711,"Hashii","Atreyi"
"Sales",276685,"Piveteau","Pradeep"
"Sales",466840,"Litzkow","Shim"
"Sales",466861,"Rousseau","Claudi"
"Sales",426501,"Benveniste","Dinah"
"Sales",419764,"Cherinka","Frazer"
"Sales",486713,"Rahier","Vidya"
"Sales",419732,"Standera","Mitsuyuki"
"Sales",490855,"Ranon","Yinghua"
"Sales",269521,"Homond","Shay"
"Sales",295796,"Trachtenberg","Ewing"
"Sales",426591,"Gulla","Bernt"
"Sales",276669,"Deville","Ottavia"
"Sales",419722,"Manderick","Maha"
"Sales",291774,"Marchesini","Domenick"
"Sales",426800,"Kuhnemann","Kwok"
"Sales",256621,"Hainaut","Tokuyasu"
"Sales",256605,"Menhardt","Niteen"
"Sales",490870,"Moehrke","Cullen"
"Sales",474301,"Muntz","Paris"
"Sales",426870,"Pavlopoulou","Gao"
"Sales",419638,"Birsak","Lein"
"Sales",466938,"Remmele","Christoph"
"Sales",486736,"Holburn","Lijie"
"Sales",269513,"Rodiger","Kensei"
"Sales",276639,"Rosti","Ramachenga"
"Sales",426903,"Braunschweig","Bangqing"
"Sales",490875,"Peyn","Kwun"
"Sales",457034,"DeMori","Nakhoon"
"Sales",426928,"Georgatos","Kauko"
"Sales",419617,"Mateescu","Feiyu"
"Sales",253707,"Hainaut","Insup"
"Sales",486754,"Dymetman","Nevio"
"Sales",269409,"Luan","Oscal"
"Sales",295822,"Sommer","Garnik"
"Sales",419376,"Riefers","Takahiro"
"Sales",427180,"Kitsuregawa","Itzchak"
"Sales",486763,"Cooke","Shih"
"Sales",253703,"Lienhardt","Sadok"
"Sales",419361,"Birta","Jaewoo"
"Sales",276604,"Hainaut","Shichao"
"Sales",467001,"Samarati","Kousuke"
"Sales",427243,"Alblas","Hisao"
"Sales",456997,"Shigei","Subhrajyoti"
"Sales",427246,"Saoudi","Shaowei"
"Sales",427255,"Servi","Temple"
"Sales",295853,"Rahimi","Doohun"
"Sales",419285,"Hemaspaandra","Oscar"
"Sales",486774,"Heystek","Kasidit"
"Sales",427315,"Onuegbe","Masami"
"Sales",427346,"Kropf","Denis"
"Sales",285474,"Narlikar","Dmitri"
"Sales",419230,"Alpay","Siamak"
"Sales",419192,"Walstra","Uta"
"Sales",427370,"Slobodova","Chinho"
"Sales",486778,"Demian","Deborah"
"Sales",456974,"Kleiser","Shalesh"
"Sales",419173,"Gini","Gita"
"Sales",427409,"Pehl","Bernt"
"Sales",427413,"Rusmann","Kokou"
"Sales",456926,"Gimarc","Kinh"
"Sales",269170,"Nooteboom","Marek"
"Sales",419095,"Zizka","Tadahiko"
"Sales",461701,"Farrar","Ebru"
"Sales",486797,"Bolotov","Zijian"
"Sales",269168,"Passino","Mariusz"
"Sales",276512,"Baaz","Zhiguo"
"Sales",427463,"Lund","Uzi"
"Sales",282363,"Rando","Jacqueline"
"Sales",418985,"Sidhu","Shietung"
"Sales",269157,"Asrin","Leaf"
"Sales",467073,"Pusterhofer","Brewster"
"Sales",427514,"Schiettecatte","Khalid"
"Sales",418921,"Reistad","Bodh"
"Sales",418729,"Miake","Nakhoon"
"Sales",269137,"Flexer","Akemi"
"Sales",256530,"Erev","Khoa"
"Sales",427541,"Kuzuoka","Dante"
"Sales",418724,"Schnelling","Kensei"
"Sales",486816,"Karnin","Tamiya"
"Sales",467105,"Lichtman","Raimond"
"Sales",418662,"Lagarias","Masali"
"Sales",427555,"Georgatos","Sajjad"
"Sales",289669,"Litzler","Larisa"
"Sales",486842,"Segond","Manu"
"Sales",285518,"Terlouw","Aimee"
"Sales",457819,"Zaumen","Joydip"
"Sales",269119,"Perl","Georgi"
"Sales",418604,"Kamber","KayLiang"
"Sales",418600,"Kropp","Guangming"
"Sales",467140,"Brlek","Lobel"
"Sales",276419,"Lortz","Yuguang"
"Sales",418544,"Dalton","Souichi"
"Sales",427681,"Manderick","Genta"
"Sales",427682,"Birta","Boalin"
"Sales",418534,"Stafford","Roded"
"Sales",471670,"Kading","Josyula"
"Sales",474838,"Lanzelotte","Wilmer"
"Sales",427709,"Candan","Tsutomu"
"Sales",418512,"Denti","Shmuel"
"Sales",427726,"Sidhu","Junichi"
"Sales",427757,"Stanfel","Alair"
"Sales",487055,"Dalton","Siddarth"
"Sales",427772,"Heering","Gen"
"Sales",276389,"Hofman","Van"
"Sales",491090,"Badr","Debaprosad"
"Sales",269118,"Siegrist","Alejandro"
"Sales",457801,"Antonakopoulos","Abdulla"
"Sales",418460,"Antonakopoulos","Turgut"
"Sales",269074,"Radhakrishnan","Sanjiv"
"Sales",428068,"Binkley","Boguslaw"
"Sales",418422,"Knightly","Paraskevi"
"Sales",276286,"Matzen","Greger"
"Sales",418416,"Szilard","Mitsuyuki"
"Sales",428109,"Picaronny","Pascal"
"Sales",491093,"Dehkordi","Bogdan"
"Sales",456528,"Wendorf","Aemilian"
"Sales",256527,"Lampe","Chaitali"
"Sales",295919,"Saoudi","Florina"
"Sales",467200,"Uhrik","Boguslaw"
"Sales",428500,"Veldwijk","Berto"
"Sales",282339,"Lung","Shahaf"
"Sales",295925,"Ramaiah","Tuval"
"Sales",491102,"Leonhardt","Chuanti"
"Sales",295935,"Nitsch","Doohun"
"Sales",418329,"Eiron","Aiichiro"
"Sales",428585,"Selvestrel","Sanjeeva"
"Sales",418303,"Luby","Sachem"
"Sales",418281,"Murtafg","Tianruo"
"Sales",253668,"Maquelin","Maik"
"Sales",467229,"Bonifati","Debaprosad"
"Sales",276267,"Caine","Hilari"
"Sales",428622,"Akiyama","Marco"
"Sales",418268,"Sidhu","Adil"
"Sales",418251,"Kolvik","Becky"
"Sales",417898,"Emiris","Tiina"
"Sales",456502,"Giaccio","Shiv"
"Sales",289637,"Markovitch","Tayeb"
"Sales",276252,"Trachtenberg","Chinho"
"Sales",467247,"Ligten","Serenella"
"Sales",417867,"Cheshire","Baziley"
"Sales",428855,"Paludetto","Toshimori"
"Sales",417865,"Staelin","King"
"Sales",417841,"Sridhar","Freyja"
"Sales",474907,"Chinen","Dinkar"
"Sales",487134,"Peltason","Harngdar"
"Sales",417807,"Doering","Uinam"
"Sales",276059,"Furudate","Marlo"
"Sales",276046,"Hartvigsen","Sanjai"
"Sales",428936,"Slaats","Mayuko"
"Sales",417575,"Zweizig","Shin"
"Sales",417484,"Narwekar","Charlene"
"Sales",429148,"Conry","Sreenivas"
"Sales",256461,"Muniz","Khedija"
"Sales",429199,"Selvestrel","Arra"
"Sales",456482,"Luiz","Stevo"
"Sales",472092,"Bennis","Nectarios"
"Sales",276025,"Herber","Zhigen"
"Sales",269058,"Mateescu","Paloma"
"Sales",491117,"Liedekerke","Makato"
"Sales",456463,"Kemmerer","Moti"
"Sales",417169,"Itzfeldt","Pramod"
"Sales",417159,"Miake","Mostafa"
"Sales",285583,"Luca","Brigham"
"Sales",474908,"Bednarek","Weijing"
"Sales",461741,"Slobodova","Hugo"
"Sales",296183,"Maierhofer","Christophe"
"Sales",417152,"Aloisi","Chaitali"
"Sales",429297,"Acton","Becky"
"Sales",429300,"Xiaoshan","Ipke"
"Sales",254517,"Matzen","Satyanarayana"
"Sales",262174,"Rouquie","Akeno"
"Sales",269055,"Litvinov","Niteen"
"Sales",429331,"Gladwell","Falguni"
"Sales",417126,"Baak","Mayuko"
"Sales",275980,"Ponthieu","Mostafa"
"Sales",417094,"Fendler","Goh"
"Sales",429386,"Masaki","Aleksander"
"Sales",275957,"Poehlman","Jaber"
"Sales",416907,"Kusalik","Reinhold"
"Sales",429421,"Karlin","Dipankar"
"Sales",459921,"Quittner","Chirstian"
"Sales",256385,"Candan","Goetz"
"Sales",455870,"Zaiane","Rafael"
"Sales",416880,"Felder","Shuichi"
"Sales",416879,"Schrooten","Bluma"
"Sales",467323,"Chandrasekhar","Nitsan"
"Sales",487152,"Stamatiou","Radhia"
"Sales",416762,"Thorensen","Zdislav"
"Sales",487387,"Passino","Sahrah"
"Sales",296243,"Casley","Arne"
"Sales",268821,"Manders","Hitofumi"
"Sales",429554,"Backhouse","Vishwani"
"Sales",416562,"Majewski","Torsten"
"Sales",416557,"Erbe","Uli"
"Sales",416531,"Vesel","Ult"
"Sales",416523,"Uhrik","Angus"
"Sales",416482,"Boreale","Ishfaq"
"Sales",296311,"Yeung","Maia"
"Sales",487454,"Couchot","Mingzeng"
"Sales",430999,"Ranon","Khatoun"
"Sales",487538,"Douceur","Tomokazu"
"Sales",416420,"Heemskerk","Adamantios"
"Sales",285632,"Vickson","Mack"
"Sales",431060,"Siksek","Charlene"
"Sales",416216,"Langford","Dayanand"
"Sales",487579,"Maksimenko","Zhongwei"
"Sales",268732,"Magliocco","Doowon"
"Sales",487614,"Radhakrishnan","Sachem"
"Sales",472102,"Redmiles","Gil"
"Sales",431845,"Unno","Kasturi"
"Sales",275646,"Ranta","Tsz"
"Sales",275643,"Setiz","Premsyl"
"Sales",416104,"Aingworth","Tze"
"Sales",455794,"Ouhyoung","Macha"
"Sales",289564,"Griswold","Shigehito"
"Sales",431913,"Spieker","Serenella"
"Sales",416054,"Bratsberg","Arto"
"Sales",416045,"Serre","Wanqing"
"Sales",415988,"Remmele","Faiza"
"Sales",415986,"Claffy","Demin"
"Sales",431950,"Rullman","Kiyotoshi"
"Sales",275638,"Maquelin","Masoud"
"Sales",415905,"Dayang","Reuven"
"Sales",432148,"McClure","Basim"
"Sales",285636,"McClurg","Wonhee"
"Sales",415883,"Koyama","Mary"
"Sales",432161,"Miara","Maia"
"Sales",487623,"Ranon","Nakhoon"
"Sales",268647,"Broomell","Achilleas"
"Sales",268593,"Orlowski","Sudharsan"
"Sales",275613,"Waeselynck","Pasqua"
"Sales",415747,"Prenel","Kazuhisa"
"Sales",455228,"Luiz","Shaowei"
"Sales",432259,"Pehl","Hongzhu"
"Sales",467478,"Lenart","Zijian"
"Sales",487731,"Bala","Radhakrishnan"
"Sales",432278,"Deverell","Uri"
"Sales",296552,"Lampe","Gill"
"Sales",415545,"Merel","Owen"
"Sales",432300,"Lund","Xinyu"
"Sales",471651,"Rousseau","Shigehito"
"Sales",432482,"Egerstedt","Kerhong"
"Sales",432483,"Taneja","Zhanqiu"
"Sales",415514,"McFarlin","Giri"
"Sales",432518,"Flasterstein","Berthier"
"Sales",268566,"Parveen","Panayotis"
"Sales",432547,"Waeselynck","Gretta"
"Sales",467493,"Schaft","Neven"
"Sales",432570,"Wiegley","Jaihie"
"Sales",457716,"Maksimenko","Honglan"
"Sales",432641,"Fandrianto","Conrado"
"Sales",296569,"Lindenbaum","Gila"
"Sales",275595,"Roison","Maha"
"Sales",461791,"Doering","Chenxi"
"Sales",415437,"Delgrange","Jaana"
"Sales",467524,"Pearson","Youngkon"
"Sales",461795,"Fraisse","Hairong"
"Sales",415427,"Pehl","Shigeichiro"
"Sales",432870,"Parfitt","Masali"
"Sales",415424,"Savasere","Adhemar"
"Sales",455197,"Lung","Berna"
"Sales",415205,"Krohn","Kwangyoen"
"Sales",432912,"Siepmann","Khosrow"
"Sales",457714,"Pfau","Tomofumi"
"Sales",432935,"Speer","Luigi"
"Sales",415197,"Nastansky","Lokesh"
"Sales",432978,"Herath","Pasqua"
"Sales",415162,"Massonet","Neven"
"Sales",296604,"Valiente","Vishv"
"Sales",433013,"Staelin","Janche"
"Sales",415157,"Ananiadou","Insup"
"Sales",433026,"Bratten","Domenick"
"Sales",285657,"Jullig","Seongbae"
"Sales",433061,"Masada","Weiwu"
"Sales",296609,"Litvinov","Jayson"
"Sales",268553,"Carrere","Mototsugu"
"Sales",471546,"Picht","Cedric"
"Sales",268551,"Gornas","Snehasis"
"Sales",433095,"Lally","Barton"
"Sales",487806,"Angelopoulos","Shigehiro"
"Sales",291354,"Matteis","Kenton"
"Sales",455141,"Alameldin","Harjit"
"Sales",275503,"Buescher","Fumiya"
"Sales",275495,"Yamaashi","Shen"
"Sales",268548,"Spieker","Mahendra"
"Sales",296661,"Poupard","Marsal"
"Sales",414794,"Hanabata","Hinrich"
"Sales",297339,"Miake","Berry"
"Sales",268465,"Riefers","Zhilian"
"Sales",487867,"Manders","Kwangjo"
"Sales",297341,"Matzat","Oldrich"
"Sales",498147,"Bojadziev","Stafford"
"Sales",414716,"Przulj","Adin"
"Sales",434060,"Guerreiro","Etsuo"
"Sales",455112,"Rosen","Chaoyi"
"Sales",467583,"Jonsson","Huei"
"Sales",459814,"Muhlberg","Margareta"
"Sales",434317,"Baer","Nathan"
"Sales",434329,"Porotnikoff","Jacopo"
"Sales",275207,"Scharstein","Gad"
"Sales",414671,"Feinberg","Salvador"
"Sales",275200,"Angel","Lucian"
"Sales",414623,"Luca","Prodip"
"Sales",434357,"Tomescu","Chinya"
"Sales",434376,"Luby","Angel"
"Sales",488108,"Khalil","Keiichiro"
"Sales",414606,"Vieri","Sachin"
"Sales",434380,"Prochazka","Otmar"
"Sales",434437,"Griswold","Rosalyn"
"Sales",414590,"Heystek","Sampalli"
"Sales",434461,"Kirkerud","Pranjal"
"Sales",459434,"Muchinsky","Vatsa"
"Sales",434468,"Ullian","Munehiko"
"Sales",263243,"Giveon","Amstein"
"Sales",289528,"Comellas","Vitaly"
"Sales",434665,"Puppo","Jaroslava"
"Sales",414575,"Georg","Aris"
"Sales",434697,"Benzaken","Manohar"
"Sales",268374,"Porenta","Gladys"
"Sales",297382,"Beetstra","Etsuo"
"Sales",434721,"Weedman","Djenana"
"Sales",275173,"Mukaidono","Mohammed"
"Sales",488170,"Wrigley","Laurentiu"
"Sales",414536,"Kadhim","Mack"
"Sales",268368,"Norsworthy","Khalil"
"Sales",459433,"Nollmann","Shichao"
"Sales",414482,"Baalen","Maya"
"Sales",435673,"Radhakrishnan","Danai"
"Sales",435681,"Carrere","Aiichiro"
"Sales",435719,"Sidou","Gritta"
"Sales",457606,"Janocha","Bodo"
"Sales",452049,"DuBourdieux","Kersti"
"Sales",452031,"Baig","Leucio"
"Sales",435738,"Kitai","Susuma"
"Sales",414450,"Bednarek","Theron"
"Sales",414434,"Schaap","Kazuhide"
"Sales",435763,"Luca","Fabrizio"
"Sales",414432,"Greibach","Uno"
"Sales",452028,"Angiulli","Khalid"
"Sales",264260,"Przulj","Honesty"
"Sales",435796,"Zschoche","Amalendu"
"Sales",414315,"Cairo","Sadegh"
"Sales",491240,"Kemmerer","Sasan"
"Sales",467687,"Ramsey","Hatsukazu"
"Sales",452019,"Staylopatis","Uma"
"Sales",414306,"DiGiano","Theron"
"Sales",256275,"Poupard","Cristinel"
"Sales",488403,"Klerer","Arra"
"Sales",436072,"Karcich","Yoshimitsu"
"Sales",436083,"Tramer","Emdad"
"Sales",414296,"Zwicker","Kazuhisa"
"Sales",275006,"Pillow","Abdelkader"
"Sales",268313,"Showalter","Arlette"
"Sales",436116,"Billawala","Saniya"
"Sales",274984,"Marshall","Tesuya"
"Sales",488432,"Schapiro","Tran"
"Sales",414253,"Plotkin","Fumiyo"
"Sales",436140,"Karlin","Jacopo"
"Sales",297441,"Fujisawa","Baocai"
"Sales",274936,"Ritzmann","Ult"
"Sales",414252,"Pouyioutas","Sedat"
"Sales",283553,"Bodoff","Tristan"
"Sales",467722,"Flanders","Shih"
"Sales",488461,"Goodrum","Elvis"
"Sales",414135,"Picel","Deniz"
"Sales",274884,"Ramras","Chiradeep"
"Sales",436210,"Mungall","Chaitali"
"Sales",291842,"Pehl","Badri"
"Sales",461837,"Kalorkoti","Arif"
"Sales",436249,"Varker","Roddy"
"Sales",436258,"Mandell","Roddy"
"Sales",488469,"Aingworth","Sangeeta"
"Sales",457576,"Luby","Toney"
"Sales",274846,"Krohm","Poornachandra"
"Sales",436305,"Shackell","Shaowei"
"Sales",497412,"Kamble","Kankanahalli"
"Sales",297496,"Fujisawa","Weidon"
"Sales",289498,"Ramsey","Tonny"
"Sales",413985,"Coombs","Neelam"
"Sales",467768,"Butner","Prasadram"
"Sales",436541,"Bach","Along"
"Sales",413946,"Feldhoffer","Satoru"
"Sales",274771,"Kabayashi","Tonia"
"Sales",297509,"Himler","Cordelia"
"Sales",436589,"Frolund","Demin"
"Sales",467773,"Guenter","Xuejia"
"Sales",457568,"Basawa","Parviz"
"Sales",413899,"Kalorkoti","Yurii"
"Sales",488552,"Straney","Bodh"
"Sales",452002,"Hoogerwoord","Mart"
"Sales",436651,"Birnbaum","Weijing"
"Sales",471426,"Czap","Zine"
"Sales",413838,"Talmor","Boriana"
"Sales",475206,"Peral","Kamakshi"
"Sales",488571,"Impagliazzo","Malu"
"Sales",291357,"Kalsbeek","Takanari"
"Sales",413817,"Samarati","Gina"
"Sales",451903,"Perelgut","Kiam"
"Sales",413791,"Zaumen","Jiong"
"Sales",413787,"Fairtlough","Mana"
"Sales",268216,"Merel","Feixiong"
"Sales",285723,"Reeken","Kellie"
"Sales",436730,"Leaver","Ute"
"Sales",413780,"Iivonen","Bodo"
"Sales",413774,"Butterworth","Jacqueline"
"Sales",268195,"Weisert","Neven"
"Sales",436754,"Improta","Xiahua"
"Sales",297567,"Alencar","Houman"
"Sales",436787,"Wroclawski","Petter"
"Sales",413673,"Munoz","Keiichiro"
"Sales",297572,"Dredge","Huan"
"Sales",297607,"Miyakawa","Kazuhira"
"Sales",436812,"Katiyar","Francesca"
"Sales",413654,"Birke","Olivera"
"Sales",488630,"Muhling","Heejo"
"Sales",413624,"Simmel","Rayond"
"Sales",436828,"Tramer","Yonghoan"
"Sales",451866,"Tokunaga","Maris"
"Sales",413601,"Lamma","Shimshon"
"Sales",413557,"Suppi","Lenore"
"Sales",451862,"Dredge","Mahmut"
"Sales",268182,"Edelhoff","Kenroku"
"Sales",413521,"Speel","Charmane"
"Sales",413501,"Hartvigsen","Visit"
"Sales",297635,"Gecsei","Chandrasekaran"
"Sales",467874,"Picci","Masato"
"Sales",437095,"Hebden","Alper"
"Sales",457529,"Brodal","Rutger"
"Sales",471387,"Lampe","Shahab"
"Sales",274607,"Mitsuhashi","Khaled"
"Sales",437190,"Mungall","Ranga"
"Sales",274592,"Zhang","Kwan"
"Sales",437196,"Pehl","Anyuan"
"Sales",413450,"Atrawala","Hongzhu"
"Sales",413439,"Itschner","Satyanarayana"
"Sales",467919,"Bergere","Arnd"
"Sales",413401,"Cincotta","Baoqiu"
"Sales",467930,"Busillo","Katsuyuki"
"Sales",488879,"Francisci","Armond"
"Sales",274585,"Itzfeldt","Aleksandar"
"Sales",437264,"VanScheik","Zijian"
"Sales",274565,"Antonisse","Martial"
"Sales",488886,"Janetzko","Kauko"
"Sales",268152,"Rissanen","Shmuel"
"Sales",413341,"Bage","Ravishankar"
"Sales",437326,"Noriega","Caolyn"
"Sales",437503,"Heemskerk","Aiichiro"
"Sales",282266,"Albarhamtoshy","Zhensheng"
"Sales",488893,"Begiun","Genevieve"
"Sales",467966,"Tasistro","Yahiko"
"Sales",268132,"Adachi","Franziska"
"Sales",274543,"Marrakchi","Teruyuki"
"Sales",457525,"Muhlberg","Serif"
"Sales",285754,"Stanfel","Atreye"
"Sales",470786,"Schaaf","Yuichiro"
"Sales",413163,"Luce","Maik"
"Sales",437552,"Xiaoshan","Nitsan"
"Sales",451733,"Brender","Remmert"
"Sales",413161,"Comte","Tomofumi"
"Sales",268126,"Champarnaud","Shuzo"
"Sales",437569,"Osgood","Duke"
"Sales",413160,"Felcyn","Tadanori"
"Sales",467988,"Leivant","Hyuckchul"
"Sales",413147,"Pearson","Kwok"
"Sales",289473,"Rouquie","Vatsa"
"Sales",297657,"Hennings","Uno"
"Sales",413076,"Vandervoorde","Sanjeeva"
"Sales",413075,"Tempesti","Adamantios"
"Sales",412726,"Kruskal","Shao"
"Sales",451673,"Schaap","Gor"
"Sales",412666,"Showalter","Jessie"
"Sales",491295,"Goldhammer","Clyde"
"Sales",471375,"Beeson","Youssef"
"Sales",437841,"Versino","Mokhtar"
"Sales",488928,"Bazelow","Adel"
"Sales",412611,"Akazan","Kankanahalli"
"Sales",451670,"Riefers","Waiman"
"Sales",437866,"Rusterholz","Bingning"
"Sales",274481,"Gammage","Przemyslawa"
"Sales",285781,"Picaronny","Hein"
"Sales",282190,"Thisen","Mabhin"
"Sales",437888,"Thebaut","Xiaopeng"
"Sales",285789,"Welham","Uli"
"Sales",412501,"Grandbois","Mart"
"Sales",475224,"Dahlbom","Gou"
"Sales",457481,"Wursthorn","Lena"
"Sales",451660,"Egerstedt","Collette"
"Sales",412387,"Danley","Houman"
"Sales",412371,"Delgrossi","Elzbieta"
"Sales",472534,"Oppitz","Patricio"
"Sales",412320,"Rajaraman","Gennady"
"Sales",412303,"Kusakari","Sanjai"
"Sales",437961,"Luft","Xinan"
"Sales",412302,"Macedo","Marsha"
"Sales",298251,"Crouzet","Zhenbing"
"Sales",468066,"Mateescu","Jixiang"
"Sales",472504,"Riefers","Nobuyoshi"
"Sales",437989,"Gini","Mikhail"
"Sales",437992,"Navazio","Slavian"
"Sales",274444,"Qiwen","Giri"
"Sales",488981,"Ellozy","Yefim"
"Sales",274430,"Piveteau","Georgy"
"Sales",438172,"Marakhovsky","Haldon"
"Sales",451614,"Dahlbom","Vishv"
"Sales",451613,"Salverda","Rildo"
"Sales",412159,"Aumann","Arne"
"Sales",412147,"Soloway","Gadiel"
"Sales",489020,"Cheshire","Yagil"
"Sales",412123,"Strooper","Cordelia"
"Sales",298277,"Uludag","Mary"
"Sales",289445,"Shackel","Bedir"
"Sales",438324,"Binding","Heeju"
"Sales",438530,"Schwaller","Xinan"
"Sales",412089,"Marakhovsky","Kenton"
"Sales",253965,"Bennet","Atreyi"
"Sales",438549,"Riexinger","Margo"
"Sales",412072,"Rindone","Bezalel"
"Sales",470780,"Bharadwaj","Toney"
"Sales",468080,"Setlzner","Kitty"
"Sales",267893,"Haldar","Nathalie"
"Sales",471328,"Chvatal","Shichao"
"Sales",438598,"Fandrianto","Dante"
"Sales",412057,"Rijckaert","Danai"
"Sales",438612,"Couchot","Shakhar"
"Sales",438636,"Hofmeyr","Dulce"
"Sales",451605,"Kabayashi","Gianluca"
"Sales",412009,"Luef","Sanjiv"
"Sales",274394,"Zastre","Aamod"
"Sales",255216,"Improta","Cathie"
"Sales",438656,"Iacovou","Toshiko"
"Sales",489028,"Kemmerer","Percy"
"Sales",438668,"Swist","Youngkon"
"Sales",262135,"Lupu","Kshitij"
"Sales",489256,"Baumann","Isaac"
"Sales",411922,"Munro","Oscal"
"Sales",438726,"Serov","Ewing"
"Sales",468118,"Cooke","Carrsten"
"Sales",267864,"Reistad","Sampalli"
"Sales",461899,"Kusakari","Marin"
"Sales",438762,"Zedlitz","Gurbir"
"Sales",411908,"Fadgyas","Leaf"
"Sales",411905,"Cronin","Basim"
"Sales",274352,"Barbanera","Spyrose"
"Sales",411881,"Jording","Jiang"
"Sales",438789,"Nivat","Xiadong"
"Sales",438795,"Dehkordi","Berhard"
"Sales",255212,"Basawa","Duri"
"Sales",438811,"Baba","Doohun"
"Sales",274337,"Shobatake","Richard"
"Sales",289433,"Maquelin","Demos"
"Sales",439372,"Pellegrinelli","Sergi"
"Sales",439373,"Binkley","Zsolt"
"Sales",439388,"Collette","Hidde"
"Sales",451541,"Tsukune","Patricia"
"Sales",439400,"Porotnikoff","Mrinalini"
"Sales",439407,"Azadmanesh","Sangeeta"
"Sales",451540,"Pena","Ramalingam"
"Sales",439482,"Masaki","Fen"
"Sales",411780,"Georgatos","Jianhao"
"Sales",274227,"Gniady","Chenxi"
"Sales",489585,"Callaway","Janalee"
"Sales",439684,"Vilarrasa","Vidya"
"Sales",411762,"Dichev","Koldo"
"Sales",439709,"Ecklund","Slavian"
"Sales",439714,"Alameldin","Fay"
"Sales",439728,"Tomescu","Charmane"
"Sales",439734,"Spataro","Danny"
"Sales",439785,"Baez","Genki"
"Sales",411727,"Lamma","Weiwu"
"Sales",439797,"Casley","Lijia"
"Sales",285833,"Randi","Mahendra"
"Sales",475239,"Caine","Takahito"
"Sales",267839,"Bahk","Mokhtar"
"Sales",439831,"Stasinski","Piyush"
"Sales",411669,"Constantine","Taegyun"
"Sales",291908,"Soloway","Marek"
"Sales",298557,"Codenie","Jayesh"
"Sales",489703,"Polupanov","Somnath"
"Sales",411596,"Cairo","Richara"
"Sales",411579,"Giveon","Jovan"
"Sales",411562,"Sommer","Shigeo"
"Sales",489878,"Simmen","Xinglin"
"Sales",489899,"Hoppenstand","Tomofumi"
"Sales",457247,"Mukaidono","Rosella"
"Sales",489926,"Bondorf","Aksel"
"Sales",411414,"Ghazalie","Leni"
"Sales",440136,"Jenevein","Bowen"
"Sales",440147,"Comyn","Janche"
"Sales",411202,"Condotta","Navin"
"Sales",489968,"Denti","Krister"
"Sales",253064,"Gniady","Kenton"
"Sales",471529,"Aloia","Munir"
"Sales",490045,"Lorys","Gal"
"Sales",267786,"Gecsel","Ravishankar"
"Sales",411136,"Waeselynck","Margareta"
"Sales",440253,"Peir","Jeanne"
"Sales",440260,"Pepe","Kazuhira"
"Sales",282097,"Dahlbom","Babette"
"Sales",468290,"Suppi","Adamantios"
"Sales",274058,"Siegrist","Sachin"
"Sales",267763,"Spataro","Bokyung"
"Sales",451507,"Baezner","Premsyl"
"Sales",267749,"Lund","Kensei"
"Sales",274056,"Zyda","Gully"
"Sales",298599,"Besselaar","Mohammad"
"Sales",440304,"Luders","Niranjan"
"Sales",267734,"Jahnichen","Mona"
"Sales",440315,"Hitomi","Martien"
"Sales",254646,"Luce","Remko"
"Sales",282096,"Zobel","Zvonko"
"Sales",267714,"Bottner","Ekawit"
"Sales",451498,"Merro","Leen"
"Sales",274043,"Kadhim","Wilmer"
"Sales",273997,"Braunschweig","Yechiam"
"Sales",468336,"Farris","Djenana"
"Sales",410993,"Rettelbach","Maris"
"Sales",440400,"Karlin","Vasiliy"
"Sales",267706,"Rusterholz","Miomir"
"Sales",440412,"Radivojevic","Eberhardt"
"Sales",267702,"Tzvieli","Gritta"
"Sales",457214,"Perri","Sailaja"
"Sales",451491,"Swick","Tiina"
"Sales",273950,"Lorys","Shalesh"
"Sales",440457,"Kandlur","Ashish"
"Sales",440462,"Lukaszewicz","Unal"
"Sales",267691,"Bierbaum","Xiaopeng"
"Sales",410826,"Ernst","Kamakshi"
"Sales",440477,"Unni","Akemi"
"Sales",262089,"Magliocco","Shir"
"Sales",283557,"Teitelbaum","Hironobu"
"Sales",282081,"Soicher","Uinam"
"Sales",410824,"Warwick","Satosi"
"Sales",255150,"Muhling","Goncalo"
"Sales",298624,"Alpay","Rafols"
"Sales",440519,"Katiyar","Mart"
"Sales",410816,"Otillio","Shen"
"Sales",410807,"Fontan","Uzi"
"Sales",451461,"Matzel","Peternela"
"Sales",410738,"Covnot","Stein"
"Sales",440544,"Zschoche","Dharmaraja"
"Sales",490122,"Falco","Duangkaew"
"Sales",267608,"Narahari","Makato"
"Sales",273894,"Giaccio","Shalesh"
"Sales",468426,"Kumaresan","Ghassan"
"Sales",440555,"Demos","Ulf"
"Sales",273857,"Peternell","Feipei"
"Sales",440570,"Ranka","Garnet"
"Sales",451458,"Hoppenstand","Jagoda"
"Sales",440583,"Ritzmann","Kazuhiro"
"Sales",410722,"Billingsley","Werner"
"Sales",273852,"Janocha","Remzi"
"Sales",285892,"Baaleh","Mayuko"
"Sales",273839,"Heemskerk","Turgut"
"Sales",475485,"Kalafatis","Zhigen"
"Sales",409824,"Navazio","Vitali"
"Sales",253051,"Rahier","Zhenbing"
"Sales",451386,"Penz","Yechezkel"
"Sales",264263,"Wegerle","Arumugam"
"Sales",440701,"Oehlmann","Youssef"
"Sales",409767,"Ruther","Maja"
"Sales",409739,"Vigier","Peer"
"Sales",471524,"Waterhouse","Gila"
"Sales",440747,"Radwan","Kiam"
"Sales",409722,"Roison","Vidya"
"Sales",409033,"Pileggi","Rajmohan"
"Sales",490215,"Bennis","Dannz"
"Sales",408998,"Kuhnemann","Reinhold"
"Sales",440787,"Zuberek","Valeri"
"Sales",299518,"Landherr","Danae"
"Sales",273782,"Kornyak","Shooichi"
"Sales",408959,"Linnainmaa","Richard"
"Sales",408952,"Peir","Gianluca"
"Sales",285941,"Georgakopoulos","Munehiro"
"Sales",440810,"Kampfer","Jaewoo"
"Sales",490313,"Budinsky","Ayonca"
"Sales",457139,"Geffroy","Tremaine"
"Sales",273735,"Perly","Persi"
"Sales",441018,"Khalil","Bodh"
"Sales",273732,"Papastamatiou","Deniz"
"Sales",289109,"Hoogerwoord","Sumant"
"Sales",472495,"Kopetz","Suebskul"
"Sales",285990,"Schaad","Izaskun"
"Sales",408607,"Taubenfeld","Irena"
"Sales",441067,"Akiyama","Toshimo"
"Sales",408590,"Bernatsky","Sanjiv"
"Sales",490580,"Luks","Gen"
"Sales",273680,"Rusterholz","Holgard"
"Sales",299540,"Holburn","Shigehito"
"Sales",408577,"Schwabacher","Ibibia"
"Sales",283209,"Seiwald","Abdelghani"
"Sales",406996,"Kornatzky","Fusako"
"Sales",273677,"Spinelli","Terresa"
"Sales",468612,"Mawatari","Dekang"
"Sales",273674,"Ratnakar","Sadok"
"Sales",289108,"Joslin","Georgi"
"Sales",490660,"Haddadi","Ramzi"
"Sales",441155,"Baumann","Weijing"
"Sales",441179,"Sgarro","Tommaso"
"Sales",441200,"Uhrig","Keung"
"Sales",267511,"Rahimi","Hisao"
"Sales",441213,"Dulin","Murthy"
"Sales",441228,"Winter","Kazuhiko"
"Sales",267509,"Crooks","Udi"
"Sales",441242,"Shackel","Persi"
"Sales",490704,"Aingworth","Mabo"
"Sales",490713,"Strandh","Reuven"
"Sales",299594,"Dredge","Claudi"
"Sales",267466,"Sluis","Uno"
"Sales",441284,"Hitomi","Mabhin"
"Sales",441285,"Wossner","Shem"
"Sales",406891,"Perl","Leucio"
"Sales",406884,"Peltason","Xiping"
"Sales",441295,"Kaminger","Chinho"
"Sales",468624,"Beznosov","Nalini"
"Sales",299608,"Schapiro","Sudharsan"
"Sales",406677,"Shrader","Subhada"
"Sales",459378,"Dechter","Radhia"
"Sales",441383,"Ramras","Tzvetan"
"Sales",498191,"Cunliffe","Murthy"
"Sales",406626,"Couchot","Pintsang"
"Sales",406614,"Lorys","Arch"
"Sales",441479,"Hofstetter","Elrique"
"Sales",253590,"Socorro","Nahla"
"Sales",406593,"Sambasivam","Uli"
"Sales",273615,"Luff","Subhankar"
"Sales",441513,"Couchot","Nathan"
"Sales",406358,"Chaudhuri","Selwyn"
"Sales",441537,"Escriba","Gianluca"
"Sales",406345,"Swiss","Chirstian"
"Sales",406311,"Vickson","Shiv"
"Sales",267412,"Dichev","Arto"
"Sales",406291,"Wrigley","Mizuhito"
"Sales",441563,"Billawala","Goo"
"Sales",406278,"Ranst","Kristian"
"Sales",406259,"Whitcomb","Shahid"
"Sales",441570,"Knightly","Sangeeta"
"Sales",441578,"Kornatzky","Constantine"
"Sales",299648,"Marrakchi","Urs"
"Sales",406254,"Danner","Zissis"
"Sales",457095,"Baba","Sastry"
"Sales",441614,"Brattka","Owen"
"Sales",406033,"Lammel","Taiji"
"Sales",491049,"Bala","Kwangho"
"Sales",468682,"Simmel","Aleksandar"
"Sales",456901,"Grabner","Josyula"
"Sales",441669,"Chimia","Raimond"
"Sales",441677,"Chenney","Beshir"
"Sales",405953,"Rusmann","Aiman"
"Sales",405947,"Merlo","Sudhanshu"
"Sales",468702,"Magalhaes","Honglan"
"Sales",273391,"Zongker","Dannz"
"Sales",441724,"Schicker","Shietung"
"Sales",472349,"Ouhyoung","Zeljko"
"Sales",405881,"Chiodo","Surveyors"
"Sales",405876,"Zastre","Elliott"
"Sales",263215,"Weisert","Vasiliy"
"Sales",291068,"Zaccaria","Conor"
"Sales",299846,"Peck","Hsiangchu"
"Sales",405667,"McDermid","Makato"
"Sales",405632,"Baumann","Jovan"
"Sales",456861,"McClurg","Bedrich"
"Sales",441858,"Schaft","Khun"
"Sales",441874,"Guerreiro","Volkmar"
"Sales",405615,"Bednarek","Munir"
"Sales",267187,"Thibadeau","Sariel"
"Sales",441878,"Hiltgen","Huei"
"Sales",405599,"Godskesen","Margo"
"Sales",299853,"Peir","Brigham"
"Sales",254204,"Reinhart","Goo"
"Sales",475495,"Snyers","Jovan"
"Sales",405587,"Loncour","Sudhanshu"
"Sales",273321,"Noriega","Zito"
"Sales",441947,"Shigei","Piyawadee"
"Sales",267077,"Manders","Ayakannu"
"Sales",273309,"Kobara","Georgy"
"Sales",442009,"Masaki","Zhiwei"
"Sales",491433,"Bodoff","Remzi"
"Sales",403350,"Mateescu","Fabrizio"
"Sales",442029,"Baer","Yurii"
"Sales",253548,"Malinowski","Felicidad"
"Sales",403347,"Yamaashi","Conal"
"Sales",491459,"Gewali","Jiann"
"Sales",451207,"Decaestecker","Kristen"
"Sales",273059,"Manderick","Hairong"
"Sales",468852,"Merlo","Alselm"
"Sales",442139,"Bolsens","Pradeep"
"Sales",442149,"Bodoff","Utpal"
"Sales",403336,"Baby","Dmitry"
"Sales",442189,"Muhling","Arnd"
"Sales",403330,"Carrera","Miyeon"
"Sales",491475,"Kitsuregawa","Chiradeep"
"Sales",403299,"Lunt","Mats"
"Sales",442226,"Eiron","Tokuyasu"
"Sales",468865,"Muhlberg","Vincent"
"Sales",299927,"Anido","Hironobu"
"Sales",286016,"Peha","Shigehito"
"Sales",442309,"Pramanik","Djenana"
"Sales",491529,"Leppanen","Zongyan"
"Sales",273015,"Blokdijk","Parviz"
"Sales",255124,"Bratsberg","Arco"
"Sales",299977,"Benveniste","Zsolt"
"Sales",267023,"Chinin","Tooru"
"Sales",475508,"Miculan","Heng"
"Sales",442396,"Tokunaga","Basim"
"Sales",442397,"Garnick","Ghassan"
"Sales",442406,"Tischendorf","Bowen"
"Sales",442414,"Gammage","Arto"
"Sales",442415,"Suwa","Kristin"
"Sales",442459,"Karcich","Naftali"
"Sales",494935,"Peron","Zvonko"
"Sales",403146,"Itschner","Souichi"
"Sales",403144,"Serra","Kristin"
"Sales",403131,"Perko","Miyeon"
"Sales",299994,"Ruemmler","Marjo"
"Sales",403086,"Serot","Gunilla"
"Sales",272909,"Thorelli","Feiyu"
"Sales",494951,"Waleschkowski","Emran"
"Sales",470994,"Irland","Chrisa"
"Sales",402986,"Litzkow","Fatemeh"
"Sales",468932,"Serov","Surveyors"
"Sales",442626,"Rusmann","Marjo"
"Sales",462157,"Emmart","Mabhin"
"Sales",266983,"Rotem","Fay"
"Sales",402935,"Matheson","Taizo"
"Sales",272868,"Tsukune","Hinrich"
"Sales",402865,"Peris","Persi"
"Sales",286051,"Kushnir","Rutger"
"Sales",442667,"Conte","Godehard"
"Sales",468942,"Matzat","Jouni"
"Sales",281997,"Bahk","Lech"
"Sales",266969,"Valtorta","Heeju"
"Sales",402856,"Ginesta","Freyja"
"Sales",497372,"Vickson","Narain"
"Sales",272841,"Chinal","Hitomi"
"Sales",475555,"Iwayama","Unal"
"Sales",272839,"Setia","Janche"
"Sales",442770,"Teitelbaum","Kolar"
"Sales",451084,"Denny","Marin"
"Sales",491708,"Muhling","Parke"
"Sales",402764,"Woycyznski","Karoline"
"Sales",442799,"Litvinov","Katsuyuki"
"Sales",442801,"Veevers","Kristine"
"Sales",442806,"Gornas","Kenton"
"Sales",491711,"Perng","Jaques"
"Sales",286069,"Emden","Oscar"
"Sales",402731,"Parhami","Jacqueline"
"Sales",402721,"Raoux","Tuval"
"Sales",468996,"Stafford","Chenye"
"Sales",402691,"Lichtman","Kousuke"
"Sales",402519,"Acton","Shuji"
"Sales",272805,"Mandell","Barry"
"Sales",402513,"Quaggetto","Sachin"
"Sales",281981,"Ishibashi","Youssef"
"Sales",443431,"Kalorkoti","Marl"
"Sales",402506,"Swan","JiYoung"
"Sales",451077,"Kading","Trygve"
"Sales",491742,"Merro","Turgut"
"Sales",401261,"Szilard","Phule"
"Sales",471912,"Cappello","Kamran"
"Sales",469012,"Smeets","Suzette"
"Sales",491768,"Masaki","Toney"
"Sales",402444,"Barbanera","Marke"
"Sales",451049,"Melichar","Udo"
"Sales",272783,"Kulisch","Babette"
"Sales",286108,"Bellmore","Jordanka"
"Sales",272774,"Krychniak","Dipankar"
"Sales",272768,"Rohrbach","Slavian"
"Sales",443551,"Pulkowski","Matk"
"Sales",456739,"Lindqvist","Yoshimitsu"
"Sales",402252,"Kamble","Rosella"
"Sales",266933,"Piveteau","Djelloul"
"Sales",443597,"Showalter","Prasadram"
"Sales",443603,"Poupard","Christfried"
"Sales",443613,"Pillow","Laurentiu"
"Sales",272743,"Haraldson","Mona"
"Sales",443637,"Guenter","Mohua"
"Sales",451046,"Uhrig","Arch"
"Sales",272542,"Sury","Rosita"
"Sales",475569,"Rouquie","Anestis"
"Sales",450990,"Ramras","Randi"
"Sales",401983,"Mamelak","Pranay"
"Sales",491790,"Pargaonkar","Cheong"
"Sales",253544,"Jenevein","Hailing"
"Sales",491794,"Anick","Chuanti"
"Sales",401969,"Pleszkun","Guozhong"
"Sales",462231,"Albarhamtoshy","Anneke"
"Sales",469054,"Senzako","Pradeep"
"Sales",401492,"Porenta","Chuanyi"
"Sales",272519,"Reutenauer","Tru"
"Sales",443841,"Kading","Shaw"
"Sales",443842,"Zizka","Pantung"
"Sales",469059,"Hofstetter","Margo"
"Sales",272501,"Smeets","Divine"
"Sales",401521,"Tokunaga","Honglan"
"Sales",272490,"Yetto","Annemarie"
"Sales",401525,"Menhardt","Honglan"
"Sales",289035,"Doering","Juyoung"
"Sales",469062,"Flexer","Serif"
"Sales",401605,"Levergood","Lunjin"
"Sales",401388,"Akaboshi","Katsuyuki"
"Sales",266903,"Borstler","Subhash"
"Sales",443916,"Callaway","Kersti"
"Sales",272465,"Rikino","Niranjan"
"Sales",266890,"Zweizig","Youjian"
"Sales",401662,"Schaar","Lorien"
"Sales",401111,"Denos","Wuxu"
"Sales",272458,"Moffat","Rildo"
"Sales",266870,"Bernatsky","Kristinn"
"Sales",401107,"Cronin","Seongbin"
"Sales",272444,"Lorys","Youpyo"
"Sales",491885,"Denny","Honglan"
"Sales",262068,"Angot","Divine"
"Sales",292023,"Rullman","Demos"
"Sales",444084,"Bresenham","Domenico"
"Sales",444088,"Usdin","Fay"
"Sales",401003,"Sommen","Honesty"
"Sales",444123,"Schonegge","Weiyi"
"Sales",491889,"Stifter","Ung"
"Sales",444137,"Makinen","Van"
"Sales",400956,"Streit","Kinh"
"Sales",400945,"Litvinov","Olivera"
"Sales",400944,"Dechter","Dzung"
"Sales",450961,"Morrow","Moni"
"Sales",450958,"Hardjono","Ferdinand"
"Sales",444877,"Sudkamp","Zhaofang"
"Sales",272401,"Rodier","Kerryn"
"Sales",444883,"Rosca","Prodip"
"Sales",498785,"Babu","Kensyu"
"Sales",289022,"Czap","Bowen"
"Sales",469100,"Duclos","Guther"
"Sales",400787,"Gimarc","Alain"
"Sales",400784,"Schmezko","Aloke"
"Sales",456698,"Bamford","Arve"
"Sales",498248,"Suwa","Munir"
"Sales",469123,"Papastamatiou","Yongdong"
"Sales",444997,"Demke","Tamiya"
"Sales",491952,"Kleiser","Karoline"
"Sales",266865,"Mawatari","Tuval"
"Sales",472365,"Schrift","Demin"
"Sales",445213,"Crelier","Heeju"
"Sales",445225,"Kroha","Kwan"
"Sales",469134,"Biros","Irene"
"Sales",266850,"Rehfuss","Charmane"
"Sales",491972,"Honiden","Haldon"
"Sales",400777,"Murthy","Rasikan"
"Sales",492054,"Hatcliff","Cheong"
"Sales",400761,"Reeken","Aloke"
"Sales",400745,"Pelc","Itzchak"
"Sales",445271,"Eldridge","Eran"
"Sales",469147,"Pehl","Jessie"
"Sales",400718,"Frolund","Aamer"
"Sales",492130,"Bach","Lihong"
"Sales",445306,"Taubman","Arvind"
"Sales",445332,"Waleschkowski","Marjo"
"Sales",445352,"Salinas","Souichi"
"Sales",445361,"Falby","Utpal"
"Sales",286195,"Hofting","Karlis"
"Sales",271995,"Barreiro","Hsiangchu"
"Sales",492236,"Delgrande","Xiaocheng"
"Sales",445399,"Menhardt","Venkatesan"
"Sales",445403,"Demos","Vitaly"
"Sales",266849,"Asmuth","Gill"
"Sales",470976,"Dredge","Snehasis"
"Sales",400615,"Piveteau","Gadiel"
"Sales",450929,"Naumovich","Eirik"
"Sales",445464,"Condotta","Mohua"
"Sales",400592,"Swist","Monique"
"Sales",492286,"Cools","Deniz"
"Sales",266806,"Fordan","Hyuncheol"
"Sales",289015,"Yemenis","Masaki"
"Sales",445477,"Sanella","Tsuneo"
"Sales",286199,"Chenney","Conrado"
"Sales",445487,"Vasanthakumar","Margo"
"Sales",492337,"Junet","Greger"
"Sales",456643,"Furedi","Abdelaziz"
"Sales",445509,"Templeman","Hein"
"Sales",469186,"Pavlopoulou","Aral"
"Sales",266801,"Holburn","Lihong"
"Sales",400511,"Falby","Cathie"
"Sales",271883,"Boreale","Marsal"
"Sales",492417,"Hiroyama","Kauko"
"Sales",400472,"Sinitsyn","Leen"
"Sales",266794,"Reeken","Genevieve"
"Sales",266784,"Camarinopoulos","Boguslaw"
"Sales",400440,"Pashtan","Fox"
"Sales",492431,"Verhaegen","Hsiangchu"
"Sales",450893,"Gerlach","Ulises"
"Sales",475592,"Maginnis","Jinxi"
"Sales",400425,"Pileggi","Stamatina"
"Sales",286203,"Bugrara","Vesna"
"Sales",450869,"Bultermann","Apostol"
"Sales",400375,"Jumpertz","Gonzalo"
"Sales",445687,"Turnbull","Falguni"
"Sales",288988,"Kohling","Vishv"
"Sales",255081,"Harllee","Shridhar"
"Sales",400340,"Famili","Gio"
"Sales",253540,"Grabner","Munir"
"Sales",271807,"Landherr","Bojan"
"Sales",400339,"Varley","Shaibal"
"Sales",400277,"Zielinski","Masoud"
"Sales",266724,"Gide","Cathie"
"Sales",446941,"Lodder","Kerryn"
"Sales",446946,"Stellhorn","Djenana"
"Sales",271789,"Aamodt","Valeri"
"Sales",469300,"Androutsos","Fumitaka"
"Sales",283114,"Pettit","Vishv"
"Sales",456622,"Kragelund","Radhika"
"Sales",271753,"McAlpine","Reinhold"
"Sales",400198,"Garnick","Gor"
"Sales",447008,"Cooman","Zsolt"
"Sales",495024,"Woycyznski","Dung"
"Sales",447034,"Erol","Shay"
"Sales",462253,"Rathonyi","Percy"
"Sales",447552,"Bashian","Christ"
"Sales",400132,"Beidas","Hyuckchul"
"Sales",266714,"Ranum","Pragnesh"
"Sales",469332,"Cichocki","Marjo"
"Sales",492517,"Nooteboom","Barna"
"Sales",400076,"Marciano","Zhensheng"
"Sales",255078,"Kornyak","Gaurav"
"Sales",447621,"Picci","Jaber"
"Sales",450809,"Mukaidono","Ziya"
"Sales",400023,"Jarecki","Moss"
"Sales",475624,"Mahnke","Mohua"
"Sales",492544,"Wielonsky","Remko"
"Sales",299814,"Ritzmann","Kiam"
"Sales",447879,"Radivojevic","Ramalingam"
"Sales",271647,"Ebeling","Edwin"
"Sales",299769,"Langford","Jianhao"
"Sales",299709,"Marrevee","Jinxi"
"Sales",299680,"Katalagarianos","Sadegh"
"Sales",288969,"Vigier","Indrajit"
"Sales",495063,"Bahr","Yaghout"
"Sales",475643,"Puppo","Zissis"
"Sales",447931,"Jeong","Martijn"
"Sales",447963,"Bratsberg","Nidapan"
"Sales",492614,"Frolund","Xiaoshan"
"Sales",492628,"Hoogerwoord","Valdiodio"
"Sales",456592,"Wossner","Tesuro"
"Sales",266608,"Sessa","Amstein"
"Sales",286219,"Rehfuss","Gita"
"Sales",271528,"Koblick","Aruna"
"Sales",299308,"Cappelletti","Fumiya"
"Sales",456580,"Fortenbacher","Marsha"
"Sales",286233,"Standera","Kellyn"
"Sales",266515,"Pouyioutas","Stafford"
"Sales",448247,"Sadowsky","Christoph"
"Sales",448250,"Teitelbaum","Susumu"
"Sales",492721,"Perly","Samphel"
"Sales",448288,"Kalefeld","Berry"
"Sales",266500,"Brickell","Hidekazu"
"Sales",472678,"Gruenwald","Mitsuyuki"
"Sales",448324,"Crelier","Sarita"
"Sales",299225,"Lorho","Hilari"
"Sales",299181,"Schusler","Dietrich"
"Sales",469425,"Kampfer","Teunis"
"Sales",255039,"Leaver","Chuanti"
"Sales",271460,"Danecki","Paraskevi"
"Sales",448391,"Kusalik","Berthier"
"Sales",271451,"Leijenhorst","Bluma"
"Sales",456411,"Maraist","Masanao"
"Sales",402048,"Picci","Shushma"
"Sales",448440,"Bala","Idoia"
"Sales",402056,"Larfeldt","Bezalel"
"Sales",298892,"Cannata","Alejandro"
"Sales",298840,"Hegner","Yagil"
"Sales",298798,"Mitzlaff","Gita"
"Sales",298728,"Zizka","Shaw"
"Sales",448544,"Gecsei","Richara"
"Sales",298722,"Taubenfeld","Nahla"
"Sales",266473,"Quadeer","Hauke"
"Sales",255035,"Erbe","Reinhold"
"Sales",472298,"Larfeldt","Berto"
"Sales",298691,"Talmor","Tonny"
"Sales",492831,"Liesche","Yonghong"
"Sales",266471,"Birke","Quingbo"
"Sales",448762,"Lakshmanan","Hirochika"
"Sales",266455,"Socorro","Lijie"
"Sales",266442,"Geffroy","Tooru"
"Sales",448789,"Ranai","Lucian"
"Sales",448794,"Bage","Kristinn"
"Sales",495267,"Angelopoulos","Giordano"
"Sales",402060,"Adachi","Sigeru"
"Sales",283635,"Porenta","Alejandra"
"Sales",402068,"Garnham","Faiza"
"Sales",448846,"Lipner","Abdulla"
"Sales",448852,"Lagarias","Manu"
"Sales",298354,"Rahimi","Kousuke"
"Sales",266431,"Ohori","Chikako"
"Sales",463272,"Baig","Alagu"
"Sales",271377,"Hasenauer","Toshiki"
"Sales",271360,"Fargier","Dipayan"
"Sales",465403,"Spelt","Arunas"
"Sales",298093,"Birke","Masanao"
"Sales",476013,"Solares","Zejun"
"Sales",266389,"Pauthner","Armond"
"Sales",492904,"Thorensen","Miyeon"
"Sales",469534,"Weisert","Bedir"
"Sales",298044,"Koshiba","Jaideep"
"Sales",298037,"Passafiume","Indrajit"
"Sales",271342,"Couchot","Surveyors"
"Sales",271311,"Gargeya","Christ"
"Sales",402106,"Thummel","Fumiya"
"Sales",297938,"Sanella","Manohar"
"Sales",297895,"Hebden","Fen"
"Sales",266248,"Plesums","Erzsebet"
"Sales",297868,"Anido","Leif"
"Sales",492919,"Baby","Khatoun"
"Sales",449903,"Billingsley","Teruyuki"
"Sales",266239,"Schaar","Henk"
"Sales",297864,"Goldhammer","Martial"
"Sales",297843,"Breugel","Kazunori"
"Sales",266146,"Chinen","Elrique"
"Sales",463285,"Lally","Piyush"
"Sales",449947,"Guting","Wilmer"
"Sales",450280,"Gente","Manu"
"Sales",449962,"Heystek","Marsal"
"Sales",297827,"Masada","Temple"
"Sales",449987,"Ariola","Seongbin"
"Sales",469586,"Lambe","Youpyo"
"Sales",450030,"Pearson","Gully"
"Sales",469596,"Solares","Sudharsan"
"Sales",463296,"Chorvat","Xiaoshan"
"Sales",450234,"Alencar","Xianlong"
"Sales",283699,"Welham","Xiaopeng"
"Sales",469628,"DeMori","Somnath"
"Sales",493095,"Conte","Yuping"
"Sales",297697,"Gopalakrishnan","Shahab"
"Sales",495284,"Schwabacher","Spyrose"
"Sales",469631,"Plumb","Honglan"
"Sales",459315,"Birnbaum","Emdad"
"Sales",252985,"Ramsak","Giordano"
"Sales",297299,"Brodie","Xiaobin"
"Sales",493102,"Aamodt","Srinidhi"
"Sales",460488,"Munch","Kaijung"
"Sales",266091,"Kroon","Isaac"
"Sales",450183,"Baja","Yishai"
"Sales",469664,"Basawa","Leandro"
"Sales",297143,"Rahier","Sachin"
"Sales",266063,"Sankaranarayanan","Hidde"
"Sales",271184,"Schlenzig","Maja"
"Sales",281944,"Diderrich","Malu"
"Sales",297121,"Brobst","Yolla"
"Sales",450157,"Bugrara","Radoslaw"
"Sales",402584,"Koblick","Rimli"
"Sales",452118,"Matzov","Guangming"
"Sales",469678,"Clemencon","Dmitry"
"Sales",297100,"Schaap","Bangqing"
"Sales",469680,"Peron","Angel"
"Sales",493114,"Hofting","Sibyl"
"Sales",469714,"Ciolek","Foong"
"Sales",402604,"Cooley","Mabhin"
"Sales",297041,"Quadeer","Zhenbing"
"Sales",452180,"Oxman","Godehard"
"Sales",452211,"Vanwelkenhuysen","Xinyu"
"Sales",296977,"DeMori","Tsutomu"
"Sales",460489,"Hammerschmidt","Gita"
"Sales",452246,"Apsitis","Olivera"
"Sales",266057,"Gunderson","Neven"
"Sales",469723,"Couchot","Kellyn"
"Sales",452271,"Lakshmanan","Tua"
"Sales",452275,"Penttonen","Sachar"
"Sales",296971,"Baalen","Uma"
"Sales",493134,"Levergood","Constantino"
"Sales",402629,"Verhaegen","Chiranjit"
"Sales",296951,"Gist","Alselm"
"Sales",266013,"Basawa","Felicidad"
"Sales",452352,"Stentiford","Toshimitsu"
"Sales",265971,"Serov","Kotesh"
"Sales",265970,"Ratzlaff","Dekang"
"Sales",469761,"Erde","Mohammed"
"Sales",450137,"Chandrasekhar","Laurentiu"
"Sales",452422,"Birdsall","Laurentiu"
"Sales",271119,"Henders","Kayoko"
"Sales",452438,"Manderick","Remzi"
"Sales",452447,"Nivat","Souichi"
"Sales",452448,"Kaiser","Chandrasekaran"
"Sales",296857,"Reghbati","Toshimo"
"Sales",265951,"Suermann","Edwin"
"Sales",296765,"Mullainathan","Theirry"
"Sales",296756,"Neimat","Xiadong"
"Sales",452501,"Brattka","Zengping"
"Sales",296717,"Tramer","Samphel"
"Sales",296694,"Saoudi","Ramachenga"
"Sales",296453,"Gerteisen","Tadanori"
"Sales",281931,"Picht","Nahid"
"Sales",452541,"Strandh","Morris"
"Sales",469821,"Andreotta","Aluzio"
"Sales",452553,"Baalen","Jagoda"
"Sales",493157,"Stamatiou","Shaowen"
"Sales",452564,"Solovay","Anneli"
"Sales",296431,"Goldhammer","Basil"
"Sales",450091,"Selvestrel","Kauko"
"Sales",296151,"Swick","Nishit"
"Sales",265930,"Trachtenberg","Uriel"
"Sales",450082,"Kruskal","Barton"
"Sales",296141,"Muhlberg","Hyuncheol"
"Sales",452628,"Panienski","Bingning"
"Sales",296113,"Lampe","Sashi"
"Sales",452638,"Itzfeldt","Hairong"
"Sales",296104,"Solovay","Subhada"
"Sales",283713,"Renear","Arumugam"
"Sales",271066,"Marrakchi","Chenye"
"Sales",452670,"Kenevan","Kousuke"
"Sales",296001,"Farrel","Stevo"
"Sales",294255,"Rusmann","Wojceich"
"Sales",452714,"Ohori","Saniya"
"Sales",286278,"Roccetti","Takahiro"
"Sales",465392,"Ruemmler","Laurentiu"
"Sales",403378,"Reghbati","Nechama"
"Sales",472295,"Molberg","Sastry"
"Sales",452735,"Felder","Sanjoy"
"Sales",493279,"Flexer","Krisda"
"Sales",476065,"Botman","Shuho"
"Sales",469866,"McClure","Gadiel"
"Sales",452766,"Hanratty","Guadalupe"
"Sales",294193,"Pettey","Subhankar"
"Sales",452783,"Skrikant","Prodip"
"Sales",493295,"Birjandi","Aria"
"Sales",469886,"Comellas","Susanna"
"Sales",403410,"Chinal","Abdelwaheb"
"Sales",293916,"Steinauer","Goncalo"
"Sales",271000,"Chinen","Sadegh"
"Sales",265886,"Chleq","Ult"
"Sales",293914,"Garrabrants","Jungsoon"
"Sales",452945,"Bernick","Augustine"
"Sales",460492,"Kilgore","Adam"
"Sales",403436,"Diderrich","Guenter"
"Sales",469925,"Morrow","Gopalakrishnan"
"Sales",493325,"dAstous","Adly"
"Sales",449862,"Kuszyk","Naftali"
"Sales",472911,"Alameldin","Wonhee"
"Sales",293868,"Kugler","Yongqiao"
"Sales",293866,"Cooman","Hirochika"
"Sales",453080,"Selenyi","Sigeru"
"Sales",453085,"Molenaar","Shushma"
"Sales",456378,"Gecsel","Adly"
"Sales",293834,"Thummel","Kotesh"
"Sales",453103,"Perry","Kiyotoshi"
"Sales",270939,"Zuberek","Poorav"
"Sales",453115,"Braunschweig","Fatemeh"
"Sales",453120,"Fraisse","Eldridge"
"Sales",254997,"Bach","Luisa"
"Sales",265885,"Samarati","Piyush"
"Sales",293821,"Garnick","Abdelwaheb"
"Sales",493425,"Pulkowski","Idoia"
"Sales",265848,"Lyonns","Arfst"
"Sales",293425,"Kitsuregawa","Duro"
"Sales",456373,"Mitsuhashi","Subir"
"Sales",453151,"Rosiles","Yuping"
"Sales",270538,"Cannane","Geoffrey"
"Sales",456368,"Penz","Geoff"
"Sales",453167,"Hofstetter","Jagoda"
"Sales",453170,"Maccarone","Chandrasekaran"
"Sales",293114,"Cochrane","Mohd"
"Sales",264341,"Staelin","Shin"
"Sales",453195,"Ducloy","Kensei"
"Sales",453198,"Siksek","Uta"
"Sales",293079,"Gecsei","Saeko"
"Sales",403485,"Larfeldt","Jeane"
"Sales",498864,"Bodoff","Munehiko"
"Sales",270486,"Schwabacher","Randy"
"Sales",453246,"Ramsey","Leaf"
"Sales",453258,"Zucker","Munir"
"Sales",293000,"Birnbaum","Aleksander"
"Sales",449831,"Senzako","Christoph"
"Sales",453331,"Condotta","Mostafa"
"Sales",265754,"Schiettecatte","Arunachalam"
"Sales",292609,"Sudkamp","Huan"
"Sales",493474,"Farrel","Adib"
"Sales",265737,"Barvinok","Chirstian"
"Sales",292548,"Savasere","Vidya"
"Sales",453402,"Karner","Fumiyo"
"Sales",470033,"Ciolek","Carrsten"
"Sales",292499,"Mayerwieser","Takahira"
"Sales",453441,"Tibblin","Ortrud"
"Sales",60213,"Benzaken","Niclas"
"Sales",453479,"Sudbeck","Zhensheng"
"Sales",493513,"Baezner","Mrinalini"
"Sales",291272,"Velardi","Ekawit"
"Sales",292227,"Bennet","Ekawit"
"Sales",453500,"Demos","Arfst"
"Sales",60032,"Stasinski","Takanari"
"Sales",265702,"Zielinski","Yongmin"
"Sales",465344,"Suppi","Cullen"
"Sales",283740,"Selenyi","Stella"
"Sales",290796,"Oxman","Kotesh"
"Sales",453586,"Bednarek","Nitsan"
"Sales",265268,"Lally","Yoshinari"
"Sales",290746,"Wroclawski","Augustine"
"Sales",59931,"Sewelson","Suzette"
"Sales",493599,"Saoudi","Leon"
"Sales",453640,"Kolinko","Suebskul"
"Sales",493620,"Lenart","Douadi"
"Sales",288802,"Champarnaud","Hideyuki"
"Sales",453666,"Middleton","Elliott"
"Sales",290691,"Hanratty","Vitali"
"Sales",281928,"Gewali","Lidong"
"Sales",265256,"Sundgren","Moie"
"Sales",476323,"Fortenbacher","Heng"
"Sales",290651,"Lagarias","Otilia"
"Sales",470132,"Stentiford","Constantijn"
"Sales",290646,"Farrag","Shounak"
"Sales",459798,"Chaudhury","Stamatina"
"Sales",453774,"Shanbhogue","Peer"
"Sales",453786,"Cannata","Yagil"
"Sales",290349,"Comyn","Kazuyasu"
"Sales",453837,"Basawa","Shrikanth"
"Sales",453905,"Swift","Martina"
"Sales",290323,"Solovay","Hein"
"Sales",403548,"Conia","Bernardo"
"Sales",470148,"Porenta","George"
"Sales",470150,"Foong","Richard"
"Sales",289151,"Dulay","Udaiprakash"
"Sales",288781,"Shobatake","Hidde"
"Sales",453957,"Breugel","Prasadram"
"Sales",403573,"Binding","Eirik"
"Sales",288749,"Trumbly","Surveyors"
"Sales",449778,"Bahr","Youjian"
"Sales",449773,"Ghazalie","Kwangjo"
"Sales",281924,"Stentiford","Gennady"
"Sales",59885,"Danlos","Radhika"
"Sales",493663,"Erev","Premal"
"Sales",288688,"Condotta","Tse"
"Sales",493668,"Gente","Gro"
"Sales",288646,"Braunmuhl","Cheong"
"Sales",288590,"Reeken","Hailing"
"Sales",265215,"Rissanen","Pohua"
"Sales",59861,"Ruther","Changho"
"Sales",463337,"Hennings","Miquel"
"Sales",288565,"Ramras","Munehiro"
"Sales",493708,"Heemskerk","Avishai"
"Sales",454144,"Scallan","Zhongwei"
"Sales",264992,"Manders","Boalin"
"Sales",476406,"Milicia","Arunachalam"
"Sales",288500,"Merli","Abdelaziz"
"Sales",454160,"Dalphin","Niclas"
"Sales",470203,"Ellozy","Renee"
"Sales",493732,"Bale","Zsolt"
"Sales",49318,"DeMori","Shichao"
"Sales",493747,"Ibel","Wayne"
"Sales",49327,"Bultermann","Arup"
"Sales",49293,"Leaver","Saddek"
"Sales",493750,"Wrigley","Genki"
"Sales",403653,"Assaf","Shan"
"Sales",454195,"Pettit","Dmitry"
"Sales",49216,"Hoppenstand","Manu"
"Sales",493761,"Arlazarov","Giap"
"Sales",48984,"Cronan","Ebru"
"Sales",493773,"Quittner","Yonghoan"
"Sales",454196,"Mansanne","Ingemar"
"Sales",286444,"Srimani","Marin"
"Sales",49632,"Marrevee","Giap"
"Sales",497263,"Ouhyoung","Yucel"
"Sales",449763,"Yurek","Raimond"
"Sales",49647,"Claffy","Jiakeng"
"Sales",454231,"Schoegge","Giordano"
"Sales",48953,"Munawer","Lunjin"
"Sales",48947,"Akaboshi","Filipp"
"Sales",48940,"Heinisuo","Surveyors"
"Sales",49696,"Bondorf","Sandeepan"
"Sales",49698,"Rikino","Lucien"
"Sales",49714,"Garrabrants","Kirk"
"Sales",49728,"Denny","Xiong"
"Sales",48919,"Birge","Sergi"
"Sales",48908,"Biran","Nahum"
"Sales",49745,"Improta","Vitali"
"Sales",48889,"Serov","Ebbe"
"Sales",286465,"Billingsley","TRUE"
"Sales",264373,"Rajaraman","Utz"
"Sales",454243,"Uehara","Michaela"
"Sales",50003,"McClure","Avishai"
"Sales",48586,"Stellhorn","Krassimir"
"Sales",493800,"Zallocco","Constantine"
"Sales",403688,"Fadgyas","Bezalel"
"Sales",48559,"Impagliazzo","Hatsukazu"
"Sales",403700,"Picco","Cedric"
"Sales",493846,"Velardi","Vidya"
"Sales",286521,"Syrzycki","Ortrun"
"Sales",454295,"Wendorf","Xumin"
"Sales",48302,"Beetstra","Shen"
"Sales",288393,"Lakshmanan","Bernd"
"Sales",48299,"Krychniak","Abdelaziz"
"Sales",476428,"Kambil","Zdislav"
"Sales",48286,"Ranum","Roded"
"Sales",59673,"Merks","Marla"
"Sales",254954,"Rissanen","Torsten"
"Sales",48225,"Osgood","Paris"
"Sales",48215,"Msuda","Bartek"
"Sales",48208,"Heydon","Lech"
"Sales",493990,"Ertl","Boalin"
"Sales",50421,"Vanwelkenhuysen","Vincent"
"Sales",454307,"Denis","Rayond"
"Sales",50429,"Berztiss","Mikhail"
"Sales",48197,"Siepmann","Fun"
"Sales",48194,"Baek","Lena"
"Sales",47969,"Rosis","Tuval"
"Sales",47942,"Luby","Chriss"
"Sales",47941,"Schwartzburd","Srinidhi"
"Sales",494006,"Fordan","Syozo"
"Sales",50479,"Ramsey","Mitsuyuki"
"Sales",494023,"Pulkowski","Zhenhua"
"Sales",47867,"Niizuma","Sajjad"
"Sales",50674,"Deverell","Marsal"
"Sales",470630,"Jarecki","Huican"
"Sales",47840,"Syrotiuk","Sugwoo"
"Sales",50735,"Auria","Kazunori"
"Sales",50744,"Falby","Kaijung"
"Sales",449629,"Basawa","Tonny"
"Sales",47826,"Hooghiemstra","Temple"
"Sales",470627,"Cooke","Pranay"
"Sales",264983,"Swick","Martine"
"Sales",47642,"Dalton","Sasan"
"Sales",59623,"Staudhammer","Pantung"
"Sales",47634,"Gihr","Richard"
"Sales",47569,"Decleir","Alagu"
"Sales",292312,"Morrey","Angus"
"Sales",47539,"Mayerwieser","Marek"
"Sales",476477,"Bernini","Hugh"
"Sales",47519,"Fontet","Mohamadou"
"Sales",59621,"Binding","Mads"
"Sales",449577,"Brobst","Serap"
"Sales",51120,"Akazan","Demin"
"Sales",51129,"Guting","Divier"
"Sales",449564,"Farris","Sham"
"Sales",51150,"Ferriere","Mona"
"Sales",59610,"Gustavson","Uri"
"Sales",47475,"Pehl","Hiroyasu"
"Sales",47426,"Perng","Shichao"
"Sales",51345,"Segond","Tetsushi"
"Sales",454342,"Jording","Tonia"
"Sales",494044,"Glinert","Angel"
"Sales",47392,"Bashian","Shietung"
"Sales",449511,"Schaaf","Bernt"
"Sales",59562,"Kulisch","Izaskun"
"Sales",47130,"Benveniste","Sandeepan"
"Sales",51423,"Niizuma","Weiwu"
"Sales",494047,"Bierman","Hideyuki"
"Sales",454375,"Paludetto","Nevio"
"Sales",47069,"Homond","Idoia"
"Sales",47037,"Docker","Jagoda"
"Sales",59550,"Cromarty","Shimshon"
"Sales",449456,"Binding","Cullen"
"Sales",47007,"Giarratana","Chanjung"
"Sales",51502,"Munawer","Slavian"
"Sales",264955,"Muniz","Souichi"
"Sales",264933,"Karnin","Minghong"
"Sales",288239,"Camarinopoulos","Jasminko"
"Sales",287741,"Lanzelotte","Branimir"
"Sales",51581,"Gien","Moss"
"Sales",494053,"Schapire","Make"
"Sales",46793,"Pintelas","Heather"
"Sales",494105,"Himler","Mabhin"
"Sales",46764,"Swab","Mari"
"Sales",403805,"Cannard","Yefim"
"Sales",51848,"Swiss","Lillian"
"Sales",494128,"Chiodo","Brewster"
"Sales",51862,"Ozeki","Gonzalo"
"Sales",51876,"Fontet","Mamdouh"
"Sales",59485,"Birrer","Ravishankar"
"Sales",476701,"Gimarc","Guadalupe"
"Sales",51888,"Rosar","Boriana"
"Sales",454430,"Billawala","Theirry"
"Sales",46445,"Copas","Ortrun"
"Sales",51912,"Ohori","Geoffry"
"Sales",494136,"Edelhoff","Florian"
"Sales",454444,"Wynblatt","Mamdouh"
"Sales",51925,"Conia","Bader"
"Sales",46442,"Lally","Marit"
"Sales",46441,"Millington","Lidong"
"Sales",472702,"Antonakopoulos","Rosita"
"Sales",51961,"Schade","Ramalingam"
"Sales",46374,"Nyanchama","Aris"
"Sales",46331,"Birch","Mokhtar"
"Sales",288222,"Mahnke","Kiam"
"Sales",46319,"Hmelo","Lidong"
"Sales",494216,"Portugali","Hideo"
"Sales",52202,"Openshaw","Honesty"
"Sales",460510,"Zolotykh","Christfried"
"Sales",52208,"Georg","Remzi"
"Sales",476736,"Waleschkowski","Theirry"
"Sales",470311,"Oxman","Shaleah"
"Sales",494239,"Bernardinello","Irene"
"Sales",46049,"Verhaegen","Lubomir"
"Sales",454496,"Serna","Leif"
"Sales",264873,"Highland","Shigeichiro"
"Sales",287681,"Ouhyoung","Pranav"
"Sales",472435,"Stasinski","Demin"
"Sales",52324,"Kawashimo","Tonia"
"Sales",45714,"Backhouse","Yaghout"
"Sales",52513,"Mungall","Elvis"
"Sales",45701,"Sichman","Ranan"
"Sales",494267,"Simmen","Yaghout"
"Sales",52536,"Huhdanpaa","Hilari"
"Sales",52541,"Panangaden","Heather"
"Sales",494275,"Trachtenberg","Chuanti"
"Sales",449410,"Hinsberger","Kannan"
"Sales",494279,"Selvestrel","Dipayan"
"Sales",59380,"Berendt","Zvonko"
"Sales",288108,"Demian","Kwok"
"Sales",470618,"Demos","Pantung"
"Sales",403885,"Erman","Susanna"
"Sales",45092,"Chandrasekhar","Francesca"
"Sales",45049,"Constantine","Eberhardt"
"Sales",52666,"Holburn","Duri"
"Sales",498879,"Coombs","Masako"
"Sales",499967,"Bodoff","Bangqing"
"Sales",449342,"Gips","Aluzio"
"Sales",499926,"Perfilyeva","Youpyo"
"Sales",288078,"Ginneken","Aria"
"Sales",470344,"Rosca","Takahira"
"Sales",499894,"Lamba","Maja"
"Sales",454595,"Majewski","Mabry"
"Sales",403907,"Pleszkun","Ashish"
"Sales",449296,"Doering","Kensei"
"Sales",52926,"Vasanthakumar","Mariusz"
"Sales",499842,"Cairo","Marco"
"Sales",59178,"Khalid","Satosi"
"Sales",52962,"Cappelli","Hein"
"Sales",52973,"Smailagic","Tetsurou"
"Sales",499763,"Daescu","Uriel"
"Sales",454655,"Garnick","Kaijung"
"Sales",499757,"Kugler","Fox"
"Sales",288069,"Castellani","Yannik"
"Sales",449288,"Gopalakrishnan","Fabrizio"
"Sales",288016,"Kalorkoti","Behnaam"
"Sales",252640,"Reistad","Apostol"
"Sales",499717,"Isaak","Lucian"
"Sales",494449,"Tchuente","Ronnie"
"Sales",264835,"Markovitch","Tsvetan"
"Sales",292378,"Harllee","Mang"
"Sales",499689,"Sommer","Kinh"
"Sales",449274,"Stifter","Padma"
"Sales",403929,"Warwick","Arunachalam"
"Sales",494460,"Jervis","Horward"
"Sales",499610,"Vernadat","Kiyokazu"
"Sales",287946,"Horswill","Irene"
"Sales",476754,"Beutelspacher","Susanna"
"Sales",454749,"Roohalamini","Almudena"
"Sales",494532,"Wiegley","Moon"
"Sales",494556,"Schusler","Ashish"
"Sales",53550,"Fontet","Aloke"
"Sales",494744,"Kamber","Stein"
"Sales",470386,"dAstous","Yongmin"
"Sales",470614,"Boyle","Tru"
"Sales",499484,"Vigier","Mads"
"Sales",53578,"Valiente","Waiman"
"Sales",58822,"Schoegge","Elliott"
"Sales",499379,"Rikino","Denny"
"Sales",58807,"Koshino","Murthy"
"Sales",264405,"Hinsberger","Jingling"
"Sales",53624,"Akiyama","Zdislav"
"Sales",499327,"Bardell","Subhankar"
"Sales",470401,"Roohalamini","Inderjeet"
"Sales",472967,"Danecki","Fayez"
"Sales",53661,"Wixon","Kaijung"
"Sales",287937,"Magalhaes","Shuho"
"Sales",460562,"Hertweck","Naftaly"
"Sales",253118,"Greenaway","Abdelghani"
"Sales",53682,"Cesareni","Behnaam"
"Sales",499318,"Ozeki","Hideyuki"
"Sales",454786,"Marchegay","Lokesh"
"Sales",499279,"Petereit","Kshitij"
"Sales",286632,"Ghemri","Bingning"
"Sales",494779,"Babu","Mang"
"Sales",449002,"Kowalchuk","Teiji"
"Sales",286664,"Landherr","Shigeu"
"Sales",494791,"Emden","Shim"
"Sales",497297,"Morrey","Abdelwaheb"
"Sales",497317,"Brendel","Deniz"
"Sales",53835,"Sherertz","Francesca"
"Sales",403987,"Diderrich","Sudhanshu"
"Sales",264410,"Hiroyama","Ibibia"
"Sales",54045,"Akaboshi","Udaiprakash"
"Sales",54055,"Famili","Mitsuyuki"
"Sales",494835,"Compeau","Yongqiao"
"Sales",287881,"Decaestecker","Gunilla"
"Sales",264421,"Kilgour","Radoslaw"
"Sales",287876,"Hardjono","Yinlin"
"Sales",499066,"Jarecki","Sumali"
"Sales",494847,"Panwar","Georg"
"Sales",264811,"Gist","Adib"
"Sales",58517,"Stentiford","Zita"
"Sales",404001,"Seuren","Mizuhito"
"Sales",58505,"Nyrup","Takushi"
"Sales",499057,"Magliocco","Zita"
"Sales",499035,"Neiman","Lene"
"Sales",456069,"Dahlbom","Jeanne"
"Sales",287829,"Baranowski","Trygve"
"Sales",54358,"Peot","Teiji"
"Sales",494855,"Murthy","Samphel"
"Sales",498962,"Osgood","Herb"
"Sales",58427,"Frezza","Guozhong"
"Sales",498941,"Langford","Alselm"
"Sales",448981,"Michaels","Ulf"
"Sales",58420,"Kawashima","Reinhold"
"Sales",58403,"Krupka","Ayakannu"
"Sales",54465,"Bresenham","Torsten"
"Sales",54467,"Giaccio","Basant"
"Sales",404014,"Improta","Djelloul"
"Sales",54472,"Matzke","Danco"
"Sales",476765,"Bugaenko","Ishfaq"
"Sales",58401,"Garrabrants","Jiang"
"Sales",264426,"Molenaar","Vojin"
"Sales",283067,"Shihab","Bluma"
"Sales",54710,"Poujol","Nikolaos"
"Sales",498646,"Lung","Zvonko"
"Sales",498601,"Antonisse","Aran"
"Sales",454901,"Bruckman","Uriel"
"Sales",494871,"Antonakopoulos","Manu"
"Sales",498590,"Melski","Haldun"
"Sales",498587,"Gecsel","Shao"
"Sales",254889,"Sichman","Hitofumi"
"Sales",454903,"Schaar","Gennadi"
"Sales",283750,"Slobodova","Shahar"
"Sales",290939,"Feldhoffer","Gio"
"Sales",455998,"Panangaden","Dante"
"Sales",498356,"Baba","Patricia"
"Sales",498530,"Harnett","Turgut"
"Sales",281582,"Sessa","Behnaam"
"Sales",404068,"Erni","Horward"
"Sales",54838,"Hainaut","Arvin"
"Sales",454939,"Spinelli","Elrique"
"Sales",54851,"Journel","Shawna"
"Sales",455992,"Schrooten","Jamaludin"
"Sales",287498,"Pileggi","Kitty"
"Sales",55049,"Arlazarov","Chenyi"
"Sales",454957,"Radwan","Nidapan"
"Sales",55087,"Jonsson","Sashi"
"Sales",470474,"Boudaillier","Dung"
"Sales",292445,"Begiun","Billur"
"Sales",55102,"Zhang","Masamitsu"
"Sales",286710,"Jording","Suebskul"
"Sales",55107,"Reutenauer","Vatsa"
"Sales",254930,"Birke","Xinyu"
"Sales",55146,"Feldmann","Shaunak"
"Sales",58294,"Rajala","Jordanka"
"Sales",455965,"Rajcani","Masaki"
"Sales",498050,"Strooper","Martina"
"Sales",454991,"Koblick","Haldon"
"Sales",498003,"Steinauer","Mohamadou"
"Sales",287391,"Huxford","Josyula"
"Sales",287380,"Lorcy","Huican"
"Sales",497988,"Lodder","Weicheng"
"Sales",55378,"DeMori","Jaihie"
"Sales",455041,"Ballarin","Goetz"
"Sales",254915,"Rosenbaum","Zhaofang"
"Sales",455937,"Miara","Haldon"
"Sales",455047,"Luders","Subhankar"
"Sales",55421,"Chvatal","Brigham"
"Sales",55436,"Kumaresan","Dines"
"Sales",497573,"Rousseau","Jiann"
"Sales",404105,"Cyre","Minghong"
"Sales",284109,"Seuren","Irena"
"Sales",497466,"Luby","Make"
"Sales",495632,"Pollock","Cullen"
"Sales",58159,"Stanger","Mabo"
"Sales",495637,"Uhrig","Utz"
"Sales",495648,"Kowalchuk","Moni"
"Sales",287347,"Melton","Noritoshi"
"Sales",55609,"Lieberherr","Heon"
"Sales",497094,"Kumaresan","Bezalel"
"Sales",455244,"Eldridge","Moriyoshi"
"Sales",290935,"Pero","Thanasis"
"Sales",264702,"Schaap","Stamatina"
"Sales",55646,"Schmittgen","Jiakeng"
"Sales",58113,"Plumb","Sanjeeva"
"Sales",55654,"Suppi","Adas"
"Sales",463599,"Wossner","Branimir"
"Sales",497029,"Matteis","Toshimori"
"Sales",287275,"Coullard","Sham"
"Sales",286840,"Marchegay","Chaosheng"
"Sales",496991,"Rande","Ugo"
"Sales",496989,"Flasterstein","Nitsan"
"Sales",455308,"Perez","Kristof"
"Sales",496971,"Colorni","Jianwen"
"Sales",496955,"Sidou","Howell"
"Sales",55907,"Herbst","Ghassan"
"Sales",264476,"Papadias","Demin"
"Sales",58050,"Saoudi","Demin"
"Sales",55927,"Koyama","Yucai"
"Sales",286872,"Boissier","Sajjad"
"Sales",455319,"Pargas","Sandeepan"
"Sales",455329,"Kornatzky","Radhia"
"Sales",287179,"Gadepally","Rosli"
"Sales",496781,"Peris","Ronnie"
"Sales",495674,"Lamparter","Surveyors"
"Sales",404118,"Boreale","Moty"
"Sales",55977,"Wynblatt","Aram"
"Sales",455646,"Hofman","Bangqing"
"Sales",496754,"Cichocki","Mani"
"Sales",404123,"Encarnacion","Arfst"
"Sales",56017,"Tischendorf","Nikolaus"
"Sales",56212,"Muniz","Cordelia"
"Sales",455355,"Rotem","Remko"
"Sales",56226,"Rabehasaina","Shem"
"Sales",496656,"Broder","Wuxu"
"Sales",287112,"Crouzet","Kotesh"
"Sales",495747,"Saoudi","Moto"
"Sales",496650,"Aloisi","Arumugam"
"Sales",455427,"Anido","Ymte"
"Sales",455454,"Andreotta","Shuho"
"Sales",264501,"Sethi","Kankanahalli"
"Sales",455461,"Angel","Adam"
"Sales",56343,"Bahi","Karlis"
"Sales",56350,"Ariola","Boguslaw"
"Sales",57819,"Hellwagner","Wilmer"
"Sales",495848,"Renear","Ayonca"
"Sales",496458,"Rothe","Mads"
"Sales",56594,"Norsworthy","Arie"
"Sales",56609,"Hockney","Alair"
"Sales",287054,"Matzat","Shaleah"
"Sales",496429,"Luders","Takanari"
"Sales",476771,"Coney","Naftali"
"Sales",404145,"Danley","Masako"
"Sales",495874,"Chenney","Youngkon"
"Sales",496319,"Baranowski","Florian"
"Sales",495884,"Kragelund","Moto"
"Sales",57754,"Krone","Maria"
"Sales",281573,"Brodal","Kensei"
"Sales",496252,"Weedman","Marc"
"Sales",496235,"Copas","Yishai"
"Sales",57734,"Peek","Sailaja"
"Sales",57722,"Candan","Florina"
"Sales",286878,"Otillio","Sakthirel"
"Sales",495912,"Mitsuhashi","Shuichi"
"Sales",496209,"Schneeberger","Babette"
"Sales",56981,"Tischendorf","Marsja"
"Sales",496126,"Broomell","Tsuneo"
"Sales",292461,"Fandrianto","Sedat"
"Sales",496077,"Albarhamtoshy","Anyuan"
"Sales",287033,"Pettey","Pradeep"
"Sales",57024,"Narahari","Elgin"
"Sales",287032,"Boissier","Sachio"
"Sales",470536,"Stavenow","Gianluca"
"Sales",57213,"Gyorkos","Vugranam"
"Sales",496054,"Ecklund","Hugh"
"Sales",57224,"Dulay","Nagui"
"Sales",286896,"Spinelli","Mariusz"
"Sales",57231,"Kushner","Elgin"
"Sales",496051,"Schonegge","Mohamadou"
"Sales",496038,"Siksek","Candida"
"Sales",472233,"Ponthieu","Odinaldo"
"Sales",287025,"Qiwen","Hironobu"
"Sales",495986,"Stamatiou","Shaibal"
"Sales",57300,"Uhrig","Alejandro"
"Sales",57305,"Nitto","Chinya"
"Sales",57322,"Nastansky","Ortrud"
"Sales",495966,"Lindqvist","Danil"
"Sales",455598,"Brodie","Kousuke"
"Sales",448903,"Kornatzky","Jaewon"
"Sales",495956,"Kolvik","Edwin"
"Sales",57565,"Ranai","Kasidit"
"Sales",57639,"Swen","Souichi"
"Sales",495942,"Gunderson","Roddy"
"Sales",404233,"Nivat","Baziley"
"Sales",283057,"Nannarelli","Hatim"
"Sales",476772,"Zastre","Kish"
"Sales",404271,"Champarnaud","Kristof"
"Sales",284083,"Ritcey","Kannan"
"Sales",404278,"Kaltofen","Denny"
"Sales",472706,"Morrin","Kerryn"
"Sales",463535,"Uhrik","Arch"
"Sales",292671,"Granlund","DeForest"
"Sales",448142,"Thummel","Shahaf"
"Sales",448139,"Bain","Lillian"
"Sales",404339,"Eiron","Shahab"
"Sales",404348,"Carrere","Girolamo"
"Sales",284062,"Staudhammer","Lena"
"Sales",263410,"Fraisse","Vitaly"
"Sales",477045,"Haddadi","Kendra"
"Sales",263434,"Kambil","Bojan"
"Sales",404391,"Lemarechal","Akeel"
"Sales",448084,"Chiodo","Nirmal"
"Sales",281480,"Bahl","Divine"
"Sales",291460,"Weiland","Djenana"
"Sales",291470,"Nyanchama","Patricia"
"Sales",291483,"Gurbaxani","Prodip"
"Sales",447849,"Wissmann","Izaskun"
"Sales",404473,"Anily","Toshimi"
"Sales",281454,"Cichocki","Arne"
"Sales",281448,"Fujisaki","Rosalyn"
"Sales",477073,"Henders","Florina"
"Sales",463715,"Simkin","Nevio"
"Sales",447524,"Malinowski","Arch"
"Sales",283790,"Iacovou","Boalin"
"Sales",283987,"Geffroy","Shem"
"Sales",281416,"Kuzuoka","Sadun"
"Sales",447479,"Lupu","Venkatesan"
"Sales",477085,"Uludag","Valeri"
"Sales",460581,"Lung","Jacqueline"
"Sales",447464,"Reinhart","LiMin"
"Sales",261339,"Erbe","Moti"
"Sales",283362,"Smailagic","Mrinalini"
"Sales",447396,"Oberman","Kazuyasu"
"Sales",261335,"Iisaku","Weidon"
"Sales",463764,"Rodiger","TRUE"
"Sales",473035,"Erdi","Kwangsub"
"Sales",497790,"Zastre","IEEE"
"Sales",404676,"Cardazo","Elvis"
"Sales",447360,"Bressoud","Tuval"
"Sales",447356,"Maraist","Vivian"
"Sales",404683,"Foote","Mabhin"
"Sales",404692,"Gilg","Perry"
"Sales",447321,"Foote","Yishai"
"Sales",460929,"Anido","Anyuan"
"Sales",283812,"Stranks","Barna"
"Sales",447240,"Riefers","Maja"
"Sales",463798,"Ligten","Babette"
"Sales",404774,"Rijsenbrij","Masako"
"Sales",477355,"Zlotek","Rosine"
"Sales",263464,"Hitomi","Ranan"
"Sales",447232,"Schaaf","Aleksander"
"Sales",404820,"Awdeh","Arfst"
"Sales",404823,"Levergood","Vojin"
"Sales",281278,"Muhling","Aamod"
"Sales",447209,"Zyda","Sukumar"
"Sales",447192,"Alblas","Berni"
"Sales",447180,"Azumi","Cordelia"
"Sales",280200,"Waschkowski","Kristinn"
"Sales",404875,"Meszaros","Khatoun"
"Sales",261326,"Jiang","Kwun"
"Sales",280180,"Delgrande","Wilmer"
"Sales",404890,"Schreiter","Snehasis"
"Sales",472232,"Kroft","Abdulah"
"Sales",477360,"Kuszyk","Conal"
"Sales",463819,"Fadgyas","Mayuri"
"Sales",404960,"Joslin","Danil"
"Sales",280151,"Auyong","Kazuhira"
"Sales",280130,"Turnbull","Qingxiang"
"Sales",404983,"Rosti","Guadalupe"
"Sales",463177,"Leaver","Bernice"
"Sales",446846,"Parfitt","Nitsan"
"Sales",405007,"Sethi","Kayoko"
"Sales",263692,"Gyimothy","Remko"
"Sales",290851,"Gladwell","Nikolaos"
"Sales",263176,"Kaminger","Yuqun"
"Sales",473059,"Socorro","Udo"
"Sales",463168,"Danecki","Renee"
"Sales",405049,"Billingsley","Heng"
"Sales",283364,"Bresenham","Larisa"
"Sales",477423,"Verhaegen","Jovan"
"Sales",281207,"Kalloufi","Genta"
"Sales",477438,"Mitina","Mana"
"Sales",446606,"Merey","Odysseas"
"Sales",405107,"Deville","Claudi"
"Sales",405112,"Varker","Valeri"
"Sales",283816,"Walstra","Toshimori"
"Sales",446570,"Rabejac","Nakhoon"
"Sales",458826,"Douceur","Ranga"
"Sales",283861,"Zallocco","Kazuhira"
"Sales",446521,"Compeau","Margo"
"Sales",280062,"Condotta","Sashi"
"Sales",405202,"Brickell","Yishai"
"Sales",473089,"Serdy","Samphel"
"Sales",405230,"Kropp","Arto"
"Sales",405234,"Asser","Barry"
"Sales",446440,"Dolinsky","Marsal"
"Sales",446418,"Chelton","Pranav"
"Sales",477469,"Auyong","Yefim"
"Sales",460990,"Parascandalo","Domenick"
"Sales",477673,"Woycyznski","Mizuhito"
"Sales",446411,"Khalid","Martial"
"Sales",473340,"Danner","Yifei"
"Sales",446410,"Ishibashi","Marek"
"Sales",446403,"Geffroy","Nathan"
"Sales",405314,"Papastamatiou","Jingling"
"Sales",446299,"Narahari","Ennio"
"Sales",459711,"Junot","Fusako"
"Sales",463072,"Berztiss","Mikhail"
"Sales",446282,"Erva","Marit"
"Sales",446194,"Marquardt","Toshiki"
"Sales",463051,"Kawashima","Hsiangchu"
"Sales",446137,"Beeson","Patricio"
"Sales",446128,"Rajaraman","Filipe"
"Sales",473366,"Lorys","Fumino"
"Sales",292935,"Swab","Kagan"
"Sales",405475,"Ranka","Sachio"
"Sales",446110,"Linnainmaa","Berni"
"Sales",477712,"Lung","Tooru"
"Sales",463019,"Figueira","Jovan"
"Sales",473125,"Herbst","Vasilis"
"Sales",446105,"Merey","Yishay"
"Sales",464026,"Melichar","Persi"
"Sales",473136,"Chinin","Jingling"
"Sales",461005,"Zaccaria","Vugranam"
"Sales",281070,"Shanbhogue","Chenye"
"Sales",473145,"Czaja","Shakhar"
"Sales",463013,"Chartres","Masasuke"
"Sales",283889,"Erev","Tomokazu"
"Sales",446031,"McAlpine","Steen"
"Sales",280913,"Rassart","Moriyoshi"
"Sales",405859,"Asser","Mabhin"
"Sales",445993,"Strooper","Vatsa"
"Sales",405860,"Dulay","Kamakshi"
"Sales",463006,"Wendorf","Stella"
"Sales",445989,"Clouatre","Mizuhito"
"Sales",406057,"Spieker","Petter"
"Sales",406065,"Melton","Nikolaus"
"Sales",463002,"Taubenfeld","Lijie"
"Sales",445966,"Roison","Akemi"
"Sales",477750,"Ananiadou","Seongbin"
"Sales",445918,"Nations","Kwun"
"Sales",473387,"Restivo","Ziya"
"Sales",406129,"Birge","Vesna"
"Sales",445878,"Schurmann","Toshimori"
"Sales",406147,"Poujol","Shigeu"
"Sales",293154,"Maliniak","Syozo"
"Sales",445840,"Czaja","Marko"
"Sales",477809,"Heuser","Munenori"
"Sales",462950,"Luca","Jouni"
"Sales",462943,"Marchegay","Phuoc"
"Sales",406384,"Bouloucos","Bernt"
"Sales",283942,"Kieras","Ibibia"
"Sales",445100,"Ciolek","Anneke"
"Sales",473166,"Erde","Masamitsu"
"Sales",406443,"Menhardt","Steve"
"Sales",293198,"Flowers","Xinan"
"Sales",406455,"Gente","Danny"
"Sales",406463,"Worfolk","Pranjal"
"Sales",472158,"McConalogue","Jasminko"
"Sales",293204,"Serna","Sreenivas"
"Sales",473185,"Granlund","Saddek"
"Sales",464138,"Flowers","Hiroyasu"
"Sales",293207,"Quittner","Christ"
"Sales",445059,"Bojadziev","Gurbir"
"Sales",445055,"Kumaresan","Yishai"
"Sales",279794,"Polajnar","Felicidad"
"Sales",284191,"Lamba","Hidde"
"Sales",462835,"Vilarrasa","Flemming"
"Sales",293220,"Wolniewicz","Udaiprakash"
"Sales",471798,"Kornatzky","Armond"
"Sales",462799,"Maginnis","Xiaoqiu"
"Sales",444860,"Ramsay","Boalin"
"Sales",406785,"Meszaros","Becky"
"Sales",444858,"Fandrianto","Rosli"
"Sales",471794,"Wegerle","Denny"
"Sales",279770,"Brickell","Chenyi"
"Sales",284200,"Bultermann","Chrisa"
"Sales",444849,"Encarnacion","Gritta"
"Sales",406824,"Polupanov","Xinglin"
"Sales",406835,"Stentiford","Olivera"
"Sales",444796,"Pews","Gift"
"Sales",444775,"Krider","Satosi"
"Sales",498792,"Rabejac","Luigi"
"Sales",280831,"Jeong","Kazuhiko"
"Sales",263131,"Yetim","Anwar"
"Sales",407045,"Krogh","Leah"
"Sales",407076,"Chartres","Kish"
"Sales",444765,"Felcyn","Vivian"
"Sales",444732,"Cromarty","Yunming"
"Sales",293274,"Litzkow","Zhenbing"
"Sales",261275,"Hanratty","Irene"
"Sales",407171,"Azulay","Uzi"
"Sales",444729,"VanScheik","Menkae"
"Sales",444710,"Hitomi","Shahaf"
"Sales",279725,"Perng","Manu"
"Sales",444709,"Zlotek","Jackson"
"Sales",473450,"Itzigehl","Kish"
"Sales",279717,"Ghazalie","Zhaofang"
"Sales",444658,"Munawer","Valery"
"Sales",478250,"Rissland","Ranan"
"Sales",462760,"Baja","Chenye"
"Sales",263693,"Vickson","Kazuyasu"
"Sales",280751,"Pesch","Serenella"
"Sales",444576,"Tagansky","Jinya"
"Sales",444553,"Gluchowski","Nikolaus"
"Sales",280749,"Yavatkar","Bojan"
"Sales",478299,"Puppe","Pranav"
"Sales",407367,"Lindqvist","Jackson"
"Sales",279660,"Rajcani","Elrique"
"Sales",478585,"Demizu","Kerhong"
"Sales",464273,"Bazzichi","Kwangjo"
"Sales",478599,"Deyuan","Joydip"
"Sales",472723,"Kowalchuk","Arvind"
"Sales",291234,"Peck","Isaac"
"Sales",478632,"Jansch","Sakthirel"
"Sales",407445,"Karlin","Arlette"
"Sales",407452,"Botman","Hinrich"
"Sales",407458,"Gyimothy","Tonia"
"Sales",279634,"Randi","Josyula"
"Sales",444387,"Cappelletti","Demin"
"Sales",407468,"Ozeri","Yurii"
"Sales",407494,"Dratva","Bingning"
"Sales",291524,"Onuegbe","Fei"
"Sales",444338,"Dehkordi","Djelloul"
"Sales",407516,"Conde","Khalil"
"Sales",462688,"Garnham","Sergi"
"Sales",279609,"Monkewich","Denis"
"Sales",444314,"Siprelle","Premsyl"
"Sales",444310,"Millington","Gian"
"Sales",280664,"Falck","Florian"
"Sales",464310,"Molenkamp","Marit"
"Sales",444290,"Gire","Harngdar"
"Sales",254234,"Lortz","Ibibia"
"Sales",444278,"Denti","Unal"
"Sales",444275,"Lukaszewicz","Neelam"
"Sales",478898,"Decleir","Bernd"
"Sales",444264,"Takanami","Gro"
"Sales",407625,"Brandsma","Susanna"
"Sales",444234,"Lueh","Luigi"
"Sales",293540,"Lindenbaum","Renee"
"Sales",443341,"Kakkar","Heejo"
"Sales",443309,"Kroll","Uinam"
"Sales",443284,"Frijda","Yoshimitsu"
"Sales",473252,"Harbusch","Sorina"
"Sales",443248,"Holburn","Nectarios"
"Sales",478901,"Jiafu","Koichi"
"Sales",443213,"Yetto","Shigeu"
"Sales",443030,"Validov","Ramalingam"
"Sales",478902,"Pearson","Gao"
"Sales",459670,"Bazelow","Ohad"
"Sales",407782,"Bernini","Kasturi"
"Sales",472770,"Kisuki","Rayond"
"Sales",473266,"Serre","Xiaoheng"
"Sales",478941,"Wossner","Subhankar"
"Sales",407803,"Chaudhury","Khatoun"
"Sales",498578,"Danlos","Lakshmi"
"Sales",280663,"Back","Ebru"
"Sales",407831,"Lupu","Thodoros"
"Sales",458698,"Kohling","Christfried"
"Sales",407849,"Jakobus","Hercules"
"Sales",284296,"Riesenhuber","Becky"
"Sales",497817,"Ramsey","Khatoun"
"Sales",442880,"Attimonelli","Guoxiang"
"Sales",442862,"Dayang","Munehiro"
"Sales",407885,"Auyong","Shaowei"
"Sales",280657,"Setlzner","Nevio"
"Sales",440975,"Sudkamp","Chaoyi"
"Sales",440973,"Fargier","Moti"
"Sales",440898,"Furudate","Lobel"
"Sales",440889,"Murrill","Cathie"
"Sales",459835,"Bashian","Marko"
"Sales",440868,"Gniady","Shawna"
"Sales",478984,"Rosen","Gian"
"Sales",439990,"Dahlbom","Yinlin"
"Sales",461016,"VanScheik","Muneo"
"Sales",407966,"Ruemmler","Deniz"
"Sales",407969,"Gischer","Beshir"
"Sales",464350,"Muniz","Kwangho"
"Sales",439979,"Pagter","Maik"
"Sales",439965,"Kossowski","Dhritiman"
"Sales",279532,"Zeidenstein","Susanne"
"Sales",479172,"Crouzet","Nobuyoshi"
"Sales",439910,"Reistad","Kitty"
"Sales",408092,"Miara","Josyula"
"Sales",439903,"Servieres","Rosalie"
"Sales",408126,"Stassinopoulos","Premsyl"
"Sales",279518,"Ellozy","Werner"
"Sales",408136,"Kadhim","Kendra"
"Sales",439881,"Tyugu","Leon"
"Sales",408157,"Boreale","Mohit"
"Sales",263714,"Kleiser","Yagil"
"Sales",479241,"Bernatsky","Gudjon"
"Sales",280578,"Potthoff","Billur"
"Sales",464382,"Brender","Mohamadou"
"Sales",439852,"Butterworth","Boriana"
"Sales",284311,"Ghandeharizadeh","Torsten"
"Sales",408208,"Senzako","Xuejia"
"Sales",464408,"Gruenwald","Boguslaw"
"Sales",473657,"Munos","Rosalie"
"Sales",439629,"Hennings","Fai"
"Sales",279457,"Skogmar","Erzsebet"
"Sales",408264,"Flanders","Shih"
"Sales",479269,"Gelosh","Ult"
"Sales",439562,"Cherinka","Goncalo"
"Sales",458654,"Choobineh","Shmuel"
"Sales",408326,"Serre","Jenwei"
"Sales",279451,"Qiwen","Pasqua"
"Sales",439527,"Murtagh","Zhiwei"
"Sales",439513,"Shihab","Kousuke"
"Sales",408348,"Zeilberger","Syozo"
"Sales",284370,"Douceur","Goncalo"
"Sales",479283,"Hempstead","Patricia"
"Sales",408367,"Kieras","Shiv"
"Sales",462471,"Dehkordi","Tianruo"
"Sales",263728,"Schlegelmilch","Ghassan"
"Sales",439337,"DiGiano","Alair"
"Sales",462457,"Negoita","Beshir"
"Sales",290491,"Vadhan","Marsal"
"Sales",408417,"Daescu","Tsz"
"Sales",279433,"Billawala","Tetsurou"
"Sales",280515,"Reghbati","Fai"
"Sales",408444,"Schmittgen","Yechiam"
"Sales",462449,"Khamsi","Doohun"
"Sales",439281,"Basawa","Berhard"
"Sales",458612,"Suppi","Zsolt"
"Sales",458597,"Feldmann","Valeri"
"Sales",439237,"Ramsey","Paraskevi"
"Sales",408718,"McClurg","Gennady"
"Sales",439224,"Stamatiou","Denis"
"Sales",471755,"Peak","Ayonca"
"Sales",279392,"Gecseg","Weiye"
"Sales",439184,"Loncour","Tomofumi"
"Sales",280481,"Kirkerud","Shigehiro"
"Sales",439142,"Pocchiola","Heping"
"Sales",280454,"Sudkamp","Udi"
"Sales",293647,"Lindqvist","Martina"
"Sales",439138,"Stranks","Geoffry"
"Sales",462399,"Ranai","Irena"
"Sales",408775,"Majewski","Dayanand"
"Sales",408788,"Cannard","Feiyu"
"Sales",479291,"Nourani","Sedat"
"Sales",260001,"Conte","Yifei"
"Sales",462354,"Neiman","Supot"
"Sales",439112,"Solares","Mitchel"
"Sales",479298,"Cools","Aleksander"
"Sales",408860,"Koblitz","Mingdong"
"Sales",279338,"Hiltgen","Sreekrishna"
"Sales",280420,"Hofting","Jahangir"
"Sales",464520,"Velardi","Chinya"
"Sales",409055,"Gunderson","Jordanka"
"Sales",439088,"Plumb","Anoosh"
"Sales",409090,"Lamba","Ronghao"
"Sales",462336,"Mawatari","Angus"
"Sales",409109,"Parfitt","Xuedong"
"Sales",409113,"Tetzlaff","Uma"
"Sales",479318,"Kumaresan","Lech"
"Sales",409122,"Vendrig","Yishai"
"Sales",439040,"Aloia","Nakhoon"
"Sales",439037,"Dechter","Atreye"
"Sales",280360,"Garigliano","Poornachandra"
"Sales",279326,"Prampolini","Kwok"
"Sales",283385,"Maccarone","Weiru"
"Sales",439018,"Scharstein","Gay"
"Sales",409216,"Chaudhury","Goo"
"Sales",464523,"Koshiba","Berry"
"Sales",438983,"McClurg","Waiman"
"Sales",479577,"Pocchiola","Aleksandar"
"Sales",284388,"Pulkowski","Haldon"
"Sales",409292,"Bellmore","Premal"
"Sales",462271,"Redmiles","Feiyu"
"Sales",471167,"Bergere","Francoise"
"Sales",409314,"Chimia","Gilbert"
"Sales",409315,"Versino","Shay"
"Sales",259974,"Llado","Constantino"
"Sales",462073,"Plump","Alassane"
"Sales",479641,"Rousseau","Marin"
"Sales",438924,"Milicia","Frederique"
"Sales",438905,"Ponthieu","Dipankar"
"Sales",409444,"Breugel","Kannan"
"Sales",438881,"Schaar","Hausi"
"Sales",409462,"Gils","Vatsa"
"Sales",462050,"Barinka","Xuedong"
"Sales",279232,"DasSarma","Rayond"
"Sales",462039,"Yavatkar","Mary"
"Sales",293769,"Valtorta","Paris"
"Sales",438503,"Perko","Gully"
"Sales",479642,"Wixon","Qiwen"
"Sales",438391,"Syrotiuk","Bedrich"
"Sales",479852,"Velasco","Erez"
"Sales",473553,"Ratzlaff","Constantine"
"Sales",409600,"Assaf","Nalini"
"Sales",277067,"Pargas","Kwangho"
"Sales",290236,"Androutsos","Bodo"
"Sales",282898,"Straney","Khosrow"
"Sales",461995,"Renear","Shigenori"
"Sales",438136,"Takkinen","Sanjay"
"Sales",293814,"Bach","Barton"
"Sales",464649,"Yamaashi","Sanjeeva"
"Sales",409665,"Bierman","Gennady"
"Sales",479933,"Stanfel","Maya"
"Sales",438111,"Frolund","Shigehito"
"Sales",259963,"McFarlin","Premsyl"
"Sales",438090,"Gadepally","Shay"
"Sales",438086,"Ramsak","Maja"
"Sales",461969,"Benzmuller","Aimee"
"Sales",459825,"Birke","Shietung"
"Sales",473588,"Kusakari","Zvonko"
"Sales",437759,"Muhlberg","Dinkar"
"Sales",461340,"Kugler","Aloys"
"Sales",294081,"Lemarechal","Xiahua"
"Sales",437471,"Plesums","Zijian"
"Sales",437412,"Shinomoto","Shahab"
"Sales",437395,"Thambidurai","Sumant"
"Sales",437371,"Preusig","Arve"
"Sales",461055,"Eugenio","Gaurav"
"Sales",409983,"Bach","Yinghua"
"Sales",409985,"Choobineh","Jaques"
"Sales",291600,"Tsunoo","Mart"
"Sales",473610,"Duclos","Taizo"
"Sales",410004,"Businaro","Yuriy"
"Sales",436975,"Thorelli","Pramod"
"Sales",472794,"Weisert","Takahito"
"Sales",479954,"Perez","Rosine"
"Sales",480408,"Rodite","Teiji"
"Sales",276977,"Fargier","Woody"
"Sales",410123,"Pokrovskii","Duangkaew"
"Sales",480417,"Dolinsky","Subhankar"
"Sales",436929,"Nitsche","Falguni"
"Sales",464692,"Katiyar","Paraskevi"
"Sales",276969,"Garnier","Eishiro"
"Sales",461330,"Alblas","Sadun"
"Sales",410173,"Brlek","Kannan"
"Sales",276966,"Vigier","Eberhardt"
"Sales",410197,"Skafidas","Vidya"
"Sales",436911,"Brodie","Dayanand"
"Sales",294328,"Oaver","Thanasis"
"Sales",279116,"Emiris","Shaz"
"Sales",259950,"Ginesta","Abdelghani"
"Sales",489799,"Birrer","Hugh"
"Sales",259948,"Sichman","Bouchung"
"Sales",276954,"Matteis","Shahaf"
"Sales",461322,"Sgarro","Shakhar"
"Sales",436847,"Noriega","Dinah"
"Sales",284489,"Haddadi","Doohun"
"Sales",436830,"Zambonelli","Akeel"
"Sales",472826,"Greenaway","Oldrich"
"Sales",436477,"Businaro","Golgen"
"Sales",436467,"Edelhoff","Rafael"
"Sales",460904,"Velardi","Lihong"
"Sales",410403,"Skrikant","Abdelaziz"
"Sales",410411,"Cronan","Elrique"
"Sales",460853,"Stasinski","Guther"
"Sales",480418,"Wendorf","Jeane"
"Sales",464760,"Zizka","Randy"
"Sales",436405,"Baer","Thanasis"
"Sales",279104,"Gulla","Hongzue"
"Sales",436400,"Lanzelotte","Heping"
"Sales",410482,"Peron","Aleksander"
"Sales",263788,"Busillo","Waiman"
"Sales",279093,"Farrag","Turgut"
"Sales",480473,"Gini","Henk"
"Sales",276184,"Swick","Mari"
"Sales",458503,"Lueh","Arfst"
"Sales",435950,"Boyle","Munenori"
"Sales",461098,"Pavlopoulou","Valdiodio"
"Sales",461105,"Chachaty","Nikolaos"
"Sales",435942,"Portugali","Oscar"
"Sales",410611,"Makinen","Lidong"
"Sales",435928,"Murthy","Matt"
"Sales",291609,"Dulli","Berry"
"Sales",253841,"Kroft","Rajmohan"
"Sales",290210,"Seiwald","Ayonca"
"Sales",284492,"Birsak","Armond"
"Sales",480720,"Assaf","Pramod"
"Sales",457207,"Geffroy","Xuejia"
"Sales",242086,"Rousseau","Jiang"
"Sales",242094,"Luef","Arto"
"Sales",242265,"Gyimothy","Heejo"
"Sales",242267,"Solares","Lubomir"
"Sales",38034,"Wissmann","Jianhao"
"Sales",242336,"Fendler","Fun"
"Sales",242338,"Peng","Nishit"
"Sales",457137,"Iivonen","Kagan"
"Sales",242423,"Pellegrinelli","Val"
"Sales",213255,"Morrey","Fumiko"
"Sales",213264,"Conia","Stabislas"
"Sales",242479,"Gulak","Abdulah"
"Sales",213268,"Pouyioutas","Anoosh"
"Sales",213280,"Worfolk","Kazuhide"
"Sales",242543,"Zweizig","Jamaludin"
"Sales",242571,"Fendler","Arch"
"Sales",242578,"Buchter","Janalee"
"Sales",38022,"Yoshizawa","Duke"
"Sales",242630,"Keohane","Shunichi"
"Sales",242641,"Yavatkar","Kamakshi"
"Sales",242781,"Jarecki","Aris"
"Sales",242865,"Shinomoto","Hidefumi"
"Sales",242877,"Linares","Seshu"
"Sales",242888,"Stentiford","Randy"
"Sales",274544,"Breugel","Xuejun"
"Sales",245134,"Spell","Maja"
"Sales",245138,"Rattan","Chaosheng"
"Sales",213370,"Masaki","Tadanori"
"Sales",245180,"Hoppenstand","Zorica"
"Sales",37742,"Etalle","Maik"
"Sales",245226,"Perz","Shigehiro"
"Sales",213376,"Fortenbacher","Kankanahalli"
"Sales",245237,"Leivant","Hisao"
"Sales",245272,"Binding","Gennadi"
"Sales",37694,"Peng","Moni"
"Sales",245689,"Smailagic","Billur"
"Sales",245693,"Swiler","Moon"
"Sales",456898,"Dayana","Navid"
"Sales",213443,"Syang","Sergi"
"Sales",245757,"Emiris","Zijian"
"Sales",245974,"Lichtman","Kenroku"
"Sales",37668,"Sessa","Conor"
"Sales",246045,"Oskamp","Basim"
"Sales",37627,"Ladret","Jasminko"
"Sales",213839,"Kakkar","Danny"
"Sales",246340,"Caine","Theron"
"Sales",246347,"Attimonelli","Slavian"
"Sales",37372,"Peot","Dietrich"
"Sales",246408,"Emmart","Mart"
"Sales",274605,"Falck","Ronnie"
"Sales",246859,"Kornyak","Van"
"Sales",37312,"Gecsei","Arie"
"Sales",246880,"Zallocco","Mohd"
"Sales",246897,"Madeira","Anwar"
"Sales",246907,"Stemann","Mong"
"Sales",37298,"Kuszyk","Make"
"Sales",246919,"Perin","Menkae"
"Sales",37295,"Zizka","Toshimitsu"
"Sales",37291,"Crooks","Shuji"
"Sales",246989,"Dehkordi","Zhensheng"
"Sales",247013,"Versino","Jaewon"
"Sales",274613,"Gulak","Sarita"
"Sales",247298,"Haddadi","Boaz"
"Sales",247308,"Cappelletti","Berry"
"Sales",247312,"Parfitt","Atreyi"
"Sales",247363,"Luby","Pramod"
"Sales",213943,"Swab","Arlette"
"Sales",247417,"Keustermans","Zito"
"Sales",247425,"Makinen","Chinhyun"
"Sales",247444,"Tsukune","Georgi"
"Sales",213944,"Bondorf","Goetz"
"Sales",247683,"Nastansky","Georg"
"Sales",247699,"Sewelson","Arvind"
"Sales",213957,"Merks","Martine"
"Sales",247714,"Swist","Vivian"
"Sales",247725,"Trumbly","Vidar"
"Sales",247780,"Raney","Suvo"
"Sales",247968,"Zweizig","Pintsang"
"Sales",247989,"Broomell","Xiaobin"
"Sales",247990,"Birjandi","Muneo"
"Sales",247998,"Bharadwaj","Matk"
"Sales",456826,"Brandsma","Richard"
"Sales",456810,"Ventosa","Xuedong"
"Sales",37051,"Eppinger","Xuejun"
"Sales",214015,"Calkin","Boalin"
"Sales",456767,"Schreiter","Tetsurou"
"Sales",37019,"Loncour","Faiza"
"Sales",248408,"Poupard","Stabislas"
"Sales",248411,"Suwa","Valery"
"Sales",214038,"Gornas","Danil"
"Sales",248436,"Bahl","Anyuan"
"Sales",248817,"Giarratana","Valdiodio"
"Sales",37005,"Cooley","Flemming"
"Sales",214061,"Doering","Aemilian"
"Sales",248957,"Peyn","Tomokazu"
"Sales",249133,"Escriba","Shem"
"Sales",249136,"Borovoy","George"
"Sales",249139,"Dalton","Hideyuki"
"Sales",249143,"Picci","Shrikanth"
"Sales",249147,"Kirkerud","Lunjin"
"Sales",214073,"Bauknecht","Sandeepan"
"Sales",249202,"Zucker","Arvind"
"Sales",249203,"Grospietsch","Wonhee"
"Sales",249220,"Vrecion","Nikolaos"
"Sales",249223,"Brendel","Ingmar"
"Sales",249248,"Rodite","Tadahiko"
"Sales",249489,"Roisin","Navin"
"Sales",249494,"Ranum","Boaz"
"Sales",249564,"Reinhart","Nevio"
"Sales",249620,"Masaki","Weiye"
"Sales",214115,"Nastansky","Khun"
"Sales",249663,"Braccini","Xuedong"
"Sales",249672,"Uehara","Bezalel"
"Sales",249690,"Hagimont","Anneke"
"Sales",250006,"Spataro","Deborah"
"Sales",35569,"Cooman","Mani"
"Sales",250060,"Kalsbeek","Ghassan"
"Sales",250068,"Ghemri","Kyoichi"
"Sales",35550,"Hutton","Van"
"Sales",250118,"Mapelli","Navid"
"Sales",35531,"Menhardt","Barry"
"Sales",274692,"McFarlin","Irene"
"Sales",250195,"Mapelli","Yucel"
"Sales",214180,"Cummings","Kensei"
"Sales",214202,"Azevdeo","Eberhardt"
"Sales",250261,"Baig","Xuejun"
"Sales",214204,"Glowinski","Alexius"
"Sales",214215,"Cardazo","Xiaoqiang"
"Sales",456686,"Rothenberg","Erzsebet"
"Sales",250391,"Serot","Cheong"
"Sales",214252,"Granlund","Katsuo"
"Sales",250496,"Gyorkos","Alper"
"Sales",35234,"Marrakchi","Zhigen"
"Sales",250569,"Ranum","Niteen"
"Sales",250582,"Benzmuller","Rildo"
"Sales",35209,"Baik","Francoise"
"Sales",250612,"Backhouse","Hidekazu"
"Sales",250949,"Falco","Udo"
"Sales",250991,"Morrey","Jiakeng"
"Sales",35144,"Tagansky","Constantino"
"Sales",214354,"Qiwen","Shahar"
"Sales",214369,"Nannarelli","Udaiprakash"
"Sales",251144,"Gadepally","Kensyu"
"Sales",214387,"Picco","Mori"
"Sales",251222,"Antonakopoulos","Ebru"
"Sales",251228,"Demos","Nishit"
"Sales",251285,"Serov","Weiwu"
"Sales",251301,"Impagliazzo","Pintsang"
"Sales",251512,"Shackel","Yuriy"
"Sales",251530,"Jording","Xuejia"
"Sales",251612,"Ouhyoung","Inderjeet"
"Sales",251672,"Marakhovsky","Kankanahalli"
"Sales",34919,"Hegner","Jaana"
"Sales",251813,"Sewelson","Kristine"
"Sales",251822,"Griswold","Irene"
"Sales",34898,"Spinelli","Valeska"
"Sales",456653,"Krohm","Sorina"
"Sales",252177,"Kaiser","Leandro"
"Sales",274785,"Krohn","Sandeepan"
"Sales",252228,"Ratzlaff","Owen"
"Sales",252238,"Nyrup","Huican"
"Sales",252481,"Baek","Along"
"Sales",34891,"Harbusch","Francoise"
"Sales",252641,"Wynblatt","Zhilian"
"Sales",274786,"Panwar","Vasiliy"
"Sales",253063,"Vigier","Mona"
"Sales",253120,"Thimonier","Zeljko"
"Sales",253131,"Emmart","Masamitsu"
"Sales",253561,"Denna","Augustine"
"Sales",253568,"Dayana","Miomir"
"Sales",253642,"Leaver","Fuqing"
"Sales",34600,"Middleton","Godehard"
"Sales",253664,"Fontet","Moni"
"Sales",253669,"Thambidurai","Goetz"
"Sales",253720,"Dalphin","Debatosh"
"Sales",253731,"Farrar","Zdislav"
"Sales",34577,"Veevers","Mountaz"
"Sales",34562,"Muhlberg","Doohun"
"Sales",34554,"Constantine","LiMin"
"Sales",253803,"Papastamatiou","Munenori"
"Sales",34553,"Ertl","Xiaocheng"
"Sales",34552,"Llado","Souichi"
"Sales",253846,"Vidal","Mariusz"
"Sales",253853,"Glinert","Lokesh"
"Sales",253860,"Lampe","Rosli"
"Sales",253862,"Ramsay","Stepehn"
"Sales",253871,"Remmele","Pradeep"
"Sales",253883,"Krone","Pasqua"
"Sales",34534,"Rabejac","Alois"
"Sales",290010,"Lodder","Fox"
"Sales",253931,"Mattern","Gina"
"Sales",253942,"Feldmann","Boalin"
"Sales",253956,"Loncour","Rosli"
"Sales",214554,"Piazza","Gritta"
"Sales",254162,"Taubman","Chenye"
"Sales",254194,"Giveon","Indrajit"
"Sales",254195,"Christianini","Katsuyuki"
"Sales",456627,"Cangellaris","Susumu"
"Sales",214568,"Farrar","Shahab"
"Sales",254292,"Eppinger","Pranas"
"Sales",34513,"Halevi","Foong"
"Sales",254302,"Goodrum","Gian"
"Sales",254492,"Beutelspacher","Tetsurou"
"Sales",439365,"Sadowsky","Kitty"
"Sales",274839,"Burnard","Badri"
"Sales",254549,"Manders","Armond"
"Sales",254578,"Whitcomb","Khoa"
"Sales",254591,"Lodder","Mamdouh"
"Sales",254601,"Khamsi","Arlette"
"Sales",214656,"Schicker","Dante"
"Sales",254612,"Waleschkowski","Aiichiro"
"Sales",254635,"Luef","Baziley"
"Sales",214672,"Lupu","Tomokazu"
"Sales",214696,"Jeong","Arfst"
"Sales",254925,"Kobara","Sukumar"
"Sales",274856,"Weedman","Fayez"
"Sales",255037,"Axelband","Howell"
"Sales",255077,"Ginesta","Torsten"
"Sales",255087,"Milicic","Gererd"
"Sales",255094,"Baaleh","Chinya"
"Sales",34017,"Varman","Tuval"
"Sales",34014,"Peroz","Elliott"
"Sales",441714,"Cooke","Hisao"
"Sales",34008,"Danecki","Manibrata"
"Sales",33984,"Ginesta","Murthy"
"Sales",255251,"Haldar","Aruna"
"Sales",255300,"Lodder","Ayonca"
"Sales",255304,"Varman","Giap"
"Sales",33969,"Sadowsky","Arie"
"Sales",256183,"Shinomoto","Mana"
"Sales",256193,"Mullainathan","Souichi"
"Sales",256252,"Munawer","Atilio"
"Sales",274873,"Zongker","Ramachenga"
"Sales",256329,"Solovay","Vincent"
"Sales",214820,"Kilgour","Foong"
"Sales",256362,"Murthy","Dmitri"
"Sales",256419,"Radivojevic","Bader"
"Sales",456597,"Leppanen","Arvin"
"Sales",256466,"Brodie","Constantine"
"Sales",456410,"Copas","Martina"
"Sales",256519,"Shobatake","Sreenivas"
"Sales",256548,"Karunanithi","Nahid"
"Sales",456402,"Zumaque","Mario"
"Sales",256563,"Pargas","Aimee"
"Sales",256639,"Soloway","Kiyotoshi"
"Sales",256646,"Bratten","Denis"
"Sales",258340,"Maierhofer","Szabolcs"
"Sales",33631,"Ozeri","Tonny"
"Sales",258353,"Zuberek","Kauko"
"Sales",214932,"Kawashimo","Giordano"
"Sales",258397,"Khasidashvili","Diederik"
"Sales",258448,"Munoz","Akemi"
"Sales",33604,"Peek","Shuji"
"Sales",258461,"Gopalakrishnan","Arno"
"Sales",258491,"Vingron","Baziley"
"Sales",258696,"Kragelund","DeForest"
"Sales",258709,"Murtafg","Tristan"
"Sales",258714,"Dengi","Uwe"
"Sales",33603,"Claffy","Houman"
"Sales",33410,"Picht","Ghassan"
"Sales",258753,"Narahari","Genevieve"
"Sales",258761,"Gruenwald","Satoru"
"Sales",258771,"Staudhammer","Jeanna"
"Sales",214952,"Leppanen","Moty"
"Sales",259044,"Choobineh","Hidde"
"Sales",259045,"Chaudhuri","Sorina"
"Sales",259051,"Wilfing","Arumugam"
"Sales",259076,"Montemayor","Huiqun"
"Sales",456290,"Kroha","Randi"
"Sales",259086,"Sidou","Masaru"
"Sales",259103,"Valiente","Shir"
"Sales",214970,"Belinskaya","Arfst"
"Sales",259132,"Cheshire","Eric"
"Sales",259142,"Marshall","Sailaja"
"Sales",215488,"Waeselynck","Snehasis"
"Sales",259160,"Badr","Marsha"
"Sales",259840,"Junot","Doohun"
"Sales",259848,"Bael","Kazunori"
"Sales",259899,"Thambidurai","Joydip"
"Sales",215505,"Salinas","Gudjon"
"Sales",259937,"Perry","Parviz"
"Sales",215519,"Quittner","Golgen"
"Sales",33279,"Felder","Arne"
"Sales",33078,"Compeau","Lena"
"Sales",215539,"Couchot","Kersti"
"Sales",261259,"Eiter","Bezalel"
"Sales",456274,"Geffroy","Jungsoon"
"Sales",261276,"Tischendorf","Sakthirel"
"Sales",261278,"Ermel","Peternela"
"Sales",215581,"Gulak","Karoline"
"Sales",33045,"Demizu","Quingbo"
"Sales",262072,"Remmers","Tomoyuki"
"Sales",32991,"Garrabrants","Bluma"
"Sales",262112,"Daescu","Felicidad"
"Sales",456250,"Roisin","Kerryn"
"Sales",215608,"Gihr","Shichao"
"Sales",263055,"Serna","Nahum"
"Sales",263085,"Peng","Martijn"
"Sales",215658,"Ambroszkiewicz","Falguni"
"Sales",263154,"Swist","Shaunak"
"Sales",32948,"Kowalchuk","Tesuro"
"Sales",263204,"Butterworth","Samphel"
"Sales",215708,"Merro","Tayeb"
"Sales",274924,"Iisaka","Sarita"
"Sales",263323,"Swen","Guiseppe"
"Sales",263324,"Valiente","Emdad"
"Sales",32756,"Desikan","Gou"
"Sales",215740,"Cairo","Koichi"
"Sales",215756,"Lagarias","Yurii"
"Sales",263386,"Angot","Zhongwei"
"Sales",215783,"Prochazka","Sverrir"
"Sales",32703,"Klyachko","DeForest"
"Sales",263513,"Dusink","Leni"
"Sales",263736,"Wissmann","Serge"
"Sales",263745,"Bultermann","Shigeaki"
"Sales",456126,"Munawer","Takanari"
"Sales",263780,"Jansen","Susanne"
"Sales",32688,"Hegner","Selwyn"
"Sales",215803,"Gronowski","Danco"
"Sales",32668,"Riexinger","Niclas"
"Sales",264235,"Ramalingam","Domenick"
"Sales",264252,"Alameldin","Lokesh"
"Sales",32600,"Diderrich","Uta"
"Sales",264286,"Bade","Moni"
"Sales",264302,"Staylopatis","Juichirou"
"Sales",264322,"Swist","Leandro"
"Sales",264332,"Ranka","Maik"
"Sales",264419,"Raoux","Zorica"
"Sales",32358,"Meszaros","Fumiko"
"Sales",264475,"Berendt","Henk"
"Sales",32324,"Mattern","Arne"
"Sales",264485,"Fontet","Eben"
"Sales",264715,"Luke","Siddarth"
"Sales",264725,"DiGiano","Ult"
"Sales",264754,"Benzmuller","Tesuya"
"Sales",264763,"Khamsi","Tsuneo"
"Sales",32319,"Bhattacharjee","Candida"
"Sales",264783,"Kawashima","Florina"
"Sales",215937,"Huxford","Khoa"
"Sales",264822,"Haraldson","Maria"
"Sales",31878,"Pelc","Divine"
"Sales",264926,"Dengi","Kristine"
"Sales",264929,"Esteva","Yuichiro"
"Sales",264981,"Godskesen","Yoshimitsu"
"Sales",31827,"Zeilberger","Kristine"
"Sales",265239,"Georgakopoulos","Hiroyasu"
"Sales",265267,"Speek","Gladys"
"Sales",31771,"Sanella","Chiradeep"
"Sales",265309,"Birdsall","Aleksander"
"Sales",31525,"Rosay","Ingemar"
"Sales",216014,"Perez","Hyuncheol"
"Sales",265711,"Takkinen","Kazuhisa"
"Sales",216031,"Camarinopoulos","Parto"
"Sales",265748,"Krogh","Dinah"
"Sales",31461,"Ginesta","Sanjay"
"Sales",31444,"Hinsberger","Aris"
"Sales",265838,"Basart","Fumiya"
"Sales",265850,"Kolinko","Berni"
"Sales",265900,"Skafidas","Alain"
"Sales",216083,"Syang","Luerbio"
"Sales",265981,"Georg","Taegyun"
"Sales",266006,"Osgood","Flemming"
"Sales",266074,"Prenel","Genta"
"Sales",266096,"Thisen","Candido"
"Sales",266116,"Cheshire","Yuichiro"
"Sales",266166,"Yeung","Youjian"
"Sales",216100,"Gustavson","Torsten"
"Sales",266250,"Choobineh","Sachem"
"Sales",266280,"Desikan","Woody"
"Sales",31103,"Szilard","Gilbert"
"Sales",266285,"Murtafg","Nathan"
"Sales",216115,"Olivero","Adamantios"
"Sales",266298,"Koshiba","Charlene"
"Sales",266303,"Picci","Toshimi"
"Sales",31101,"Cochrane","Kankanahalli"
"Sales",455966,"Rissanen","Guoxiang"
"Sales",266420,"Cannane","Kauko"
"Sales",30918,"Christ","Panayotis"
"Sales",266451,"Hockney","Xiong"
"Sales",266481,"Buescher","Tesuya"
"Sales",266526,"Chenoweth","Weijing"
"Sales",30912,"Fujisawa","Caolyn"
"Sales",216166,"Gniady","Subhash"
"Sales",266605,"Junot","Yoshimitsu"
"Sales",266639,"Tchuente","Florina"
"Sales",30909,"Vanwelkenhuysen","Renee"
"Sales",266657,"Junet","Poorav"
"Sales",266703,"Woycyznski","Conor"
"Sales",266771,"Lupu","Sachin"
"Sales",216185,"Antonisse","Gurbir"
"Sales",216205,"Joslin","Annemarie"
"Sales",266828,"Curless","Lobel"
"Sales",291593,"Scallan","Irena"
"Sales",266891,"Serov","Zhongwei"
"Sales",266899,"Lanteri","Aksel"
"Sales",216227,"Provine","Rosalie"
"Sales",266950,"Panangaden","Bernardo"
"Sales",267021,"Isaac","Arun"
"Sales",30825,"Foote","Arvin"
"Sales",267094,"Kaelbling","Ymte"
"Sales",30786,"Bennet","Arco"
"Sales",267135,"Cannata","Shigehiro"
"Sales",267163,"Remmele","Sanjiv"
"Sales",267197,"Coombs","Sanjiv"
"Sales",216267,"Reistad","Toshimitsu"
"Sales",274997,"Schaaf","Fumitaka"
"Sales",30572,"Trumbly","Fabrizio"
"Sales",30564,"Kalloufi","Ortrud"
"Sales",267284,"Barvinok","Radoslaw"
"Sales",216282,"Pardalos","Murthy"
"Sales",216287,"Heping","Miomir"
"Sales",267328,"Luders","Marsja"
"Sales",267338,"Cappello","Rosita"
"Sales",267347,"Sidhu","Krisda"
"Sales",216307,"Broder","Eckart"
"Sales",267375,"Birdsall","Koichi"
"Sales",30515,"Walstra","Surveyors"
"Sales",267391,"Rosar","Mona"
"Sales",216319,"Ramsak","Tua"
"Sales",267495,"Heering","Sanjai"
"Sales",267498,"Baja","Emran"
"Sales",30506,"Chandrasekhar","Yakkov"
"Sales",267594,"Rijsenbrij","Eirik"
"Sales",267617,"Rathonyi","Sasan"
"Sales",267638,"Kriebel","Chuanti"
"Sales",216368,"Hopewell","Kaijung"
"Sales",267774,"Demeyer","Yefim"
"Sales",30456,"Foote","Gladys"
"Sales",267807,"Harnett","Weiye"
"Sales",267808,"Whitcomb","Yahiko"
"Sales",30425,"Akazan","Rimli"
"Sales",267989,"Janocha","Yishai"
"Sales",268011,"Reinhard","Giri"
"Sales",30224,"Morrin","Ewing"
"Sales",216403,"Solovay","Shichao"
"Sales",30204,"Emmart","Chuanyi"
"Sales",216424,"Merlo","Mikhail"
"Sales",268183,"Bednarek","Yefim"
"Sales",268244,"Merkl","Eric"
"Sales",268283,"Hiraishi","Bikash"
"Sales",216448,"Pokrovskii","Sudhanshu"
"Sales",268291,"Renear","Shounak"
"Sales",268354,"Gist","Temple"
"Sales",268473,"Wossner","Barun"
"Sales",268474,"Ghandeharizadeh","Sastry"
"Sales",216512,"Knightly","Pranjal"
"Sales",455727,"Veccia","Kolar"
"Sales",216535,"Heering","Honglan"
"Sales",268676,"Senzako","Kamran"
"Sales",30152,"Auria","Tua"
"Sales",268680,"Ashish","Selwyn"
"Sales",268771,"Anick","Teruyuki"
"Sales",268811,"Peyn","Luigi"
"Sales",268876,"Hofmeyr","Pohua"
"Sales",455660,"Brender","Larisa"
"Sales",269063,"Berztiss","Alois"
"Sales",269079,"Anily","Roddy"
"Sales",29872,"Eppinger","Naftaly"
"Sales",269090,"Munck","Pramod"
"Sales",269154,"Wissmann","Shuichi"
"Sales",216668,"Rodite","Kellie"
"Sales",269205,"Junet","Fumitake"
"Sales",269410,"Khamsi","Freyja"
"Sales",269461,"Zastre","Noritoshi"
"Sales",269465,"Lunn","Kwangsub"
"Sales",269501,"Delaune","Udi"
"Sales",216685,"Christ","Tesuro"
"Sales",269634,"Kaiserswerth","Xiaoqiang"
"Sales",269636,"Genther","Bedrich"
"Sales",216723,"Desikan","Kish"
"Sales",269693,"Benzaken","Poorav"
"Sales",269706,"Wissmann","Berni"
"Sales",269891,"Poujol","Suvo"
"Sales",29571,"Bardell","Youngkon"
"Sales",269918,"Pelc","Stella"
"Sales",269919,"Cappello","Yolla"
"Sales",216756,"Sgarro","Munir"
"Sales",269962,"Undy","Pranjal"
"Sales",269963,"Maraist","Ravishankar"
"Sales",275035,"Benner","Kasidit"
"Sales",29568,"Carrere","Mori"
"Sales",270036,"Callaway","IEEE"
"Sales",270080,"Rodier","Marsal"
"Sales",216809,"Winter","Moni"
"Sales",29523,"Heusch","Roselyn"
"Sales",270130,"Ashish","Kayoko"
"Sales",217335,"Backhouse","Toshimi"
"Sales",270159,"Kossowski","Gretta"
"Sales",270165,"Trelles","Mahendra"
"Sales",270175,"Bugrara","Anoosh"
"Sales",270185,"Salverda","Xinglin"
"Sales",217336,"Usdin","Jungsoon"
"Sales",29478,"Terwilliger","Constantijn"
"Sales",270252,"Hmelo","Hirochika"
"Sales",217340,"Nitsche","Vivian"
"Sales",270267,"Merks","Xuedong"
"Sales",217358,"Ferretti","Pohua"
"Sales",29197,"Stentiford","Marlo"
"Sales",270385,"Skrikant","Jamaludin"
"Sales",270570,"Pena","Baoqiu"
"Sales",270633,"Millington","Duri"
"Sales",270636,"Lally","Yefim"
"Sales",270641,"Itzfeldt","Hongzue"
"Sales",270657,"Georgatos","Jayesh"
"Sales",270716,"Baer","Shunichi"
"Sales",270721,"Luby","Margo"
"Sales",29183,"Fadgyas","Geraldo"
"Sales",270795,"Diderrich","Domenico"
"Sales",29176,"Speel","Maik"
"Sales",29174,"Ferretti","Shaibal"
"Sales",270888,"Rodham","Dannz"
"Sales",272236,"Sherertz","Kensei"
"Sales",217465,"Serra","Yurii"
"Sales",29168,"Schwabacher","Nahid"
"Sales",272315,"Litzler","Masato"
"Sales",272356,"Morris","Basant"
"Sales",272361,"Ramras","Mechthild"
"Sales",272582,"Wiegley","Khaled"
"Sales",272611,"Conry","Naftaly"
"Sales",272655,"Skrikant","Dines"
"Sales",29122,"Melichar","Thodoros"
"Sales",29120,"Bergere","Parto"
"Sales",273069,"Baalen","Keiichiro"
"Sales",273109,"Linnainmaa","Demos"
"Sales",29100,"Rossi","Aris"
"Sales",29081,"Nitsche","Heeju"
"Sales",273454,"Katalagarianos","Hatsukazu"
"Sales",273481,"Shobatake","Mahmut"
"Sales",290063,"Roohalamini","Goncalo"
"Sales",275086,"Rahier","Remzi"
"Sales",275301,"Slutz","Gou"
"Sales",275305,"Chvatal","Honesty"
"Sales",275353,"Crelier","Zhaofang"
"Sales",275358,"Raczkowsky","Jeong"
"Sales",275359,"Suri","Fabrizio"
"Sales",455587,"Rosca","Izaskun"
"Sales",217574,"Gelosh","Roded"
"Sales",275386,"Lortz","Parke"
"Sales",275744,"Mitina","Radhia"
"Sales",275796,"Kambil","Guiseppe"
"Sales",275849,"Gunderson","Leaf"
"Sales",217585,"Gammage","Amstein"
"Sales",275909,"Stentiford","Renee"
"Sales",217625,"Serot","Mara"
"Sales",217626,"Haraldson","Ipke"
"Sales",217637,"Liedekerke","Sanjay"
"Sales",276146,"Swick","Weiru"
"Sales",276197,"Peha","Anestis"
"Sales",276235,"Trelles","Huan"
"Sales",217649,"Potthoff","Lidong"
"Sales",28651,"Kieras","Lenore"
"Sales",276994,"Reinhard","Yinghua"
"Sales",277022,"Christianini","Thodoros"
"Sales",277032,"Kaiserswerth","Shounak"
"Sales",277057,"Kavraki","Waiman"
"Sales",280281,"Krohn","Rimon"
"Sales",280298,"Ertl","Giri"
"Sales",280303,"Diderrich","Mariangiola"
"Sales",280317,"Peng","Mats"
"Sales",217780,"Schreiter","Irene"
"Sales",217785,"Clouatre","Froduald"
"Sales",280435,"Keohane","Ioana"
"Sales",455496,"Schaap","Kasidit"
"Sales",217802,"Gire","Bodo"
"Sales",280502,"Foote","Wilmer"
"Sales",280617,"Sewelson","Yechiam"
"Sales",217816,"Junot","Holgard"
"Sales",217824,"Ranai","Tomofumi"
"Sales",280717,"Range","Aiman"
"Sales",280734,"Masaki","Aris"
"Sales",280762,"Hinsberger","Changho"
"Sales",28616,"Koshino","Kristinn"
"Sales",280769,"Schreiter","Juichirou"
"Sales",280815,"Plotkin","Haldun"
"Sales",455485,"Ananiadou","Theron"
"Sales",280834,"Gomatam","Kamran"
"Sales",280843,"Garrabrants","Arfst"
"Sales",280866,"Hofmeyr","Masadi"
"Sales",280932,"Sadowski","Moon"
"Sales",217909,"Capobianchi","Mircea"
"Sales",217936,"Siegrist","Conal"
"Sales",455434,"Syrotiuk","Bingning"
"Sales",28385,"Conia","Filipp"
"Sales",455397,"Mukaidono","Huan"
"Sales",281106,"Gerteisen","Mohd"
"Sales",217952,"Miyakawa","Zhonghui"
"Sales",281117,"Coombs","Kazuhide"
"Sales",281140,"Prochazka","Yefim"
"Sales",281154,"Slutz","Prasadram"
"Sales",28348,"Gerlach","Kasturi"
"Sales",455391,"Kampfer","Ipke"
"Sales",281176,"Botman","Yuuichi"
"Sales",281228,"Decleir","Candido"
"Sales",281229,"Furedi","Xinan"
"Sales",281265,"Perz","Iara"
"Sales",281302,"Rijckaert","Uma"
"Sales",28282,"Spelt","Arto"
"Sales",275156,"Rahimi","Shigeichiro"
"Sales",281345,"Beetstra","Giordano"
"Sales",281363,"Baak","Aamer"
"Sales",281383,"Provine","Duro"
"Sales",281388,"Chepyzhov","Herb"
"Sales",455351,"Tomescu","Zhensheng"
"Sales",217988,"Waeselynck","Uno"
"Sales",281430,"Ginneken","Nobuyoshi"
"Sales",281431,"Zobel","Barna"
"Sales",220700,"Highland","Eberhardt"
"Sales",441673,"Kushnir","Owen"
"Sales",28246,"Rothenberg","Qunsheng"
"Sales",281520,"Wrigley","Jeanna"
"Sales",220707,"Stille","Zine"
"Sales",281641,"Poupard","Shigeu"
"Sales",281710,"Thiran","Ibibia"
"Sales",281713,"Benaini","Saeed"
"Sales",220713,"Doering","Taisook"
"Sales",281863,"Langford","Yuriy"
"Sales",281887,"Chleq","Aral"
"Sales",281897,"Botman","Kazunori"
"Sales",220739,"Bernini","Mart"
"Sales",281926,"Stassinopoulos","Ferdinand"
"Sales",28048,"Ranta","Stevo"
"Sales",281932,"Rouquie","Makato"
"Sales",28030,"Riesenhuber","Tokuyasu"
"Sales",282026,"Loncour","Erez"
"Sales",28028,"Czap","Howell"
"Sales",282033,"Lienhardt","Matk"
"Sales",282131,"Wendorf","Oguz"
"Sales",282145,"Schaap","Florian"
"Sales",27974,"Zucker","Hitomi"
"Sales",282166,"Brookner","Sumali"
"Sales",441672,"Rabehasaina","Inderjeet"
"Sales",282186,"Eiter","Abdelkader"
"Sales",282198,"Harllee","Geoffrey"
"Sales",27940,"Jumpertz","Berhard"
"Sales",282235,"Ghandeharizadeh","Yannik"
"Sales",282311,"Sidou","Horward"
"Sales",282313,"Cairo","Steve"
"Sales",220885,"Setiz","Carrsten"
"Sales",27913,"Fontan","Vojin"
"Sales",282330,"Bugaenko","Candido"
"Sales",282347,"Radivojevic","Shuky"
"Sales",282368,"Barbanera","Dietrich"
"Sales",282449,"Sherertz","Khalid"
"Sales",282467,"Woycyznski","Duangkaew"
"Sales",282501,"Rande","Kristinn"
"Sales",220927,"Yeung","Miquel"
"Sales",27858,"Puppe","Matt"
"Sales",220941,"Hanratty","Jenwei"
"Sales",27817,"Lakshmanan","Uri"
"Sales",282686,"Fioravanti","Mariusz"
"Sales",220975,"Laventhal","Jacopo"
"Sales",282716,"Liedekerke","Tonny"
"Sales",282750,"Verspoor","Mokhtar"
"Sales",282753,"Ghandeharizadeh","Tonia"
"Sales",282778,"Hatcliff","Sungwon"
"Sales",282818,"Jiang","Sahrah"
"Sales",282829,"Weisert","Kiyokazu"
"Sales",282850,"Minakawa","Huan"
"Sales",282916,"Maraist","Barton"
"Sales",27793,"Merlo","Paraskevi"
"Sales",282980,"Hoppenstand","Jingling"
"Sales",282998,"Bahi","Arno"
"Sales",221000,"Nollmann","Juichirou"
"Sales",283043,"Ozeki","Aria"
"Sales",221003,"Dratva","Akhilish"
"Sales",221009,"Itzigehl","Gay"
"Sales",283116,"Hiraishi","Wilmer"
"Sales",283119,"Benzaken","Guoxiang"
"Sales",441624,"Glowinski","Kwangsub"
"Sales",27729,"Escriba","Xinyu"
"Sales",455253,"Collavizza","Xiahua"
"Sales",283259,"Detkin","King"
"Sales",283267,"Bernick","Oddvar"
"Sales",283289,"Akaboshi","Yechezkel"
"Sales",283342,"Schwartzbauer","Gritta"
"Sales",283428,"Peot","Ramachenga"
"Sales",283430,"Ratnakar","Pascal"
"Sales",283440,"Krichel","Leen"
"Sales",283459,"Gill","Shichao"
"Sales",283496,"Flasterstein","Kenroku"
"Sales",221135,"Bernardeschi","Jiakeng"
"Sales",221138,"Rouquie","Jianhao"
"Sales",283621,"Pehl","Ranan"
"Sales",275500,"Reeker","Masaki"
"Sales",221147,"Ressouche","Sachin"
"Sales",283667,"Demri","Junichi"
"Sales",283702,"Rosis","Zhenhua"
"Sales",283755,"Rosaz","Isaac"
"Sales",221343,"Heystek","Rafail"
"Sales",283871,"Porotnikoff","Geraldo"
"Sales",283882,"Slobodova","Gregory"
"Sales",27615,"Hutton","Tokuyasu"
"Sales",283928,"Undy","Fusako"
"Sales",221353,"Kandlur","Jagoda"
"Sales",284135,"Felder","Zito"
"Sales",27590,"Couchot","Halsur"
"Sales",284142,"Candan","Almudena"
"Sales",284194,"Hofstetter","Sudhanshu"
"Sales",284195,"Bouloucos","Mona"
"Sales",284214,"Nyanchama","Nadjib"
"Sales",284232,"Koshino","Gift"
"Sales",284236,"Rossi","Guther"
"Sales",27567,"Basawa","Khalid"
"Sales",221405,"Gubsky","Jianwen"
"Sales",284274,"Basawa","Jackson"
"Sales",284337,"Uehara","Marek"
"Sales",27557,"Oxman","Teunis"
"Sales",275533,"Muhling","Takanari"
"Sales",284380,"Harnett","Pranay"
"Sales",284435,"Rando","Piyawadee"
"Sales",284462,"Waleschkowski","Fai"
"Sales",27507,"Tsunoo","Navin"
"Sales",221449,"Rettelbach","Miyeon"
"Sales",221486,"Maraist","Ortrud"
"Sales",284508,"Anick","Feiyu"
"Sales",284515,"Salverda","Shuzo"
"Sales",221494,"Godskesen","Feiyu"
"Sales",27479,"Chaudhuri","Jaideep"
"Sales",27458,"Auyong","Parto"
"Sales",455058,"Kieras","Krassimir"
"Sales",284712,"Rindone","Ayakannu"
"Sales",284715,"Malinowski","Christ"
"Sales",455052,"Perna","Aleksandar"
"Sales",27415,"Ramamoorthy","Ramachenga"
"Sales",284820,"Strandh","Prasadram"
"Sales",284821,"Gadepally","Charlene"
"Sales",284827,"Kalafatis","Guenter"
"Sales",284828,"Iacovou","Danil"
"Sales",284838,"Nooteboom","Weiyi"
"Sales",284878,"Ventosa","Claude"
"Sales",221555,"Undy","Navin"
"Sales",284930,"Krychniak","Shahar"
"Sales",284947,"Vidal","Martial"
"Sales",285019,"Yurov","Kenton"
"Sales",454984,"Savasere","Szabolcs"
"Sales",285078,"Masand","Hitomi"
"Sales",285084,"Ullian","Guther"
"Sales",27365,"Morris","Mang"
"Sales",285117,"Demri","Nectarios"
"Sales",285124,"Marwedel","Shakhar"
"Sales",221656,"Ibel","Bernd"
"Sales",454966,"Goodrum","Genta"
"Sales",27310,"Francisci","Sigeru"
"Sales",285302,"Guerreiro","Duangkaew"
"Sales",285353,"Radivojevic","Mark"
"Sales",285370,"Coney","Zsolt"
"Sales",285371,"Frolund","Hitomi"
"Sales",221674,"Camarinopoulos","Baruch"
"Sales",285403,"Narahara","Arvin"
"Sales",221852,"DeMori","Tayeb"
"Sales",285470,"Turnbull","Gill"
"Sales",285538,"Raoux","Rafael"
"Sales",285545,"Uhrig","Fumiyo"
"Sales",285547,"Denis","Miquel"
"Sales",285559,"Boguraev","Sanjai"
"Sales",285587,"Simmen","Ugo"
"Sales",27296,"Cappelletti","Fabrizio"
"Sales",285617,"Pettey","Mabry"
"Sales",285633,"Erez","Yolla"
"Sales",285685,"Debuse","Akhilish"
"Sales",285726,"Koshiba","Naftali"
"Sales",27282,"Bahi","Xiaobin"
"Sales",285757,"Biran","Ipke"
"Sales",221880,"Reutenauer","Bezalel"
"Sales",221881,"Cyne","Subhash"
"Sales",27272,"Genin","Kwan"
"Sales",221882,"Aloia","Sahrah"
"Sales",454915,"Gubsky","Claudi"
"Sales",285863,"Busillo","Leaf"
"Sales",285885,"Llado","Mahmut"
"Sales",285894,"Woycyznski","Tamiya"
"Sales",285981,"Rothenberg","Chuanyi"
"Sales",286028,"Lienhardt","Christfried"
"Sales",221930,"Welham","Kien"
"Sales",221935,"Ballarin","Marl"
"Sales",286060,"Hanratty","Tsutomu"
"Sales",221942,"Weiland","Vishwani"
"Sales",221952,"Heering","Laurentiu"
"Sales",286109,"Ranst","Qingxiang"
"Sales",286168,"Bugrara","Mara"
"Sales",27138,"Taubman","Shichao"
"Sales",27135,"Vecchi","Berthier"
"Sales",286217,"Lorie","Beshir"
"Sales",286258,"Thiran","Chriss"
"Sales",221966,"Lamma","Tayeb"
"Sales",454902,"Collette","Berto"
"Sales",27108,"Greenaway","Tayeb"
"Sales",27072,"Lorys","Aris"
"Sales",286346,"Besselaar","Saddek"
"Sales",286349,"Rikino","Conor"
"Sales",286350,"Lindqvist","Marlo"
"Sales",286418,"Daescu","Tomokazu"
"Sales",26734,"Chleq","Rosella"
"Sales",26694,"Pillow","Conal"
"Sales",286467,"Molberg","Ult"
"Sales",26682,"Baezner","Yucai"
"Sales",286561,"Kowalchuk","Weijing"
"Sales",286581,"Irland","Arvind"
"Sales",286619,"Hiraishi","Radhia"
"Sales",286643,"Shokrollahi","Mitchel"
"Sales",222010,"Thimonier","Xumin"
"Sales",286659,"Ratnaker","Chiradeep"
"Sales",222019,"Edelhoff","Kristian"
"Sales",286690,"Suessmith","Shirish"
"Sales",26614,"Swist","Munir"
"Sales",286716,"Conia","Khatoun"
"Sales",286737,"Hmelo","Nalini"
"Sales",286795,"Luca","Tayeb"
"Sales",286869,"Baik","Abdelghani"
"Sales",286875,"Wielonsky","Freyja"
"Sales",26563,"Raoux","Itzchak"
"Sales",286917,"Ambroszkiewicz","Shigehito"
"Sales",275687,"Akazan","Richard"
"Sales",286946,"Hebden","Debaprosad"
"Sales",286969,"Henseler","Hitofumi"
"Sales",286970,"Shobatake","Jayesh"
"Sales",286990,"Flowers","Christfried"
"Sales",222030,"Stentiford","Gaurav"
"Sales",287040,"Conry","Halsur"
"Sales",26525,"Morris","Siamak"
"Sales",454880,"Ranst","Jagoda"
"Sales",26467,"Czaja","Shaunak"
"Sales",275697,"Eiron","Oksana"
"Sales",287258,"Fetvedt","Shawna"
"Sales",287285,"Shanbhogue","Jianhao"
"Sales",287293,"Rosch","Gao"
"Sales",287317,"Hiroyama","Gopalakrishnan"
"Sales",287322,"Munke","Shaibal"
"Sales",454837,"Poujol","Jacopo"
"Sales",287408,"Chaudhuri","Gladys"
"Sales",287542,"Ghazalie","Fumiyo"
"Sales",25883,"Schieder","Jaihie"
"Sales",25878,"Shumilov","Munir"
"Sales",287575,"Bonifati","Tuval"
"Sales",287582,"Gopalakrishnan","Paris"
"Sales",222118,"Silva","Taizo"
"Sales",25848,"Zwicker","Kerhong"
"Sales",222119,"Pocchiola","Subir"
"Sales",291630,"Vesel","Munir"
"Sales",287931,"Tsukuda","Sariel"
"Sales",287991,"Haldar","Alper"
"Sales",288033,"Millington","Valery"
"Sales",25799,"Munke","Denny"
"Sales",288059,"Kabayashi","Leni"
"Sales",288062,"Miake","Samphel"
"Sales",288088,"Mungall","Elvis"
"Sales",288103,"Kropatsch","Yuguang"
"Sales",25762,"Heping","Souichi"
"Sales",288140,"Biros","Steen"
"Sales",288160,"Schlegelmilch","Tzvetan"
"Sales",288189,"Tischendorf","Thodoros"
"Sales",288190,"Snedden","Branimir"
"Sales",441598,"Siepmann","Jingling"
"Sales",222285,"Saoudi","Ibibia"
"Sales",288290,"Nyrup","Baziley"
"Sales",25757,"Ginneken","Vojin"
"Sales",25751,"Brendel","Elgin"
"Sales",25562,"Menhardt","Bernardo"
"Sales",288392,"Gruenwald","Kyoichi"
"Sales",222562,"Gargeya","Duangkaew"
"Sales",288420,"Speckmann","Isamu"
"Sales",288440,"Bael","Shim"
"Sales",288452,"Wrigley","Aria"
"Sales",288516,"Middleton","Fumitake"
"Sales",288568,"Birge","Izaskun"
"Sales",288609,"Melichar","Cathie"
"Sales",288629,"Compeau","Radoslaw"
"Sales",288647,"Homond","Sugwoo"
"Sales",288651,"Cincotta","Faiza"
"Sales",25489,"Carrera","Heon"
"Sales",222622,"Rosch","Olivera"
"Sales",288776,"Baca","Akeno"
"Sales",222647,"Gischer","Hyuckchul"
"Sales",289141,"Msuda","Cathie"
"Sales",25447,"Cichocki","Vishwani"
"Sales",222651,"Gornas","Kagan"
"Sales",289214,"Lamba","Honesty"
"Sales",289289,"Pargas","Marke"
"Sales",25199,"Erman","Matt"
"Sales",290361,"Chenoweth","Satoru"
"Sales",290373,"Veevers","Sushant"
"Sales",25177,"Marrevee","Yurij"
"Sales",290395,"Percebois","Janalee"
"Sales",290436,"Karlin","Chenxi"
"Sales",290443,"Schoegge","Ger"
"Sales",290717,"Stenning","Fei"
"Sales",290732,"Usery","Shen"
"Sales",292153,"Kowalchuk","Guenter"
"Sales",292173,"Preusig","Volkmar"
"Sales",24685,"Borstler","Yefim"
"Sales",454740,"Rosaz","Dhritiman"
"Sales",222701,"Delaune","Lein"
"Sales",292279,"Llado","Berry"
"Sales",292299,"Luck","Uri"
"Sales",292493,"Sridhar","Sham"
"Sales",292500,"Rodham","Constantino"
"Sales",292520,"Coney","Naraig"
"Sales",454737,"Maquelin","Kiam"
"Sales",222762,"Swiss","Sivanarayana"
"Sales",24658,"Rattan","Vasiliy"
"Sales",292626,"Bale","Sandeepan"
"Sales",292994,"Setiz","Naftaly"
"Sales",293051,"Eiter","Slavian"
"Sales",293061,"Hiltgen","Tremaine"
"Sales",293072,"Suomi","Geraldo"
"Sales",293075,"Zielinski","Persi"
"Sales",293092,"Kroha","Baocai"
"Sales",24588,"Kranzdorf","Huiqun"
"Sales",293143,"Honiden","Susumu"
"Sales",222799,"Doering","Morrie"
"Sales",24578,"Vigier","Mani"
"Sales",293368,"Henders","Ortrun"
"Sales",222816,"Cyre","Surveyors"
"Sales",293460,"Conry","Kazuhito"
"Sales",222824,"Coorg","Kazuhito"
"Sales",293476,"Szilard","Khalid"
"Sales",293867,"Bauknecht","Kwee"
"Sales",275968,"Baer","Mona"
"Sales",222856,"Trumbly","Niranjan"
"Sales",293934,"Heusch","Kerryn"
"Sales",293960,"Besselaar","Fay"
"Sales",222890,"Varman","Lenore"
"Sales",23008,"Kropf","Sanjoy"
"Sales",294207,"Rando","Aiman"
"Sales",294211,"Sinitsyn","Aran"
"Sales",294218,"Kuhnemann","Tzvetan"
"Sales",294240,"Ressouche","Poornachandra"
"Sales",275972,"Argence","Arto"
"Sales",296023,"Maierhofer","Panayotis"
"Sales",275976,"Detkin","Shaowei"
"Sales",296069,"Sinitsyn","Margo"
"Sales",222957,"Chaudhuri","Jenwei"
"Sales",22798,"Decaestecker","Bingning"
"Sales",296332,"Rassart","Iara"
"Sales",296429,"Frolund","Theron"
"Sales",222971,"Beilner","Jagoda"
"Sales",296455,"Babb","Ipke"
"Sales",454727,"Muhlberg","Aamer"
"Sales",222983,"McClure","Zeydy"
"Sales",222996,"Reutenauer","Caolyn"
"Sales",454726,"Lueh","Leah"
"Sales",454722,"Hofting","Stein"
"Sales",296815,"Kamble","Pasqua"
"Sales",454717,"Spinelli","Ymte"
"Sales",22590,"Veevers","Suzette"
"Sales",22581,"Veldwijk","Manibrata"
"Sales",296872,"Genin","Debaprosad"
"Sales",296890,"Preusig","Goetz"
"Sales",223216,"Szemeredi","Zita"
"Sales",22577,"Murillo","Golgen"
"Sales",296989,"Erez","Nechama"
"Sales",223230,"Itzfeldt","Oscal"
"Sales",297062,"Brizzi","Greger"
"Sales",22552,"Showalter","Howell"
"Sales",297106,"Sethi","Valery"
"Sales",297113,"Peral","Mari"
"Sales",297190,"Verhaegen","Demin"
"Sales",297210,"Shackel","Chanjung"
"Sales",22535,"Chachaty","Alejandra"
"Sales",22512,"Karner","Ottavia"
"Sales",297251,"Herber","Yurii"
"Sales",297260,"Peha","Florian"
"Sales",297281,"Terekhov","Hidekazu"
"Sales",297285,"Brodie","Alagu"
"Sales",297312,"Przulj","Franziska"
"Sales",297680,"Nilsson","Kien"
"Sales",297727,"Improta","Tremaine"
"Sales",297740,"Masamoto","Dhritiman"
"Sales",297753,"Schauser","Danco"
"Sales",297774,"Melton","Mohua"
"Sales",22379,"Piazza","Kwangho"
"Sales",22374,"Klassen","Soenke"
"Sales",297835,"Simkin","Yaghout"
"Sales",297908,"Peha","Hinrich"
"Sales",297919,"Kulisch","Eran"
"Sales",297970,"Erdmenger","Waiman"
"Sales",298025,"Egerstedt","Ohad"
"Sales",22286,"Kalefeld","Gen"
"Sales",298041,"Chiodo","Arup"
"Sales",298053,"Munawer","Yuriy"
"Sales",298077,"Berztiss","Marek"
"Sales",298090,"Pelc","Otilia"
"Sales",454658,"Eickenmeyer","Maris"
"Sales",22273,"Terkki","Elvis"
"Sales",22243,"Neiman","Hidefumi"
"Sales",454634,"Thorelli","DAIDA"
"Sales",22229,"Fetvedt","Keung"
"Sales",298407,"Poujol","Sungwon"
"Sales",276017,"Msuda","Eran"
"Sales",298431,"Syrotiuk","Kiyomitsu"
"Sales",298466,"Breugel","Premal"
"Sales",22025,"Pfau","Ugo"
"Sales",454630,"Mandell","Owen"
"Sales",22010,"Kolvik","Aemilian"
"Sales",298716,"Pillow","Conor"
"Sales",298794,"Rothe","Mohit"
"Sales",298812,"Birta","Tianruo"
"Sales",298816,"Siegrist","Kamran"
"Sales",439346,"Takanami","Kellyn"
"Sales",22002,"Vecchi","Jiang"
"Sales",298879,"Lindenbaum","Akeel"
"Sales",441557,"Gulak","Duangkaew"
"Sales",223414,"Lichtman","Tadahiro"
"Sales",298920,"VanScheik","Erzsebet"
"Sales",298921,"Antonakopoulos","Aleksander"
"Sales",298973,"Hofting","Masaki"
"Sales",21976,"Uhrig","Randy"
"Sales",454614,"Showalter","Conrado"
"Sales",299009,"Biron","Arra"
"Sales",299016,"Tchuente","Berry"
"Sales",299045,"Lorho","Sandeepan"
"Sales",223494,"Thiran","Rosalyn"
"Sales",299097,"Poupard","Tayeb"
"Sales",299108,"Argence","Mayumi"
"Sales",223499,"Maraist","Sakthirel"
"Sales",223501,"Cappelletti","Gennady"
"Sales",299207,"Lieberherr","Phuoc"
"Sales",299253,"Sambasivam","Aloys"
"Sales",299304,"Khalid","Geoffry"
"Sales",21897,"Kavanagh","Sampalli"
"Sales",21532,"Massonet","Satoru"
"Sales",299333,"Schaad","Bouchung"
"Sales",299401,"Bolsens","Gian"
"Sales",454592,"Malinowski","Jixiang"
"Sales",299456,"Kossowski","Yongqiao"
"Sales",454579,"Snyers","Shushma"
"Sales",299727,"Quaggetto","Kerryn"
"Sales",299737,"Itzfeldt","Patricio"
"Sales",299783,"Raney","Qingxiang"
"Sales",21465,"Terwilliger","Shalesh"
"Sales",21445,"Hanratty","Kwok"
"Sales",299796,"Reinhart","Duro"
"Sales",299810,"Dulay","Uta"
"Sales",299829,"Klerer","Abdulah"
"Sales",400058,"Kopetz","Rosita"
"Sales",400065,"Peral","Val"
"Sales",400117,"Rettelbach","Tadahiko"
"Sales",400146,"Uhrig","Bowen"
"Sales",400156,"Mahmud","Kellyn"
"Sales",400183,"Docker","Leucio"
"Sales",276264,"Decaestecker","Marla"
"Sales",400326,"Lores","Fabrizio"
"Sales",400355,"Peek","Nathalie"
"Sales",276295,"Snedden","Jianwen"
"Sales",400446,"Stasinski","Luerbio"
"Sales",400497,"Schaar","Shigeaki"
"Sales",400522,"Lenart","Tsutomu"
"Sales",400534,"Schneeberger","Gaetan"
"Sales",454565,"Maquelin","Utpal"
"Sales",21116,"Pelc","Tonny"
"Sales",400581,"Qiwen","Mantis"
"Sales",400617,"Eldridge","Yuriy"
"Sales",21093,"Worfolk","Zdislav"
"Sales",400675,"Tempesti","Mantis"
"Sales",223872,"Penttonen","Supot"
"Sales",21049,"Solares","Zdislav"
"Sales",400691,"Birta","Keung"
"Sales",20848,"Shinomoto","Feixiong"
"Sales",223893,"Baek","Jaana"
"Sales",400774,"Skrikant","Mingdong"
"Sales",223904,"Luft","Rasiah"
"Sales",20804,"Lunn","Toshimori"
"Sales",400922,"Atrawala","Utpal"
"Sales",223916,"Aumann","Lene"
"Sales",401001,"Nyrup","Dinkar"
"Sales",20726,"Mateescu","Genta"
"Sales",401088,"Cheshire","Odoardo"
"Sales",20701,"Kavraki","Francesca"
"Sales",401436,"Perz","Shakhar"
"Sales",401515,"Kampfer","Mary"
"Sales",401516,"Mungall","Shalesh"
"Sales",401855,"Peir","Steve"
"Sales",20658,"Gyorkos","Make"
"Sales",401862,"Glinert","Weidon"
"Sales",401897,"Collette","Hauke"
"Sales",401904,"Lukaszewicz","Ewing"
"Sales",401944,"Farris","Premal"
"Sales",401945,"Heinisuo","Premsyl"
"Sales",401959,"Gadepally","Alenka"
"Sales",20621,"Navazio","Arumugam"
"Sales",401985,"Penttonen","Gino"
"Sales",401988,"Kalloufi","Jessie"
"Sales",402005,"Gewali","Youngkon"
"Sales",402200,"Cyne","Zine"
"Sales",402266,"Liedekerke","Shim"
"Sales",402271,"Pell","Tristan"
"Sales",224075,"Trelles","Sanjiv"
"Sales",402288,"Lalonde","Hironoby"
"Sales",20588,"Ramsak","Bilhanan"
"Sales",402324,"Kalorkoti","Fox"
"Sales",224092,"Llado","Sachio"
"Sales",20570,"Kalefeld","Uma"
"Sales",224098,"Vecchi","Kenroku"
"Sales",402468,"Zeleznik","Kerhong"
"Sales",224120,"Conte","Freyja"
"Sales",20541,"Lunt","Shuzo"
"Sales",402749,"Tzvieli","Subir"
"Sales",20428,"Laventhal","Vivian"
"Sales",402900,"Choobineh","LiMin"
"Sales",402912,"Caine","Vidya"
"Sales",224173,"DeMori","Gou"
"Sales",403063,"Eugenio","Sugwoo"
"Sales",224393,"Heemskerk","Naftali"
"Sales",403172,"Pena","Khedija"
"Sales",403176,"Cooke","Bernd"
"Sales",403177,"Eickenmeyer","Dzung"
"Sales",454442,"Sidje","Sajjad"
"Sales",403304,"Sgarro","KayLiang"
"Sales",20351,"Vanwelkenhuysen","Matt"
"Sales",405579,"Range","Insup"
"Sales",441526,"Hitomi","Joydip"
"Sales",405626,"Holburn","Arun"
"Sales",405640,"Hopewell","Masako"
"Sales",405657,"Lund","Luise"
"Sales",405661,"Christianini","Itzchak"
"Sales",405684,"Jonsson","Bojan"
"Sales",405692,"Seiwald","Douadi"
"Sales",405877,"Braccini","Olivera"
"Sales",20273,"Atrawala","Duro"
"Sales",224457,"Strandh","Vugranam"
"Sales",224491,"Schahn","Masako"
"Sales",224498,"Khalil","Mary"
"Sales",405922,"Cappelletti","Honesty"
"Sales",224507,"McClurg","Satosi"
"Sales",405996,"Perl","Xinyu"
"Sales",406214,"Bernatsky","Divier"
"Sales",406247,"Heystek","Siddarth"
"Sales",406289,"Kuzuoka","Aral"
"Sales",406293,"Gurbaxani","Rosita"
"Sales",406294,"Laventhal","Jinya"
"Sales",406301,"Makrucki","Baruch"
"Sales",224524,"Menhoudj","Guther"
"Sales",276372,"Reghbati","Chandrasekaran"
"Sales",20176,"Sewelson","Adib"
"Sales",224541,"Bodoff","Naraig"
"Sales",406587,"Anick","Xuejia"
"Sales",406604,"Aingworth","Danai"
"Sales",224547,"Plesums","Fun"
"Sales",224557,"Ariola","Doowon"
"Sales",20143,"Cesareni","Conor"
"Sales",406876,"Kroft","Basim"
"Sales",224576,"Rahier","Dung"
"Sales",406910,"Aumann","Jayson"
"Sales",20122,"Kampfer","Subhankar"
"Sales",224613,"Fontan","Alassane"
"Sales",406976,"Demri","Fabrizio"
"Sales",406980,"Panangaden","Jacopo"
"Sales",407023,"Buchter","Anyuan"
"Sales",407033,"Slaats","King"
"Sales",224677,"Rothe","Collette"
"Sales",408649,"Badr","Lene"
"Sales",408693,"Penn","Utpal"
"Sales",224685,"Cronau","JoAnna"
"Sales",408929,"Gischer","Gao"
"Sales",408958,"Niizuma","Wanqing"
"Sales",227555,"Remmele","Monique"
"Sales",408994,"Assaf","Shimshon"
"Sales",20009,"Krybus","Yakkov"
"Sales",409027,"Munawer","Kazuhide"
"Sales",409835,"Thibadeau","Siamak"
"Sales",409836,"Senzako","Guozhong"
"Sales",227559,"Lichtner","Gina"
"Sales",454425,"Pillow","Shietung"
"Sales",410735,"Siksek","Aloke"
"Sales",19911,"Fabrizio","Siamak"
"Sales",227605,"Erdi","Mitsuyuki"
"Sales",410861,"Kleiser","Subhada"
"Sales",19700,"Kitai","George"
"Sales",410921,"Zucker","Fumiya"
"Sales",410977,"Warwick","Vitali"
"Sales",410978,"Azadmanesh","Shin"
"Sales",438321,"Skrikant","Basim"
"Sales",410998,"Poupard","Dmitry"
"Sales",227627,"Lund","Atilio"
"Sales",411123,"Stiles","Tiina"
"Sales",411156,"Auria","Kasidit"
"Sales",227682,"Frezza","Kauko"
"Sales",227695,"DasSarma","Saeed"
"Sales",411449,"Wallrath","Rimli"
"Sales",411543,"Harbusch","Munehiro"
"Sales",19663,"Navazio","Sverrir"
"Sales",411622,"Benveniste","Xiadong"
"Sales",454321,"Ranai","Marin"
"Sales",411643,"Billawala","Kankanahalli"
"Sales",411703,"Shinomoto","Kousuke"
"Sales",411716,"Basart","Koldo"
"Sales",227783,"Constantine","Xiping"
"Sales",411751,"Tanemo","Conor"
"Sales",276451,"Riefers","Xiaoqiu"
"Sales",411830,"Zedlitz","Horward"
"Sales",411863,"Dratva","Eberhardt"
"Sales",411865,"Danner","Tonny"
"Sales",227792,"Ponthieu","Woody"
"Sales",411900,"Wynblatt","Mari"
"Sales",227815,"Rijsenbrij","Alejandra"
"Sales",411962,"Murillo","Tooru"
"Sales",411970,"Sichman","Sverrir"
"Sales",227821,"Uhrik","Branimir"
"Sales",227832,"Christianini","Lalit"
"Sales",412026,"Jiang","Yishay"
"Sales",19319,"Welham","Basil"
"Sales",19314,"Aloia","JoAnna"
"Sales",412164,"Merro","Slavian"
"Sales",412166,"Hitomi","Vesna"
"Sales",19307,"Baca","Jongsuk"
"Sales",412255,"Pezzoli","Vojin"
"Sales",412262,"Aumann","Siamak"
"Sales",412319,"Ibel","Kazuhito"
"Sales",412384,"Renear","Susumu"
"Sales",412408,"Yetim","Arun"
"Sales",412424,"Demos","Zita"
"Sales",412438,"Azuma","Kankanahalli"
"Sales",412452,"Lubachevsky","Candido"
"Sales",19275,"Lung","Kristina"
"Sales",412463,"Birch","Serap"
"Sales",19265,"Junet","Bodh"
"Sales",412482,"Barvinok","Zine"
"Sales",412491,"Peres","Ziyad"
"Sales",412582,"Rando","Jeanna"
"Sales",227950,"Rosis","Hirochika"
"Sales",412622,"Wolniewicz","Shigehiro"
"Sales",19210,"Mondadori","Huican"
"Sales",412628,"Gelosh","Sadun"
"Sales",412638,"Chvatal","Piyawadee"
"Sales",412655,"Gniady","Yuqun"
"Sales",412658,"Sigstam","Magy"
"Sales",412674,"Chaudhury","Tristan"
"Sales",412684,"Candan","Erez"
"Sales",412691,"Ouhyoung","JoAnne"
"Sales",412716,"Birnbaum","Doowon"
"Sales",413063,"Bazelow","Mari"
"Sales",413082,"Frijda","Pranay"
"Sales",413096,"Ramaiah","Nahid"
"Sales",19014,"Danecki","Jiafu"
"Sales",413148,"Pehl","Jinxi"
"Sales",413184,"Asmuth","Moon"
"Sales",413185,"Rattan","Elrique"
"Sales",413240,"Vilarrasa","Yuguang"
"Sales",18971,"Peris","Kiyokazu"
"Sales",413302,"Chappelet","Shao"
"Sales",413436,"Segond","Haldun"
"Sales",413453,"Matzov","Bokyung"
"Sales",413459,"Trumbly","Gro"
"Sales",413496,"Acton","Naftaly"
"Sales",413513,"Renear","Arno"
"Sales",413569,"Jayawardene","Dulce"
"Sales",413570,"Mellouli","Foong"
"Sales",228076,"Zaumen","Jinpo"
"Sales",18878,"Karner","Tuval"
"Sales",413585,"Llado","Mingdong"
"Sales",413613,"Gulla","Khun"
"Sales",18688,"Pearson","Uli"
"Sales",18664,"Akaboshi","Itzchak"
"Sales",18657,"Gulak","Hyuncheol"
"Sales",413694,"Tanemo","Hatem"
"Sales",454247,"Perfilyeva","Xinan"
"Sales",413740,"Neimat","Oscar"
"Sales",18612,"Sevcikova","Nevin"
"Sales",18601,"Bade","Susanne"
"Sales",413788,"Jumpertz","Herbert"
"Sales",228142,"Talmor","Vojin"
"Sales",413871,"Kaiser","Alois"
"Sales",413978,"Buchter","Jianwen"
"Sales",414030,"Impagliazzo","Murthy"
"Sales",414106,"Genther","Jaewoo"
"Sales",414158,"Perly","Vivian"
"Sales",228189,"Falster","Kristian"
"Sales",414192,"Ozery","Chinho"
"Sales",414212,"Pehl","Theron"
"Sales",414260,"Kuhnemann","Sedat"
"Sales",228196,"Desikan","LiMin"
"Sales",276513,"Petersohn","Toshiko"
"Sales",414330,"Hooghiemstra","Saeko"
"Sales",414352,"Stanger","Arco"
"Sales",414415,"Erdmenger","Maha"
"Sales",414487,"Dechter","Odysseas"
"Sales",18090,"Stemann","Eberhardt"
"Sales",414533,"Rullman","Denis"
"Sales",414645,"Boguraev","Mingzeng"
"Sales",228408,"Debuse","Bokyung"
"Sales",414721,"Kieras","Shigeu"
"Sales",414729,"Marsiglia","Geoffrey"
"Sales",414776,"Schaar","Kasturi"
"Sales",228439,"Erev","Raimond"
"Sales",414831,"Randi","Mario"
"Sales",414842,"Thiria","Baruch"
"Sales",228476,"Mapelli","Yuuichi"
"Sales",454158,"Anido","Mokhtar"
"Sales",276520,"Bernatsky","Nevin"
"Sales",276522,"Kolvik","Uno"
"Sales",415114,"Miara","Sangeeta"
"Sales",17848,"Veccia","Zhonghua"
"Sales",17790,"Merro","Youngkon"
"Sales",415165,"Goldhammer","Fabrizio"
"Sales",415168,"Talmon","Hirochika"
"Sales",415184,"Valtorta","Tiina"
"Sales",228713,"Billingsley","Uno"
"Sales",415430,"Provine","Bluma"
"Sales",415451,"Gilg","Seongbae"
"Sales",415452,"Lalonde","Shahab"
"Sales",228741,"Zielinski","Marsja"
"Sales",415473,"Gulik","Yonghoan"
"Sales",415540,"Peres","Manton"
"Sales",228776,"Pintelas","Przemyslawa"
"Sales",17732,"Moehrke","Wilmer"
"Sales",415614,"Melton","Fusako"
"Sales",415632,"Birch","Vojin"
"Sales",276582,"Eterovic","Yunming"
"Sales",415718,"Lukaszewicz","Kristin"
"Sales",17468,"Irland","Abdelghani"
"Sales",415802,"Rosti","Honesty"
"Sales",415820,"Nicolson","Miomir"
"Sales",17446,"Kroon","Phule"
"Sales",415874,"Rando","Naftaly"
"Sales",415892,"Munch","Arvind"
"Sales",415922,"Berstel","Jahangir"
"Sales",415923,"Katalagarianos","Zongyan"
"Sales",415950,"Bonifati","Nathan"
"Sales",415981,"Kaltofen","Miomir"
"Sales",17421,"Birjandi","Adel"
"Sales",416076,"Junet","Kenton"
"Sales",17374,"Coullard","Fumiyo"
"Sales",416092,"Schonegge","Masako"
"Sales",438308,"Krider","Utpal"
"Sales",416108,"Janetzko","Masaki"
"Sales",229101,"Menyhert","Jianwen"
"Sales",416147,"Katalagarianos","Sudhanshu"
"Sales",17332,"Grospietsch","Valery"
"Sales",416185,"Gils","Mary"
"Sales",416421,"Strooper","Zijian"
"Sales",416469,"Negoita","Kristina"
"Sales",416470,"Katiyar","Tzvetan"
"Sales",416509,"Kading","Prasadram"
"Sales",17298,"Kowalchuk","Deborah"
"Sales",453951,"Hofman","Manu"
"Sales",416782,"Fraisse","Xiaoshan"
"Sales",416799,"Luks","Chinya"
"Sales",229163,"Wroclawski","Susuma"
"Sales",453947,"Heuter","Tayeb"
"Sales",416809,"Bondorf","Ashish"
"Sales",453945,"Luit","Christ"
"Sales",416853,"Negoita","Lalit"
"Sales",17283,"Staylopatis","Vishv"
"Sales",17275,"Danlos","Shmuel"
"Sales",416875,"Emmart","Rajmohan"
"Sales",229197,"Beilner","Adit"
"Sales",417163,"Xiaoshan","Kauko"
"Sales",417425,"Bala","Pranjal"
"Sales",417435,"Zaumen","Bouchung"
"Sales",417464,"Shanbhogue","Valdiodio"
"Sales",417483,"Neiman","Lidong"
"Sales",417490,"Bade","Sungwon"
"Sales",417511,"Stranks","Herb"
"Sales",417515,"Staylopatis","Avishai"
"Sales",417523,"Pepe","Heekeun"
"Sales",417569,"Cromarty","Oguz"
"Sales",229242,"Hammerschmidt","Pasqua"
"Sales",441405,"Birta","Wojceich"
"Sales",229288,"Nitsch","Kristian"
"Sales",291805,"Munke","Hyuncheol"
"Sales",17202,"Quittner","Jayesh"
"Sales",17192,"Godskesen","Lillian"
"Sales",417905,"Birta","Zhanqiu"
"Sales",229294,"Babu","Subhada"
"Sales",418301,"Perez","Torsten"
"Sales",290269,"Mapelli","Sanjit"
"Sales",229341,"Luce","Barun"
"Sales",418335,"Dalton","Kwok"
"Sales",418364,"Herbst","Fun"
"Sales",418397,"Dredge","Shichao"
"Sales",418414,"Barinka","Zdislav"
"Sales",418430,"Demizu","Sanjai"
"Sales",17123,"Beausoleil","Aruna"
"Sales",418511,"Valette","Heon"
"Sales",418526,"Rubsam","Sajjad"
"Sales",17109,"Msuda","Annemarie"
"Sales",418558,"Perry","Fumiko"
"Sales",229419,"Rando","Jagoda"
"Sales",17102,"Garnick","Radhika"
"Sales",453872,"Zaiane","Basil"
"Sales",229423,"Murtafg","Stafford"
"Sales",16944,"Shobatake","Yuguang"
"Sales",419000,"Sluis","Subhada"
"Sales",229431,"Billingsley","Fumino"
"Sales",419021,"Auyong","Ravishankar"
"Sales",419028,"Gecsel","Heon"
"Sales",419056,"Poupard","Zhonghui"
"Sales",16672,"Peris","Georgi"
"Sales",419117,"Lorcy","Martine"
"Sales",229459,"Melichar","Huan"
"Sales",419202,"Chepyzhov","Xinyu"
"Sales",441401,"Erman","Shimshon"
"Sales",16650,"Thisen","Khun"
"Sales",419212,"Yavatkar","Persi"
"Sales",229481,"Conti","Shimshon"
"Sales",16640,"Liesche","Rafael"
"Sales",229484,"Snedden","Avishai"
"Sales",229485,"Thiran","Dharmaraja"
"Sales",229489,"Bennis","Susuma"
"Sales",229492,"Matzov","Girolamo"
"Sales",419316,"Millington","Christoper"
"Sales",419322,"Godskesen","Harjit"
"Sales",229520,"Anily","Anyuan"
"Sales",419390,"Azumi","Mircea"
"Sales",419395,"Schaad","Adam"
"Sales",229547,"Schach","Moni"
"Sales",419604,"Huxford","Sumant"
"Sales",276878,"Ravishankar","Yechiam"
"Sales",419690,"Schapiro","Adel"
"Sales",419695,"Cullers","Bartek"
"Sales",419712,"dAstous","Djenana"
"Sales",419735,"Falco","Tooru"
"Sales",419763,"Restivo","Heng"
"Sales",419791,"Prampolini","Constantijn"
"Sales",229648,"Hartvigsen","Rildo"
"Sales",229653,"Schlegelmilch","Candido"
"Sales",419854,"Zucker","Cheong"
"Sales",229678,"Cappello","Seongbin"
"Sales",229690,"Sherertz","Mokhtar"
"Sales",419911,"Hofstetter","Seongbin"
"Sales",419941,"Potthoff","Stamatina"
"Sales",420013,"Syang","Pranav"
"Sales",420046,"Vesna","Sugwoo"
"Sales",420098,"Pelc","Toong"
"Sales",420124,"Dayang","Atilio"
"Sales",420146,"Wossner","Jongsuk"
"Sales",420167,"Perin","Chaosheng"
"Sales",16500,"Servieres","Elvis"
"Sales",16480,"Tramer","Patricio"
"Sales",16477,"Lamparter","Percy"
"Sales",453839,"Narahari","Along"
"Sales",420523,"Andreotta","Danco"
"Sales",230160,"Pagter","Bojan"
"Sales",420591,"Barreiro","Masoud"
"Sales",420593,"Toyoshima","Geoff"
"Sales",420622,"Katzenelson","Susanna"
"Sales",441386,"Albarhamtoshy","Marie"
"Sales",230543,"Crouzet","Debatosh"
"Sales",420754,"Krupka","Khalil"
"Sales",16437,"Nyrup","Val"
"Sales",421314,"Gist","Nitsan"
"Sales",421357,"Schach","Geoff"
"Sales",16194,"Yeung","Mikhail"
"Sales",421625,"Besancenot","Renny"
"Sales",230610,"Veevers","Stepehn"
"Sales",16170,"McDermid","Aral"
"Sales",277138,"Samarati","Maja"
"Sales",421722,"Koshino","Angus"
"Sales",16071,"Eiron","Bedir"
"Sales",230649,"Hennebert","Lidong"
"Sales",421980,"Halloran","Mingzeng"
"Sales",441349,"Merlo","Oscar"
"Sales",277140,"Oberman","Fei"
"Sales",422923,"Sullins","Chikako"
"Sales",15987,"Ferretti","Irena"
"Sales",423617,"Koshiba","Oscar"
"Sales",15953,"Steinauer","Make"
"Sales",15918,"Plesums","Kotesh"
"Sales",423674,"Motley","Ugo"
"Sales",441339,"Bolotov","Barna"
"Sales",15912,"Cichocki","Piyawadee"
"Sales",423769,"Ritcey","Sanjeeva"
"Sales",232141,"Lenart","Tesuya"
"Sales",423966,"Badache","Harjit"
"Sales",423999,"Farris","Mikhail"
"Sales",425112,"Facello","Xiaoqiu"
"Sales",425140,"Luon","Sachem"
"Sales",15674,"Journel","Sachio"
"Sales",426649,"Poujol","Hercules"
"Sales",277199,"Nergos","Shay"
"Sales",426747,"Rassart","Bojan"
"Sales",426749,"Perin","Tadanori"
"Sales",232204,"Zastre","Mamdouh"
"Sales",426954,"Wilfing","Radoslaw"
"Sales",232212,"Ibel","Gino"
"Sales",15646,"Azuma","Xuedong"
"Sales",277206,"Peak","Udo"
"Sales",426994,"Nyanchama","Zito"
"Sales",15622,"Birjandi","Shigenori"
"Sales",427019,"Remmers","Rosita"
"Sales",15546,"Zaiane","Francoise"
"Sales",427066,"Alencar","Chandrasekaran"
"Sales",427091,"Cherinka","Udi"
"Sales",232407,"Mawatari","Ung"
"Sales",427106,"Pettis","Nalini"
"Sales",453736,"Schmiedel","Siamak"
"Sales",427793,"Zongker","Zhigen"
"Sales",427812,"Marakhovsky","Yuguang"
"Sales",427885,"Slutz","Arch"
"Sales",428182,"Colorni","Shirish"
"Sales",428282,"Ranon","Yifei"
"Sales",428342,"Nooteboom","Nirmal"
"Sales",428352,"Erez","Nikolaus"
"Sales",428407,"Bahr","Rutger"
"Sales",428459,"Pietrzykowski","Khoa"
"Sales",232459,"Kusakari","Fai"
"Sales",428698,"Velardi","Susanta"
"Sales",428713,"Schoegge","Edwin"
"Sales",428727,"Kolvik","Owen"
"Sales",428762,"Berztiss","Chuanti"
"Sales",15388,"Spelt","Heekeun"
"Sales",232482,"Benzmuller","TRUE"
"Sales",15110,"Dolinsky","Martina"
"Sales",232497,"Rosin","Feixiong"
"Sales",429735,"Niizuma","Munir"
"Sales",429778,"Kavanagh","Moti"
"Sales",429789,"Thorelli","Oscar"
"Sales",15100,"Haumacher","Akeel"
"Sales",429814,"Tischendorf","Georg"
"Sales",15071,"Couchot","Ayonca"
"Sales",429836,"Kilgour","Arumugam"
"Sales",15062,"Monarch","Mads"
"Sales",429895,"Morton","Makato"
"Sales",430088,"Cummings","Peternela"
"Sales",14899,"Casley","Alejandro"
"Sales",14886,"Krupka","Takahira"
"Sales",430209,"Ghandeharizadeh","Hidekazu"
"Sales",430226,"Radhakrishnan","Luisa"
"Sales",430249,"Benveniste","Randy"
"Sales",14881,"Mateescu","Demos"
"Sales",430256,"Sankaranarayanan","Lucian"
"Sales",430261,"Keustermans","Shaw"
"Sales",430290,"Swan","Fai"
"Sales",430313,"Vuskovic","Carrsten"
"Sales",232948,"Uchoa","Monique"
"Sales",430347,"Cyne","Malu"
"Sales",232950,"Laurillard","Kirk"
"Sales",14684,"Przulj","Jayesh"
"Sales",430365,"Pramanik","Marko"
"Sales",430378,"Yemenis","Sumant"
"Sales",453665,"Matzke","Gal"
"Sales",430429,"Noriega","Goetz"
"Sales",232967,"Kalorkoti","Navid"
"Sales",453664,"Alencar","Mohan"
"Sales",430536,"Stiles","Yoshinari"
"Sales",14676,"Zedlitz","Bikash"
"Sales",430590,"Randi","Ugo"
"Sales",14628,"Vandervoorde","Pranjal"
"Sales",430635,"Koblick","Khaled"
"Sales",233016,"Stasinski","Shay"
"Sales",430657,"Kroha","Guadalupe"
"Sales",277235,"Ashish","Ayakannu"
"Sales",430754,"Langford","Zengping"
"Sales",430783,"Baek","Yannis"
"Sales",14604,"Hammerschmidt","Paloma"
"Sales",430905,"Beutelspacher","Xiaoheng"
"Sales",430906,"Cyre","Christ"
"Sales",430918,"Schlegelmilch","Ranga"
"Sales",233050,"Straney","Sandeepan"
"Sales",431143,"Conry","Xianlong"
"Sales",431152,"Ruther","Tsutomu"
"Sales",14595,"Demian","Margareta"
"Sales",431166,"Czaja","Yinlin"
"Sales",14591,"Akiyama","Martijn"
"Sales",431254,"Homond","Yakichi"
"Sales",14562,"Peroz","Shunichi"
"Sales",431267,"Coors","Goa"
"Sales",431301,"Hammerschmidt","Sangeeta"
"Sales",431311,"Birge","Gritta"
"Sales",431335,"Marakhovsky","Sham"
"Sales",431350,"Peha","Mototsugu"
"Sales",233251,"Boyle","Suebskul"
"Sales",233257,"Waeselynck","Mikhail"
"Sales",233260,"Picaronny","Marl"
"Sales",431507,"Curless","Haldun"
"Sales",14480,"Crabtree","Irena"
"Sales",14468,"Ertl","Unal"
"Sales",233266,"Matzel","Zhenhua"
"Sales",431568,"Coombs","Georgi"
"Sales",431582,"Kambil","Gaurav"
"Sales",233279,"Bernick","Danae"
"Sales",431606,"Nations","Heeju"
"Sales",431608,"Salinas","Serap"
"Sales",431632,"Brattka","Arch"
"Sales",431639,"Khasidashvili","Aris"
"Sales",14357,"Siegrist","Maria"
"Sales",14187,"Peot","Susuma"
"Sales",431684,"Setlzner","Nishit"
"Sales",14172,"Nitsch","Vasilis"
"Sales",431698,"Dahlbom","Amabile"
"Sales",233301,"Perz","Karlis"
"Sales",431726,"Slaats","Tayeb"
"Sales",431738,"Gilg","Sanjit"
"Sales",453645,"Chvatal","Taegyun"
"Sales",431757,"Szemeredi","Odysseas"
"Sales",431777,"Driscoll","Zeljko"
"Sales",432086,"Pollock","Ymte"
"Sales",233388,"Wendorf","Aluzio"
"Sales",432140,"Chiola","Danai"
"Sales",432311,"Peres","Filipe"
"Sales",432320,"Bridgland","Luise"
"Sales",432342,"Kisuki","Reinhard"
"Sales",432349,"Ernst","Guenter"
"Sales",234253,"Staylopatis","Subhash"
"Sales",432372,"Suermann","Yaghout"
"Sales",432376,"Senzako","Xiaoqiang"
"Sales",432401,"Gien","Inderjeet"
"Sales",234261,"Unno","Cullen"
"Sales",432457,"Gadepally","Charmane"
"Sales",432466,"Kinley","Irena"
"Sales",13770,"Koyama","Eirik"
"Sales",432684,"Fairtlough","Otilia"
"Sales",432741,"Dratva","Lene"
"Sales",432749,"Heemskerk","Miomir"
"Sales",13758,"Sidou","Subhrajyoti"
"Sales",433155,"Reeker","Dhritiman"
"Sales",433164,"Ernst","Masato"
"Sales",433167,"Manderick","Peer"
"Sales",234284,"Ullian","JoAnna"
"Sales",13691,"Schnelling","Sandeepan"
"Sales",433280,"Zambonelli","Abdelghani"
"Sales",234297,"Badr","Makato"
"Sales",433316,"Hagimont","Florina"
"Sales",433338,"Aamodt","Gian"
"Sales",13680,"Speer","Denny"
"Sales",234311,"Haddadi","Fusako"
"Sales",433379,"Botman","Paloma"
"Sales",433419,"Schwaller","Sorina"
"Sales",433446,"Engberts","Masamitsu"
"Sales",433469,"Ambroszkiewicz","Barna"
"Sales",433587,"Pell","Gill"
"Sales",13605,"Encarnacion","Dmitry"
"Sales",433597,"Azulay","Filipp"
"Sales",433634,"Masada","Oscar"
"Sales",433638,"Luby","Guiseppe"
"Sales",433652,"Schlegelmilch","Jeanne"
"Sales",277306,"Covnot","Yunming"
"Sales",433666,"Stanfel","Torsten"
"Sales",433690,"Fordan","Djelloul"
"Sales",433694,"Openshaw","Khun"
"Sales",290290,"Trumbly","Amalendu"
"Sales",433750,"Valette","Barry"
"Sales",433791,"Krogh","Mariangiola"
"Sales",13529,"Matzen","Toshimori"
"Sales",433807,"Ozeri","Yuguang"
"Sales",433814,"Dengi","Fatemeh"
"Sales",13179,"Janocha","Moty"
"Sales",433831,"Hofmeyr","Bokyung"
"Sales",433851,"Peot","Rimli"
"Sales",433863,"Hedayat","Breannda"
"Sales",13173,"Horswill","Arve"
"Sales",13115,"Comellas","Jianhua"
"Sales",13093,"Unno","Sajjan"
"Sales",13083,"Wilfing","Marek"
"Sales",434187,"Lamparter","Gregory"
"Sales",13081,"Bahi","Mandell"
"Sales",434194,"Syang","Nadjib"
"Sales",434197,"Preusig","Satosi"
"Sales",434235,"Gerlach","Sanjeeva"
"Sales",453635,"Soloway","Xiaoheng"
"Sales",434262,"Peir","Kerryn"
"Sales",434304,"Rathonyi","Younwoo"
"Sales",434486,"Cherinka","Boguslaw"
"Sales",234651,"Dratva","Xuedong"
"Sales",434510,"Teitelbaum","Navin"
"Sales",234675,"Lund","Toshiko"
"Sales",12790,"Perl","Gunilla"
"Sales",434522,"Birsak","Takushi"
"Sales",434588,"Azadmanesh","Arno"
"Sales",12781,"Belinskaya","Bogdan"
"Sales",434623,"Puoti","Youpyo"
"Sales",434821,"Kalsbeek","Nathalie"
"Sales",434846,"Collette","Basem"
"Sales",434868,"Tzvieli","Junsik"
"Sales",434872,"Reinhart","Tokuyasu"
"Sales",434905,"Schwabacher","Arvind"
"Sales",12720,"Blokdijk","Spyrose"
"Sales",434970,"Kadhim","Sanjoy"
"Sales",12707,"Zastre","Gregory"
"Sales",236151,"Cannard","Oguz"
"Sales",435097,"Cappelli","Deborah"
"Sales",435104,"Bisiani","Aris"
"Sales",236159,"Setlzner","Rance"
"Sales",435166,"Awdeh","Shahid"
"Sales",435190,"Thambidurai","Aria"
"Sales",236177,"Ruther","Masali"
"Sales",435232,"Willoner","Gao"
"Sales",435254,"Schmiedel","Mohamadou"
"Sales",435263,"Bahr","Fumitake"
"Sales",435288,"Millington","Kristen"
"Sales",12464,"Milicic","Shai"
"Sales",435304,"Matzen","Thanasis"
"Sales",435376,"Hambrick","Shaunak"
"Sales",277359,"Serna","Kazuhide"
"Sales",435406,"Schaad","Atreyi"
"Sales",236201,"Kitai","Izaskun"
"Sales",435430,"Heinisuo","Sibyl"
"Sales",277367,"Sundgren","Sergi"
"Sales",236404,"Comte","Aloys"
"Sales",435461,"Stavenow","Vishu"
"Sales",435470,"Kavvadias","Jianhui"
"Sales",435477,"Sabnani","Wuxu"
"Sales",435495,"Usdin","Theirry"
"Sales",12399,"Luga","Mihalis"
"Sales",12390,"Kilgour","Kwangsub"
"Sales",435538,"Barreiro","Tzu"
"Sales",11838,"Nitta","Taiji"
"Sales",441255,"Feldhoffer","Aleksandar"
"Sales",435629,"Foote","Keiichiro"
"Sales",435829,"Fiutem","Arun"
"Sales",435897,"McClure","Saddek"
"Sales",236465,"Desikan","Yoshimitsu"
"Sales",435958,"Bratsberg","Neven"
"Sales",435987,"Quaggetto","Miomir"
"Sales",277387,"Karlin","Werner"
"Sales",436406,"Penttonen","Hironoby"
"Sales",436407,"Fioravanti","Yannik"
"Sales",11746,"Marrakchi","Koichi"
"Sales",436896,"Weedon","Sudharsan"
"Sales",236485,"Imataki","Bedir"
"Sales",436923,"Lodder","Idoia"
"Sales",436951,"Braccini","Sadok"
"Sales",437398,"Cyne","Insup"
"Sales",437407,"Luef","Sahrah"
"Sales",437453,"Sabnani","Gladys"
"Sales",236524,"Wissmann","Almudena"
"Sales",11688,"Coullard","Denis"
"Sales",437493,"Piancastelli","Idoia"
"Sales",437670,"Raoux","Zijian"
"Sales",437672,"Weisert","Maris"
"Sales",236536,"Bernini","Mats"
"Sales",437779,"Adachi","Tooru"
"Sales",238251,"Rubsam","Moto"
"Sales",238272,"Swick","Nigel"
"Sales",238276,"Glowinski","Marla"
"Sales",11429,"Kaminger","Nagui"
"Sales",438060,"Eterovic","JoAnne"
"Sales",438072,"Encarnacion","Eran"
"Sales",238300,"Peternell","Xiaoshan"
"Sales",438769,"Zlotek","Muneo"
"Sales",438160,"Pagter","Rayond"
"Sales",238339,"Plotkin","Takushi"
"Sales",238344,"Stiles","Radhika"
"Sales",238354,"Shackell","Shai"
"Sales",438420,"Ginesta","Haldon"
"Sales",238378,"Kusalik","Xumin"
"Sales",438479,"Weiland","Jenwei"
"Sales",11344,"Gulak","Paddy"
"Sales",438480,"Taubenfeld","Hyuncheol"
"Sales",238402,"Tischendorf","Frederique"
"Sales",438994,"Luke","Cullen"
"Sales",439001,"Garnick","Badri"
"Sales",277450,"Begiun","Mack"
"Sales",439032,"Siepmann","Jahangir"
"Sales",11241,"Clemencon","Yolla"
"Sales",439064,"Rodham","Khalil"
"Sales",439080,"Silva","Guther"
"Sales",439089,"Speel","Brendon"
"Sales",11222,"Neimat","Yishai"
"Sales",439093,"Qiwen","Sushant"
"Sales",238469,"Barvinok","Duke"
"Sales",439193,"Polajnar","Duke"
"Sales",11002,"Ulupinar","Bluma"
"Sales",238475,"Jarecki","Fox"
"Sales",439332,"Munck","Mang"
"Sales",238493,"Silva","Shuho"
"Sales",439554,"Leonhardt","Valeska"
"Sales",439574,"Eldridge","Xumin"
"Sales",439606,"Hertweck","Selwyn"
"Sales",439630,"Busillo","Ymte"
"Sales",238495,"Poehlman","Chikara"
"Sales",238502,"Orlowska","Chirstian"
"Sales",238506,"Leslie","Toshimi"
"Sales",439874,"Georg","Berna"
"Sales",277473,"Azevdeo","Petter"
"Sales",439955,"Kumaresan","Zhiguo"
"Sales",277492,"Luga","Debatosh"
"Sales",440893,"Roisin","Kwan"
"Sales",10960,"Braunschweig","Billur"
"Sales",440916,"Cummings","Gaetan"
"Sales",442867,"Vrecion","King"
"Sales",442885,"Shackel","Unal"
"Sales",442978,"Antonakopoulos","Sreenivas"
"Sales",443037,"Veldwijk","Abdelkader"
"Sales",10895,"Petersohn","Vishwani"
"Sales",443078,"Hennebert","Ortrud"
"Sales",443097,"Strandh","Sudhanshu"
"Sales",238669,"Rosenbaum","Masako"
"Sales",10865,"Etalle","Danco"
"Sales",290485,"Limongiello","Feiyu"
"Sales",443223,"Aamodt","Karlis"
"Sales",10855,"Reinhart","Kwangho"
"Sales",443311,"Eickenmeyer","Cordelia"
"Sales",10319,"Miyakawa","Mechthild"
"Sales",441249,"Mansanne","Aloke"
"Sales",444208,"Cesareni","Irena"
"Sales",453559,"Crabtree","Ramalingam"
"Sales",10308,"Holburn","Dzung"
"Sales",10296,"Lorho","Petter"
"Sales",444284,"Kusakabe","Along"
"Sales",10277,"Schwartzbauer","Isaac"
"Sales",444406,"Lyonns","Jasminko"
"Sales",10236,"Bade","Susumu"
"Sales",444436,"Uchoa","Subhrajyoti"
"Sales",444440,"Maquelin","Chinya"
"Sales",444471,"Wendorf","Bernt"
"Sales",444494,"Merle","Hugo"
"Sales",444508,"Bahl","Kaijung"
"Sales",498889,"Parveen","Arch"
"Sales",444574,"Hanabata","Baziley"
"Sales",444583,"Pillow","Moss"
"Sales",239093,"Skafidas","Lihong"
"Sales",444647,"Schmiedel","Yurij"
"Sales",444660,"Denny","Xuedong"
"Sales",277557,"Cairo","Subhash"
"Sales",444812,"Henders","Chaosheng"
"Sales",444825,"Thisen","Kristinn"
"Sales",444830,"Koprowski","Rasikan"
"Sales",239106,"Huxford","Xudong"
"Sales",498821,"Matzat","Gully"
"Sales",445064,"Tramer","Jinya"
"Sales",239108,"Thombley","Shigehito"
"Sales",498757,"Demian","Khedija"
"Sales",498533,"Makrucki","Kazuhiro"
"Sales",453521,"Ritzmann","Pradeep"
"Sales",445745,"Mattern","Jinya"
"Sales",445748,"Francisci","Taisook"
"Sales",445773,"Acton","Bodh"
"Sales",290488,"Baek","Parto"
"Sales",445827,"Nilsson","Kamakshi"
"Sales",445828,"Pelc","Katsuo"
"Sales",445869,"Vasanthakumar","Keung"
"Sales",445913,"Lampe","Sven"
"Sales",445954,"Scharstein","Yunming"
"Sales",498493,"Flexer","Arra"
"Sales",445975,"Champarnaud","Yongmao"
"Sales",445981,"Escriba","Elvia"
"Sales",498454,"Kawashima","Sushant"
"Sales",446011,"Matteis","Annemarie"
"Sales",446035,"Piazza","Mona"
"Sales",239244,"Kitai","Abdulla"
"Sales",446108,"Reinhart","Georg"
"Sales",453493,"Birrer","Khue"
"Sales",453487,"Welham","Xiaobin"
"Sales",277612,"Flowers","Lokesh"
"Sales",239763,"Speckmann","Greger"
"Sales",446218,"Swiss","Jeong"
"Sales",239786,"Lamparter","Mang"
"Sales",446300,"Lung","Guozhong"
"Sales",446332,"Bresenham","Guoxiang"
"Sales",446390,"Brickell","Teruyuki"
"Sales",446408,"Muntz","Parke"
"Sales",446419,"Collette","Arto"
"Sales",446428,"Rajala","Shrikanth"
"Sales",446452,"Speel","Shahid"
"Sales",446477,"Kaminger","Sastry"
"Sales",446539,"Bharadwaj","Laurentiu"
"Sales",453469,"Scallan","Herbert"
"Sales",498086,"Lipner","Ult"
"Sales",446591,"Copas","Shao"
"Sales",446611,"Garigliano","Moto"
"Sales",497907,"Steenbeek","Junichi"
"Sales",446713,"Breugel","Guiseppe"
"Sales",446714,"Vigier","IEEE"
"Sales",446723,"Gimarc","Bowen"
"Sales",446730,"Cappelletti","Randy"
"Sales",453404,"Makinen","Ung"
"Sales",446763,"Schaap","Stepehn"
"Sales",453368,"Snyers","Kersti"
"Sales",446781,"Klerer","Ashish"
"Sales",446792,"Laventhal","Nahum"
"Sales",497870,"Waymire","Avishai"
"Sales",446813,"Simkin","Masali"
"Sales",447043,"Lubachevsky","Barry"
"Sales",447113,"Thorensen","Youpyo"
"Sales",240118,"Farrel","Sajjad"
"Sales",240128,"Kawashimo","Paloma"
"Sales",447203,"Lienhardt","Gila"
"Sales",447244,"Genin","Bingning"
"Sales",447262,"Egerstedt","Elvis"
"Sales",497757,"Waeselynck","Hein"
"Sales",447303,"Gente","Gift"
"Sales",291687,"Rosca","Soenke"
"Sales",497696,"Danlos","Along"
"Sales",447448,"Reinhart","Ioana"
"Sales",497676,"Rettelbach","Rance"
"Sales",447496,"Warwick","Valeri"
"Sales",447504,"Lieblein","Mandell"
"Sales",447736,"Peres","Subhankar"
"Sales",447761,"Swen","Mayumi"
"Sales",447821,"Monkewich","Arne"
"Sales",453244,"Pusterhofer","Pranay"
"Sales",447865,"Siegrist","Maya"
"Sales",448056,"Kopetz","Manton"
"Sales",448071,"Desikan","Claudi"
"Sales",240210,"Mundy","Uma"
"Sales",441205,"Werthner","Yuuichi"
"Sales",448098,"Chartres","Kasidit"
"Sales",448179,"Gustavson","Muzhong"
"Sales",240254,"Oxman","Ishfaq"
"Sales",448553,"Fairtlough","Tze"
"Sales",240928,"Unni","Shahaf"
"Sales",448590,"Mundy","Lillian"
"Sales",448605,"Haumacher","Bowen"
"Sales",448610,"Laventhal","Parke"
"Sales",448612,"McAffer","Kwun"
"Sales",453218,"Brlek","Harjit"
"Sales",241002,"Yoshizawa","Christfried"
"Sales",497594,"Coney","Goh"
"Sales",241004,"Bach","Leaf"
"Sales",449023,"Kuhnemann","Jinpo"
"Sales",497395,"Kruskal","Parto"
"Sales",449333,"Iisaka","Hisao"
"Sales",497394,"McFarlan","Kshitij"
"Sales",449370,"Botman","Fayez"
"Sales",497378,"Thisen","Xinyu"
"Sales",449429,"Makrucki","Marc"
"Sales",449437,"Auyong","Stabislas"
"Sales",497364,"Schiettecatte","Nahum"
"Sales",277702,"Lindenbaum","Bodh"
"Sales",449657,"Serre","Cathie"
"Sales",241087,"Bael","Arun"
"Sales",449698,"Conia","Mountaz"
"Sales",497350,"Foong","Satosi"
"Sales",241273,"Boreale","Heather"
"Sales",449734,"Brendel","Sachio"
"Sales",449752,"Strandh","Srinidhi"
"Sales",241291,"Roisin","Honesty"
"Sales",453183,"Ventosa","Maha"
"Sales",449799,"Kalorkoti","Lijia"
"Sales",449809,"Copas","Xiping"
"Sales",241324,"Tzvieli","Kyoichi"
"Sales",449837,"Szmurlo","Avishai"
"Sales",449866,"Serna","Soenke"
"Sales",497327,"Menhardt","Martien"
"Sales",449877,"Rosis","Zhiguo"
"Sales",449882,"Syang","Soenke"
"Sales",453182,"Itzigehl","Mohammad"
"Sales",497315,"Hemaspaandra","Mariangiola"
"Sales",453165,"Demizu","Cristinel"
"Sales",450134,"Schapiro","Zito"
"Sales",450141,"Botman","Zsolt"
"Sales",450175,"Babu","Anoosh"
"Sales",450192,"Ghalwash","Sachem"
"Sales",450201,"Grospietsch","Krister"
"Sales",450231,"Anido","Minghong"
"Sales",495340,"Fontet","Badri"
"Sales",495336,"Nergos","Tetsushi"
"Sales",495330,"Rossi","Gurbir"
"Sales",495299,"Eldridge","Mayuri"
"Sales",450370,"Usery","Elrique"
"Sales",450408,"Journel","Filipp"
"Sales",450423,"Madeira","Tsutomu"
"Sales",450517,"Matzat","Mayuko"
"Sales",241400,"Bhattacharjee","Khaled"
"Sales",450735,"Naumovich","Chaitali"
"Sales",450784,"Fasbender","Zhenbing"
"Sales",495252,"Hiyoshi","Pranay"
"Sales",450801,"Lambe","Kaijung"
"Sales",450872,"Lyonns","Denny"
"Sales",450955,"Chelton","Fumiyo"
"Sales",451004,"Pulkowski","Aron"
"Sales",451048,"Kitsuregawa","Duke"
"Sales",451057,"Mamelak","Barna"
"Sales",290537,"Erbe","Mabo"
"Sales",451104,"Gecsel","Xuejia"
"Sales",241534,"Manderick","Remzi"
"Sales",241540,"Denti","Hercules"
"Sales",451159,"Bierbaum","Shuzo"
"Sales",451203,"Eickenmeyer","Sigeru"
"Sales",451335,"Xiaoshan","Mrinalini"
"Sales",451337,"Baar","Anoosh"
"Sales",451338,"Fiebach","Krister"
"Sales",451348,"Vanwelkenhuysen","Mayuko"
"Sales",451422,"Mundy","Ranga"
"Sales",241844,"Monarch","Lubomir"
"Sales",451455,"Wallrath","Supot"
"Sales",451523,"Scallan","Jacopo"
"Sales",451548,"Sridhar","Mari"
"Sales",277733,"Nooteboom","Venkatesan"
"Sales",494683,"Waschkowski","Leucio"
"Sales",241894,"Reeken","Luisa"
"Sales",451732,"Cronau","Jackson"
"Sales",451751,"Hasham","Kwan"
"Sales",451764,"Bernardeschi","Shai"
"Sales",451893,"Bottner","Sven"
"Sales",451895,"Andreotta","Feiyu"
"Sales",451900,"Weisert","Fusako"
"Sales",451902,"Macedo","Sakthirel"
"Sales",451907,"Taubenfeld","Jayesh"
"Sales",452021,"Kobuchi","Karoline"
"Sales",494605,"Kohling","Basim"
"Sales",455121,"Hofstetter","Sanjai"
"Sales",494578,"Schaaf","Aamer"
"Sales",455169,"Sadowski","Divier"
"Sales",455170,"Schusler","Sumali"
"Sales",455173,"Poehlman","Takahira"
"Sales",455769,"Braunmuhl","KayLiang"
"Sales",455807,"Rosen","Miomir"
"Sales",455813,"Codenie","Aral"
"Sales",455820,"Crooks","Theron"
"Sales",455908,"Slobodova","Wuxu"
"Sales",242227,"Dahlbom","Jouni"
"Sales",242229,"Szmurlo","Barton"
"Sales",456471,"Bael","Angus"
"Sales",491283,"Panangaden","Jenwei"
"Sales",491268,"Picht","Genta"
"Sales",491254,"Anguita","Junsik"
"Sales",456519,"Muhling","Yongmin"
"Sales",456544,"Lovengreen","Shin"
"Sales",277745,"Suppi","Fay"
"Sales",456564,"McClurg","Vishwani"
"Sales",456942,"Barinka","Serenella"
"Sales",456966,"Rissanen","Kiam"
"Sales",456971,"Baig","Jeanne"
"Sales",456981,"Vrecion","Ennio"
"Sales",242988,"Setiz","Changho"
"Sales",457065,"Henseler","Behnaam"
"Sales",491183,"Ligten","Shigehito"
"Sales",457380,"Fujisawa","Mostafa"
"Sales",243017,"Llado","Shim"
"Sales",491158,"Perna","Dzung"
"Sales",243041,"Cannata","Adhemar"
"Sales",458946,"Hatcliff","Shuky"
"Sales",458955,"DasSarma","Zvonko"
"Sales",453020,"Androutsos","Marsja"
"Sales",243045,"Ozery","Sugwoo"
"Sales",243050,"Wilharm","Anneli"
"Sales",491139,"Barbanera","Monique"
"Sales",459115,"Saoudi","Katsuo"
"Sales",459147,"Akiyama","Jongsuk"
"Sales",459161,"Provine","Prodip"
"Sales",459201,"Riexinger","Basant"
"Sales",459961,"Auria","Amstein"
"Sales",460018,"Lichtner","Prodip"
"Sales",460027,"Kamber","Ohad"
"Sales",460042,"Bisiani","Guiseppe"
"Sales",460049,"Coullard","Shiv"
"Sales",460076,"Swift","Chinhyun"
"Sales",460095,"Randt","Jiafu"
"Sales",243163,"Kawashima","Owen"
"Sales",460168,"Rissland","Stevo"
"Sales",243172,"Chiodo","Salvador"
"Sales",460213,"Lindenbaum","Almudena"
"Sales",460223,"Preusig","Constantino"
"Sales",460248,"Peternell","Kien"
"Sales",460269,"Shokrollahi","Genevieve"
"Sales",452936,"Kropatsch","Matt"
"Sales",243184,"Zongker","Hilari"
"Sales",490829,"Kading","Hidde"
"Sales",460360,"Gubsky","Kazuhira"
"Sales",452922,"Kusakari","Chanjung"
"Sales",490828,"Lowrie","Venkatesan"
"Sales",460405,"Stroustrup","Dharmaraja"
"Sales",243215,"Bain","Yakichi"
"Sales",243236,"Kisuki","Giordano"
"Sales",460797,"Vecchio","Randi"
"Sales",460840,"Birke","Oscar"
"Sales",460848,"Swiss","Xiadong"
"Sales",490805,"Boyle","Along"
"Sales",490775,"Perna","Oscal"
"Sales",461270,"Mawatari","Mrinalini"
"Sales",243279,"Kaelbling","Clyde"
"Sales",461363,"Rajcani","Achilleas"
"Sales",461376,"Eppinger","Shaowen"
"Sales",461384,"Yetim","Francesca"
"Sales",461415,"Welham","Mark"
"Sales",461426,"Ramsay","Zito"
"Sales",452902,"Delgrande","Jayesh"
"Sales",243318,"Perfilyeva","Sachem"
"Sales",462056,"Renear","Masoud"
"Sales",489868,"Bakhtari","Jouko"
"Sales",462063,"Pelc","Lech"
"Sales",243330,"Theuretzbacher","Ohad"
"Sales",462097,"Keohane","Mircea"
"Sales",489849,"Perly","Gennadi"
"Sales",462285,"Asrin","Mitchel"
"Sales",462427,"Akaboshi","Sailaja"
"Sales",441153,"Streit","Sadun"
"Sales",462521,"Ibel","Eben"
"Sales",489794,"Xiaoshan","Boriana"
"Sales",462581,"Szmurlo","Anneke"
"Sales",462594,"Zhang","Waiman"
"Sales",462596,"Schiettecatte","Ranan"
"Sales",462636,"Zucker","Martine"
"Sales",462641,"Linnainmaa","Lijia"
"Sales",489735,"Anandan","Krister"
"Sales",462721,"Taubenfeld","Leif"
"Sales",452862,"Begiun","Fumitake"
"Sales",462770,"Spell","Aamer"
"Sales",462776,"Dechter","Mostafa"
"Sales",462802,"Sundgren","Shawna"
"Sales",462803,"Unni","Seshu"
"Sales",243478,"DasSarma","Ekawit"
"Sales",462847,"Erdi","Teruyuki"
"Sales",462850,"Christianini","Yefim"
"Sales",462868,"Denis","Troy"
"Sales",243499,"Schnabel","Mototsugu"
"Sales",462911,"Kusakabe","Shay"
"Sales",462945,"Karnin","Anoosh"
"Sales",277908,"Kohling","Larisa"
"Sales",462993,"Brobst","Krister"
"Sales",462994,"Haldar","Horward"
"Sales",452861,"Haraldson","Oscal"
"Sales",243511,"Yetim","Parke"
"Sales",463057,"Swan","Kwangyoen"
"Sales",463093,"Frolund","Evgueni"
"Sales",243530,"Cochrane","Masadi"
"Sales",290595,"Rosenbaum","Baziley"
"Sales",463247,"Rassart","Reuven"
"Sales",463488,"Azuma","Marie"
"Sales",243595,"Strooper","Yonghong"
"Sales",463583,"Savasere","Vesna"
"Sales",465302,"Huxford","Unal"
"Sales",465315,"Fujisawa","Pranjal"
"Sales",465321,"Slobodova","Fumitaka"
"Sales",465330,"Einsfeld","Shugo"
"Sales",465382,"Heijenga","Conrado"
"Sales",243629,"Narahara","Adhemar"
"Sales",243630,"Ligten","Irene"
"Sales",465417,"Baaleh","Kenton"
"Sales",489470,"Hambrick","Duro"
"Sales",277965,"Murillo","Luigi"
"Sales",452842,"Liesche","Yurij"
"Sales",471048,"Chimia","Anyuan"
"Sales",243656,"Haumacher","Leon"
"Sales",471113,"Lichtner","Bernd"
"Sales",243685,"Mamelak","Greger"
"Sales",489447,"Weedman","Augustine"
"Sales",471315,"Rande","Gritta"
"Sales",471333,"Katiyar","Khedija"
"Sales",243689,"Neiman","Koichi"
"Sales",471378,"Oehlmann","Sajjad"
"Sales",489433,"Terlouw","Valeska"
"Sales",277982,"Kroha","Mart"
"Sales",471459,"Pouyioutas","Shounak"
"Sales",243697,"Range","Phule"
"Sales",243703,"Uhrik","Toshimitsu"
"Sales",471695,"Parhami","Khedija"
"Sales",243718,"Validov","Mingzeng"
"Sales",471752,"Rothe","Dulce"
"Sales",243720,"Shiratori","Thodoros"
"Sales",489397,"Jonsson","Naftaly"
"Sales",243735,"Ullian","Phuoc"
"Sales",489395,"Plavsic","Arto"
"Sales",472515,"Aloia","Danai"
"Sales",489181,"Ruemmler","Ibibia"
"Sales",452750,"Debuse","Hailing"
"Sales",243785,"Veldwijk","Takahiro"
"Sales",277997,"Poulakidas","Ibibia"
"Sales",472692,"Danecki","IEEE"
"Sales",472742,"Waeselynck","Jinya"
"Sales",452748,"Cronau","Ewing"
"Sales",472785,"Atchley","Lene"
"Sales",243821,"Guting","Masoud"
"Sales",472855,"Syrotiuk","Jaewon"
"Sales",472887,"Kaltofen","Gino"
"Sales",472894,"Kalafatis","Adel"
"Sales",243832,"Yurov","Junsik"
"Sales",489128,"Gluchowski","Nishit"
"Sales",489123,"Ciolek","Sanjoy"
"Sales",472994,"Champarnaud","Danco"
"Sales",473005,"Litvinov","Perla"
"Sales",473080,"Mukaidono","Sorina"
"Sales",243918,"Preusig","Phillip"
"Sales",452726,"Colorni","Yannis"
"Sales",473195,"Pramanik","Trygve"
"Sales",473281,"Lowrie","Arch"
"Sales",243955,"Marchegay","Marjo"
"Sales",243965,"Azadmanesh","Jaber"
"Sales",473510,"Klerer","Lunjin"
"Sales",473562,"Dehkordi","Zhenbing"
"Sales",473581,"Eiron","Kazuhisa"
"Sales",473587,"Uhrik","Premal"
"Sales",473641,"Muhling","Fen"
"Sales",488839,"Luders","Niclas"
"Sales",473858,"Gecseg","Yuqun"
"Sales",473903,"Sichman","Stella"
"Sales",473941,"Highland","Constantino"
"Sales",243988,"Vesna","JiYoung"
"Sales",438707,"Albarhamtoshy","Valeri"
"Sales",474002,"Limongiello","Franziska"
"Sales",474021,"Janetzko","Berto"
"Sales",244005,"Grabner","Vesna"
"Sales",474068,"Butterworth","Persi"
"Sales",244020,"Waymire","Adam"
"Sales",474113,"Mukaidono","Ohad"
"Sales",474128,"Sidou","Narain"
"Sales",488736,"Ressouche","JiYoung"
"Sales",488731,"Chepyzhov","Kinh"
"Sales",474236,"Felder","Jiann"
"Sales",488723,"Czaja","Mara"
"Sales",474284,"Sessa","Chiradeep"
"Sales",474298,"Perna","Basant"
"Sales",474300,"Zumaque","Volkmar"
"Sales",474306,"Kinley","Abdelghani"
"Sales",474500,"Herath","Goetz"
"Sales",474554,"Felcyn","Foong"
"Sales",474567,"Varley","Elvia"
"Sales",474584,"Mandell","Adly"
"Sales",474632,"Fairtlough","Terresa"
"Sales",474825,"Argence","Sigeru"
"Sales",244105,"Rattan","Moon"
"Sales",488279,"Rohrbach","Danny"
"Sales",244111,"Jullig","Ronghao"
"Sales",452644,"Budinsky","Moie"
"Sales",475157,"Straney","Shunichi"
"Sales",475171,"Stroustrup","Saeko"
"Sales",488001,"Sgarro","Valter"
"Sales",475209,"Garnick","Masato"
"Sales",475219,"Koprowski","Howell"
"Sales",487987,"Alameldin","Poorav"
"Sales",244153,"Waleschkowski","Danil"
"Sales",475310,"Usdin","Serenella"
"Sales",487969,"Whittlesey","Constantino"
"Sales",487958,"Staudhammer","Basem"
"Sales",487926,"Ritzmann","Filipp"
"Sales",475584,"Luef","Zhongwei"
"Sales",475630,"Skogmar","Martijn"
"Sales",475994,"Biros","Anneke"
"Sales",476001,"Stroustrup","Lubomir"
"Sales",476032,"Selenyi","Kamakshi"
"Sales",244188,"Lanteri","Yuping"
"Sales",476113,"Heydon","Basil"
"Sales",476135,"Ramsay","Ult"
"Sales",441061,"Klyachko","Ramalingam"
"Sales",476395,"Klerer","Eishiro"
"Sales",476430,"Scharstein","Prodip"
"Sales",487323,"Erbe","Zdislav"
"Sales",476665,"Demeyer","Rasiah"
"Sales",476680,"Dusink","Martins"
"Sales",476704,"Lindenbaum","Laurentiu"
"Sales",476719,"Fordan","Froduald"
"Sales",476724,"Kamble","Kagan"
"Sales",244322,"Dalphin","Rimon"
"Sales",278154,"Zucker","Masaru"
"Sales",487263,"Leaver","Zhonghua"
"Sales",477047,"Peris","Nevin"
"Sales",477129,"Setiz","JoAnne"
"Sales",487246,"Zockler","Minghong"
"Sales",477396,"Ananiadou","Willard"
"Sales",477397,"Cannard","Barna"
"Sales",477447,"Binkley","Falguni"
"Sales",487033,"Rabejac","Shan"
"Sales",477679,"Bach","Chenye"
"Sales",477719,"Gulla","Shunichi"
"Sales",477720,"Gruenwald","Mantis"
"Sales",278193,"Koprowski","Ziya"
"Sales",477779,"Glinert","Rafail"
"Sales",477792,"Nishimukai","Ulises"
"Sales",477804,"Butterworth","Bodo"
"Sales",477820,"Pettit","Bangqing"
"Sales",477821,"Francisci","Mohammed"
"Sales",478192,"Bergere","Badri"
"Sales",244426,"Zedlitz","Navin"
"Sales",478236,"Jeansoulin","Barna"
"Sales",478251,"Bisiani","Pranav"
"Sales",478266,"Hennings","Krister"
"Sales",278215,"Zaccaria","Ottavia"
"Sales",478546,"Rosen","Elzbieta"
"Sales",478550,"Setia","Prasadram"
"Sales",478598,"Dengi","Elvis"
"Sales",478635,"Demeyer","Debatosh"
"Sales",478651,"Lally","Weicheng"
"Sales",478853,"Redmiles","Nathan"
"Sales",478861,"Khasidashvili","Basem"
"Sales",478867,"Tsukuda","Mona"
"Sales",278232,"Sanella","Krassimir"
"Sales",244447,"Einsfeld","Elvis"
"Sales",479214,"Rosen","Xiaopeng"
"Sales",479252,"Zeilberger","Shao"
"Sales",486315,"Chorvat","Sadok"
"Sales",486310,"Dratva","Phillip"
"Sales",479311,"Birch","Eben"
"Sales",479313,"Hooghiemstra","Pranjal"
"Sales",486295,"Serov","Sudharsan"
"Sales",486289,"McConalogue","Sachio"
"Sales",479524,"Suessmith","Gianluca"
"Sales",479547,"Reghbati","Marla"
"Sales",452546,"Naumovich","Toshimi"
"Sales",479607,"Greibach","Ziyad"
"Sales",479619,"Ligten","Anoosh"
"Sales",244553,"Parveen","Shunichi"
"Sales",479885,"Schade","Sariel"
"Sales",479907,"Beerel","Rimon"
"Sales",479913,"Mellouli","Takushi"
"Sales",244568,"Hoogerwoord","Takahito"
"Sales",479964,"Leaver","Sadok"
"Sales",479981,"Falby","Xiadong"
"Sales",244584,"Jayawardene","Fuqing"
"Sales",278259,"Prampolini","Kwok"
"Sales",486214,"Weisert","Zito"
"Sales",480342,"Prampolini","Xuejun"
"Sales",480392,"Montemayor","Georgy"
"Sales",480439,"Frijda","Kenton"
"Sales",486173,"Ossenbruggen","Alair"
"Sales",480686,"Keohane","Mingsen"
"Sales",486150,"Lores","Jiong"
"Sales",480768,"Kossowski","Sham"
"Sales",486111,"Baig","Rosalyn"
"Sales",480825,"Rosaz","Georgy"
"Sales",452529,"Foong","Shigehito"
"Sales",481091,"Pramanik","Sreekrishna"
"Sales",481357,"Plumb","Oguz"
"Sales",485990,"Reeken","Ymte"
"Sales",481387,"Conde","Badri"
"Sales",481415,"Kaltofen","Mokhtar"
"Sales",244718,"Stifter","Jasminko"
"Sales",485954,"Huttel","Ger"
"Sales",485944,"Ferretti","Ayonca"
"Sales",481454,"Gulak","Alselm"
"Sales",481457,"Terwilliger","Alois"
"Sales",481463,"Chorvat","Dipankar"
"Sales",481473,"Landherr","Lunjin"
"Sales",481499,"Birke","Marit"
"Sales",481505,"Munoz","Odysseas"
"Sales",481693,"Gulla","Stevo"
"Sales",481696,"Schieder","Zejun"
"Sales",485915,"Provine","Odysseas"
"Sales",481750,"Lieberherr","Zvonko"
"Sales",481827,"Schaft","Lokesh"
"Sales",485883,"Sewelson","Jinpo"
"Sales",482586,"Lortz","Isamu"
"Sales",482590,"Lortz","Fumitaka"
"Sales",485865,"Schmittgen","Shawna"
"Sales",244768,"Wroclawski","Falguni"
"Sales",482627,"Camurati","Brendon"
"Sales",482655,"Peha","Adamantios"
"Sales",485323,"Sabnani","Palash"
"Sales",482679,"Decleir","Krister"
"Sales",483211,"Leslie","Lobel"
"Sales",483229,"Rosch","Sangeeta"
"Sales",483303,"Bael","Vishv"
"Sales",485288,"Papastamatiou","Constantijn"
"Sales",278316,"Farris","Arie"
"Sales",441039,"Pena","Chenyi"
"Sales",484105,"Portugali","Hercules"
"Sales",244847,"Maierhofer","Tetsushi"
"Sales",484179,"Murrill","Chenyi"
"Sales",244858,"Kamble","Vasilii"
"Sales",484379,"Ernst","Yongdong"
"Sales",484380,"Pellegrinelli","Martijn"
"Sales",484439,"Papastamatiou","Gully"
"Sales",484445,"Kugler","Udaiprakash"
"Sales",452449,"Orsini","Bezalel"
"Sales",484483,"Birnbaum","Garnik"
"Sales",484501,"Conry","Lein"
"Sales",484882,"Coney","Pradeep"
"Sales",484838,"Gips","Lalit"
"Sales",484951,"Lichtner","Branimir"
"Sales",484791,"Kushner","Alexius"
"Sales",485013,"Nitta","Munenori"
"Sales",485062,"Spell","Hitofumi"
"Sales",244901,"Dulin","Yahiko"
"Sales",244905,"Schapire","Mahendra"
"Sales",485111,"Mitina","Lobel"
"Sales",484748,"Orlowska","Shridhar"
"Sales",485139,"Guardalben","Lijia"
"Sales",485156,"Bergere","Mantis"
"Sales",484741,"Marakhovsky","Yuguang"
"Sales",485370,"McFarlin","Qingxiang"
"Sales",485373,"Lorch","Rosella"
"Sales",485429,"Speel","Jouni"
"Sales",244935,"Zedlitz","Arto"
"Sales",485559,"Gist","Premal"
"Sales",485597,"Marrevee","Taegyun"
"Sales",485606,"Pena","Ger"
"Sales",484693,"Otillio","Stella"
"Sales",485638,"Syrotiuk","Faiza"
"Sales",485729,"Dayang","Demin"
"Sales",485732,"Kemmerer","Gererd"
"Sales",485738,"Shigei","Thanasis"
"Sales",485747,"Veccia","Martien"
"Sales",484626,"Eldridge","Yechiam"
"Sales",245033,"Chinen","Xinglin"
"Sales",485778,"Sullins","Domenico"
"Sales",245040,"Coors","Parviz"
"Sales",245052,"Gruenwald","Martina"
"Sales",484604,"Einsfeld","Menkae"
"Sales",485839,"Strooper","Mohd"
"Sales",245093,"Zlotek","Jixiang"
"Sales",486437,"Puppo","Chiradeep"
"Sales",486448,"Setiz","Sachar"
"Sales",484581,"Cooman","Foong"
"Sales",486499,"Foote","Xiaoshan"
"Sales",486577,"Luef","Chinho"
"Sales",245318,"Bugaenko","Ronnie"
"Sales",486669,"Rajaraman","Akeel"
"Sales",486746,"Narwekar","Lalit"
"Sales",486752,"Scharstein","Toshimo"
"Sales",486782,"McFarlin","Niranjan"
"Sales",452361,"Liesche","Bikash"
"Sales",486809,"Schmittgen","Oldrich"
"Sales",486810,"Katalagarianos","Toney"
"Sales",486814,"Stamatiou","Arun"
"Sales",487036,"Worfolk","Hirochika"
"Sales",487056,"Shinomoto","Valeri"
"Sales",245371,"Iacovou","Ingmar"
"Sales",487069,"Teitelbaum","Uma"
"Sales",487071,"Klyachko","Khoa"
"Sales",245372,"Pargas","Nectarios"
"Sales",487184,"Gladwell","Mototsugu"
"Sales",487198,"Pesch","Leucio"
"Sales",484320,"Sgarro","Pantung"
"Sales",245399,"Gustavson","Danai"
"Sales",245404,"Staylopatis","Goetz"
"Sales",487488,"Chiodo","Siamak"
"Sales",452324,"Wielonsky","Mokhtar"
"Sales",484283,"Aumann","Hidekazu"
"Sales",290858,"Ferriere","Khatoun"
"Sales",487714,"Rehfuss","Ugo"
"Sales",484258,"Hinsberger","Wonhee"
"Sales",487741,"Savasere","Szabolcs"
"Sales",487761,"Tramer","Chuanti"
"Sales",487794,"Piveteau","Yongmao"
"Sales",487842,"Rajaraman","Susanta"
"Sales",488064,"Cooley","Mihalis"
"Sales",488071,"Smailagic","Jaana"
"Sales",484211,"Henseler","Takanari"
"Sales",488140,"Ferriere","Aria"
"Sales",488147,"Loncour","Mabo"
"Sales",484205,"Gewali","Chrisa"
"Sales",488161,"Vandervoorde","Mabo"
"Sales",484010,"Narahara","Udaiprakash"
"Sales",488400,"Gulla","Claudi"
"Sales",488437,"Henseler","Vasilii"
"Sales",484008,"Matheson","Pramod"
"Sales",488494,"Valette","Berhard"
"Sales",488519,"Alpin","Qiwen"
"Sales",245513,"Sooriamurthi","Valdiodio"
"Sales",452216,"Heemskerk","Pranav"
"Sales",488614,"Salinas","Kaijung"
"Sales",488653,"Osgood","Parto"
"Sales",483966,"Braunschweig","Randy"
"Sales",488673,"Ohori","Yinlin"
"Sales",488679,"Swan","Lijia"
"Sales",488899,"Jumpertz","Mahendra"
"Sales",488923,"Chimia","Tsvetan"
"Sales",245584,"Hofstetter","Hidefumi"
"Sales",245597,"Bottner","Mizuhito"
"Sales",483909,"Vesna","Pantung"
"Sales",489213,"Billawala","Yagil"
"Sales",489229,"Worfolk","Valter"
"Sales",489231,"Ranka","Souichi"
"Sales",489260,"Huxford","Constantine"
"Sales",245784,"Rousseau","Nathan"
"Sales",489274,"Danner","Joydip"
"Sales",489275,"Ullian","Rajmohan"
"Sales",483844,"Boyle","Zengping"
"Sales",483830,"Teitelbaum","Harngdar"
"Sales",489349,"Schapire","Foong"
"Sales",483827,"Camurati","Xiaoshan"
"Sales",245797,"Olivero","Idoia"
"Sales",245805,"Perry","Shaz"
"Sales",483821,"Fujisaki","Arunachalam"
"Sales",245811,"Ramsak","Shunichi"
"Sales",245856,"Laventhal","Filipe"
"Sales",489708,"Caine","Kenroku"
"Sales",245881,"Dayang","Gretta"
"Sales",489976,"Kumaresan","Erzsebet"
"Sales",483734,"Katiyar","Kristof"
"Sales",490026,"Jording","Xiaopeng"
"Sales",490037,"Varman","Jagoda"
"Sales",452165,"Guenter","Jayson"
"Sales",490090,"Gill","Guther"
"Sales",245912,"Hooghiemstra","Kazuyasu"
"Sales",245916,"Schoegge","Masoud"
"Sales",490242,"Jeansoulin","Padma"
"Sales",490245,"Schade","Nahid"
"Sales",490250,"Baez","Elvis"
"Sales",490252,"Aloisi","Kristof"
"Sales",245921,"Conti","Mokhtar"
"Sales",490378,"Trystram","Lubomir"
"Sales",441038,"Versino","Leen"
"Sales",490581,"Ghemri","Greger"
"Sales",245942,"Lorin","Emran"
"Sales",246120,"Junot","Arnd"
"Sales",490681,"Marciano","Nathalie"
"Sales",490685,"Bergere","Paris"
"Sales",490918,"Zumaque","Cedric"
"Sales",483656,"Serot","Mana"
"Sales",483604,"Wendorf","Subhash"
"Sales",491007,"Benner","Shaibal"
"Sales",483580,"Demir","Bernice"
"Sales",491515,"Lichtner","Gay"
"Sales",491536,"Kakkad","Ymte"
"Sales",483579,"Kobuchi","Duke"
"Sales",483576,"Comte","Ymte"
"Sales",483538,"Merlo","Jackson"
"Sales",491614,"Marzano","Chirstian"
"Sales",452124,"Beausoleil","Badri"
"Sales",491681,"Asrin","Zengping"
"Sales",246192,"Borovoy","Gritta"
"Sales",491709,"Heemskerk","Kristen"
"Sales",483488,"Peron","Caolyn"
"Sales",491792,"Onuegbe","Hugo"
"Sales",491795,"Templeman","Houman"
"Sales",491799,"Peck","Zorica"
"Sales",246219,"Peng","Djelloul"
"Sales",452119,"Kuhnemann","Dayanand"
"Sales",491845,"Rabehasaina","Zhiwei"
"Sales",491856,"Farrag","Rayond"
"Sales",491907,"Swiler","Cheong"
"Sales",246248,"Junot","Jacopo"
"Sales",492019,"Garrabrants","Jongsuk"
"Sales",492021,"Bahi","Pascal"
"Sales",483469,"Kaltofen","Shao"
"Sales",492028,"Schmiedel","Aleksander"
"Sales",246457,"Papastamatiou","Hongzue"
"Sales",278453,"Suermann","Mizuhito"
"Sales",492081,"Kaltofen","Chaosheng"
"Sales",246495,"Sifakis","Hideo"
"Sales",492132,"Cannane","Mong"
"Sales",450692,"Segond","Chinhyun"
"Sales",483460,"Stiles","Leucio"
"Sales",492165,"Lubachevsky","Berthier"
"Sales",492174,"Fiebach","Arve"
"Sales",483423,"Matzel","Sven"
"Sales",246536,"Morrey","Zorica"
"Sales",483418,"Marrakchi","Berni"
"Sales",492287,"Cichocki","Kwangyoen"
"Sales",492317,"Krogh","Otilia"
"Sales",246544,"Undy","Berto"
"Sales",492344,"Nitta","Xiahua"
"Sales",246559,"Rissanen","Gian"
"Sales",246572,"Lipner","Hisao"
"Sales",492413,"Coney","Arch"
"Sales",483385,"Pappas","Guenter"
"Sales",492445,"Bain","Chaoyi"
"Sales",492460,"Stanfel","Paddy"
"Sales",492461,"Rahimi","Chiranjit"
"Sales",492479,"Salinas","Otilia"
"Sales",492573,"Greibach","Conal"
"Sales",492591,"Giveon","Nigel"
"Sales",483148,"Zolotykh","Basem"
"Sales",492670,"Giaccio","Kotesh"
"Sales",450622,"Undy","Xuejun"
"Sales",492739,"Anandan","Khalid"
"Sales",246619,"Hutton","Radoslaw"
"Sales",492807,"Cangellaris","Shigenori"
"Sales",450613,"Reinhard","Maik"
"Sales",492864,"Back","Arto"
"Sales",483083,"Gente","Oldrich"
"Sales",492892,"Miara","Lijie"
"Sales",483073,"Koyama","Macha"
"Sales",483034,"Azuma","Breannda"
"Sales",492963,"Serre","Arvind"
"Sales",493001,"Zlotek","Nimmagadda"
"Sales",493048,"Berztiss","Muzhong"
"Sales",493053,"Etalle","Utz"
"Sales",278529,"Roohalamini","Rutger"
"Sales",450612,"Ashish","Mats"
"Sales",493156,"Papastamatiou","Dharmaraja"
"Sales",246756,"Schwartzburd","Suvo"
"Sales",482932,"Cummings","Shalesh"
"Sales",246761,"Desikan","Lech"
"Sales",482904,"Honglei","Weijing"
"Sales",493240,"Camarinopoulos","Lijie"
"Sales",493284,"Suppi","Alair"
"Sales",493309,"Honiden","Raimond"
"Sales",482902,"Segond","Bernardo"
"Sales",450592,"Brizzi","Miquel"
"Sales",493355,"Onuegbe","Ziva"
"Sales",246769,"Baar","Shunichi"
"Sales",278540,"Iacovou","Naraig"
"Sales",246783,"Garigliano","Sariel"
"Sales",493433,"Kuszyk","Ziva"
"Sales",493527,"Domenig","Barun"
"Sales",493543,"Perri","Prasadram"
"Sales",247161,"Schwaller","Janche"
"Sales",493627,"Eugenio","Xumin"
"Sales",493654,"Giaccio","Oddvar"
"Sales",493684,"Gammage","Mohammad"
"Sales",493784,"Zlotek","Tadanori"
"Sales",493799,"Ciolek","Manton"
"Sales",482776,"Beilner","Kristin"
"Sales",247230,"Nollmann","Kasturi"
"Sales",482771,"Xiaoshan","Kazuhiko"
"Sales",482758,"Roisin","Frazer"
"Sales",482757,"Luders","Xiaopeng"
"Sales",493956,"Matzke","Charmane"
"Sales",493976,"Ducloy","Satoru"
"Sales",494001,"Escriba","Zhiwei"
"Sales",494013,"Eiter","Sakthirel"
"Sales",482690,"Talmor","Sudhanshu"
"Sales",494099,"Irland","Waiman"
"Sales",494108,"Marquardt","Kazuhira"
"Sales",494161,"Slutz","Sanjeeva"
"Sales",494223,"Noriega","Khalid"
"Sales",494233,"Takanami","Sasan"
"Sales",494282,"Kawashima","Karlis"
"Sales",494316,"Merlo","Dekang"
"Sales",247278,"Hettesheimer","Huai"
"Sales",494326,"Veevers","Satosi"
"Sales",494343,"Shokrollahi","Along"
"Sales",494372,"Selvestrel","Tesuya"
"Sales",494423,"Guenter","Izaskun"
"Sales",494428,"Selvestrel","Manton"
"Sales",494442,"Boreale","Satosi"
"Sales",482459,"Herath","Yoshimitsu"
"Sales",449979,"Trumbly","Mayuko"
"Sales",494561,"Raney","Amstein"
"Sales",494767,"Ghandeharizadeh","Izaskun"
"Sales",482448,"Gustavson","Mitchel"
"Sales",494885,"Eterovic","Demin"
"Sales",290902,"Hockney","Kankanahalli"
"Sales",482407,"Bael","Gao"
"Sales",247548,"Majewski","Giri"
"Sales",482397,"Simkin","Iara"
"Sales",482374,"Stamatiou","Gaurav"
"Sales",495476,"Krider","Fan"
"Sales",482319,"Pulkowski","Khalid"
"Sales",482315,"Yetto","Sushant"
"Sales",495549,"Ponthieu","Bernd"
"Sales",495589,"Ranka","Aiman"
"Sales",495604,"Gadepally","Ugo"
"Sales",495605,"Imataki","Nobuyoshi"
"Sales",495616,"Denti","Horward"
"Sales",495633,"Kawashima","Baocai"
"Sales",495697,"Ramamoorthy","Mona"
"Sales",247811,"Cheshire","Khaled"
"Sales",495772,"Tasistro","Toshimori"
"Sales",495784,"Grospietsch","Yefim"
"Sales",495788,"Farrel","Huan"
"Sales",247850,"Mandelberg","Kamran"
"Sales",495854,"Stavenow","Hideo"
"Sales",495861,"Emmart","Holgard"
"Sales",482199,"Coors","Yishai"
"Sales",495953,"Krupka","Chriss"
"Sales",449151,"Perelgut","Vincent"
"Sales",278702,"Gurbaxani","Toshimo"
"Sales",247925,"Redmiles","Arra"
"Sales",482193,"Beausoleil","Jovan"
"Sales",496032,"Tischendorf","Trygve"
"Sales",496047,"Ruther","Sanjiv"
"Sales",496052,"Cunliffe","Luigi"
"Sales",482190,"Birdsall","Matt"
"Sales",496082,"Rullman","Xuedong"
"Sales",496091,"Theuretzbacher","Joydip"
"Sales",496155,"Axelband","Hironobu"
"Sales",290913,"Lieberherr","Tse"
"Sales",496248,"Chandrasekhar","Murthy"
"Sales",496265,"Emden","Aran"
"Sales",496308,"Reistad","Gennady"
"Sales",482150,"Gluchowski","Przemyslawa"
"Sales",496378,"Narlikar","Masaki"
"Sales",496401,"Zallocco","Krister"
"Sales",496411,"Lukaszewicz","Uwe"
"Sales",248210,"Muchinsky","Odoardo"
"Sales",248225,"Pargas","Val"
"Sales",496508,"Shanbhogue","Jolita"
"Sales",496535,"Pulkowski","Zissis"
"Sales",496541,"Harnett","Arne"
"Sales",496560,"Pileggi","Yucel"
"Sales",496579,"Bernardeschi","Rayond"
"Sales",496586,"Morrey","Guttorm"
"Sales",496666,"Paludetto","Basem"
"Sales",496671,"Basawa","Piyawadee"
"Sales",482075,"Cunliffe","Kwun"
"Sales",496813,"Lovengreen","Oksana"
"Sales",496815,"Beutelspacher","Uinam"
"Sales",482073,"Validov","Froduald"
"Sales",482029,"Rosiles","Georgy"
"Sales",496876,"Speek","Tsutomu"
"Sales",496934,"Jullig","Kellyn"
"Sales",497013,"Penn","Dietrich"
"Sales",497023,"Nooteboom","Jamaludin"
"Sales",481920,"Heystek","Filipp"
"Sales",248544,"Murrill","Basim"
"Sales",497122,"Veccia","Oguz"
"Sales",497151,"Litzkow","Lijia"
"Sales",497152,"Brlek","Rasiah"
"Sales",248595,"Kalloufi","Chaitali"
"Sales",497218,"Gecsei","Yishai"
"Sales",497238,"Falco","Perry"
"Sales",448825,"Naudin","Mayumi"
"Sales",248643,"Pepe","Domenick"
"Sales",481633,"Orlowska","Zhigen"
"Sales",438681,"Yeung","Roddy"
"Sales",498032,"Steenbeek","Fumitake"
"Sales",481630,"Czaja","Khosrow"
"Sales",248710,"Hockney","Fabrizio"
"Sales",248729,"Heyers","Bedrich"
"Sales",481607,"Ozery","Tze"
"Sales",248737,"Cannard","Souichi"
"Sales",498318,"Francisci","Palash"
"Sales",498331,"Pashtan","Jasminko"
"Sales",498387,"Wossner","Eben"
"Sales",498417,"Roison","Manton"
"Sales",481343,"Seiwald","Shaunak"
"Sales",498923,"Itzigehl","Shuky"
"Sales",498931,"Kaiser","Guangming"
"Sales",498935,"Viele","Saddek"
"Sales",498977,"Bellmore","Arnd"
"Sales",499007,"Serra","Ishfaq"
"Sales",278841,"Wilharm","Indrajit"
"Sales",499026,"Schade","Lena"
"Sales",248981,"Pehl","Mabo"
"Sales",481307,"Pappas","Hatsukazu"
"Sales",481296,"Begiun","Dmitri"
"Sales",499257,"Serna","Morrie"
"Sales",481268,"Gniady","Gen"
"Sales",448724,"Ramamoorthy","Siddarth"
"Sales",499291,"Marrakchi","Jaewon"
"Sales",448719,"Heuser","Kamran"
"Sales",448716,"Przulj","Lobel"
"Sales",499331,"Kaminger","Petter"
"Sales",499361,"Solares","Sandeepan"
"Sales",499394,"Koyama","Gaurav"
"Sales",249102,"Lamma","Aimee"
"Sales",499407,"Kropatsch","Gao"
"Sales",249111,"Shumilov","Rimon"
"Sales",249303,"Reutenauer","Tse"
"Sales",481233,"Zschoche","Khue"
"Sales",499502,"Pelz","Doohun"
"Sales",499505,"Ghalwash","Berna"
"Sales",499529,"Kambil","Parto"
"Sales",499531,"Perri","Itzchak"
"Sales",278865,"Harllee","Masami"
"Sales",499577,"Suppi","Christfried"
"Sales",499590,"Juneja","Kiam"
"Sales",499728,"Bernini","Jinxi"
"Sales",499740,"Cappelli","Gurbir"
"Sales",499750,"Melter","Maya"
"Sales",499777,"Haumacher","Cheong"
"Sales",480982,"Serra","Saeed"
"Sales",499885,"Lanphier","Jagoda"
"Sales",249372,"Riefers","Parto"
"Sales",499966,"Crabtree","Mihalis"
"Sales",10053,"Zschoche","Sanjiv"
"Sales",480963,"Besselaar","Faiza"
"Sales",249411,"Gulik","Kwan"
"Sales",480956,"Delaune","Mary"
"Sales",10151,"Lichtner","Itzchak"
"Sales",480951,"Krone","Irene"
"Sales",249447,"Ossenbruggen","Mayuri"
"Sales",10346,"Radwan","Aamod"
"Sales",10407,"Siepmann","Ulf"
"Sales",290959,"Fujisawa","Ziyad"
"Sales",10490,"Vuskovic","Huiqun"
"Sales",10493,"Haraldson","Maris"
"Sales",10521,"Setia","Kwangsub"
"Sales",10539,"Reinhard","Yucel"
"Sales",10570,"Morrin","Alassane"
"Sales",249873,"Apsitis","Ranga"
"Sales",10597,"Schaad","Lucien"
"Sales",278916,"Kossowski","Mizuhito"
"Sales",10616,"Marwedel","Tommaso"
"Sales",10637,"Frolund","Heejo"
"Sales",10655,"Dalton","Remko"
"Sales",10670,"McAffer","Shunichi"
"Sales",480920,"Plumb","Flemming"
"Sales",480919,"Czap","Tesuya"
"Sales",10710,"Kermarrec","Sorina"
"Sales",249938,"Naumovich","Yechiam"
"Sales",10795,"Naudin","Supot"
"Sales",249944,"Ranon","Florian"
"Sales",480887,"Chepyzhov","Kien"
"Sales",11023,"Driscoll","Yifei"
"Sales",249960,"Spelt","Niclas"
"Sales",250634,"Marzano","Aluzio"
"Sales",11163,"Huttel","Djenana"
"Sales",11168,"Tetzlaff","Shmuel"
"Sales",480862,"Kropp","Maris"
"Sales",11172,"Sudkamp","Kristian"
"Sales",11521,"Eastman","Eldridge"
"Sales",250683,"Dymetman","Takushi"
"Sales",11601,"Ritzmann","Erez"
"Sales",11632,"Bach","Baoqiu"
"Sales",250700,"Hutter","Susumu"
"Sales",448405,"Cesareni","Eishiro"
"Sales",11668,"Wursthorn","Hiroyasu"
"Sales",250780,"Back","Florian"
"Sales",11964,"Norsworthy","Tzu"
"Sales",448397,"Selenyi","Terresa"
"Sales",290963,"Bultermann","Kristina"
"Sales",278941,"Karcich","Yakkov"
"Sales",12054,"Braccini","Odysseas"
"Sales",12076,"Siprelle","Karlis"
"Sales",251396,"Suessmith","Debaprosad"
"Sales",480622,"Munke","Hatem"
"Sales",12149,"Grandbois","Suebskul"
"Sales",251408,"Reghbati","Gro"
"Sales",480587,"Trystram","Tonia"
"Sales",12199,"Poupard","Huan"
"Sales",448381,"Ibel","Mechthild"
"Sales",278961,"Haddadi","Temple"
"Sales",12565,"Mullainathan","Theron"
"Sales",252008,"Engberts","Wayne"
"Sales",252036,"Iwayama","Tse"
"Sales",12629,"Siksek","Kensyu"
"Sales",290999,"Tiemann","Tommaso"
"Sales",12873,"Lorie","Xiaoshan"
"Sales",12903,"Salverda","Radhika"
"Sales",480534,"Azulay","Cristinel"
"Sales",12985,"Hellwagner","Yoshimitsu"
"Sales",13007,"Frolund","Yagil"
"Sales",448362,"Erol","Denis"
"Sales",13210,"Klassen","Jianhua"
"Sales",13212,"Boyle","Thodoros"
"Sales",13246,"Siepmann","Adil"
"Sales",480293,"Krybus","Guozhong"
"Sales",480291,"Vigier","Shaowei"
"Sales",13367,"Swiler","Xumin"
"Sales",13387,"Tzvieli","Froduald"
"Sales",13427,"Narwekar","Sreekrishna"
"Sales",13477,"Karlin","Reuven"
"Sales",13489,"Itschner","Fumino"
"Sales",480216,"Babu","Lucian"
"Sales",13498,"Delaune","Mohammad"
"Sales",13909,"Leslie","Szabolcs"
"Sales",252366,"Shokrollahi","Shao"
"Sales",252371,"Montemayor","Basil"
"Sales",14000,"Engberts","Falguni"
"Sales",14009,"Greibach","Snehasis"
"Sales",480192,"Onuegbe","Dhritiman"
"Sales",14200,"Sankaranarayanan","Masali"
"Sales",480169,"Schusler","Vitali"
"Sales",14241,"Ranze","Zhonghui"
"Sales",14275,"Aseltine","Tristan"
"Sales",480114,"Suri","Shakhar"
"Sales",480073,"Apsitis","Arfst"
"Sales",15213,"Molenkamp","Arie"
"Sales",15304,"Sethi","Menkae"
"Sales",479807,"Pagter","Reuven"
"Sales",15715,"Ibel","Insup"
"Sales",252728,"Melton","Visit"
"Sales",479789,"Kropp","Collette"
"Sales",448228,"Swick","Ayakannu"
"Sales",15799,"Gelosh","Manton"
"Sales",15808,"Terlouw","Amalendu"
"Sales",479777,"Milicia","Sajjad"
"Sales",16217,"Busillo","Phule"
"Sales",16224,"Slobodova","Honesty"
"Sales",16285,"McFarlan","Ghassan"
"Sales",16286,"Stille","Gritta"
"Sales",479741,"Shobatake","Elgin"
"Sales",16715,"Anandan","Satosi"
"Sales",16836,"Nergos","Mostafa"
"Sales",448217,"Fadgyas","Lucien"
"Sales",252831,"Leonhardt","Yaghout"
"Sales",479481,"Hutton","Danil"
"Sales",479418,"Schaar","Mostafa"
"Sales",17616,"Gecseg","Radhia"
"Sales",17632,"Androutsos","Diederik"
"Sales",252849,"Neiman","George"
"Sales",440779,"Glowinski","Mostafa"
"Sales",17660,"Ramsay","Chandrasekaran"
"Sales",17690,"Angelopoulos","Panayotis"
"Sales",17874,"Minakawa","Rutger"
"Sales",479408,"Merel","Dinkar"
"Sales",252867,"Akazan","Gal"
"Sales",291005,"Wilfing","Carrsten"
"Sales",17974,"Delgrange","Chuanyi"
"Sales",17982,"Stenning","Dzung"
"Sales",17986,"Angelopoulos","Oguz"
"Sales",17991,"Szemeredi","Gou"
"Sales",18026,"Backhouse","Vesna"
"Sales",252899,"Rathonyi","Maris"
"Sales",18244,"Dalton","Patricio"
"Sales",18258,"Hiroyama","Matt"
"Sales",18265,"Puppo","Shir"
"Sales",279142,"Georgakopoulos","Giordano"
"Sales",252929,"Emden","Khatoun"
"Sales",18318,"Cairo","Parke"
"Sales",18470,"Reeken","Subbu"
"Sales",252947,"Naumovich","Danny"
"Sales",479126,"Kugler","Itzchak"
"Sales",18474,"Pelc","Temple"
"Sales",479118,"Schwabacher","Juyoung"
"Sales",18527,"Trelles","Rosli"
"Sales",18531,"Axelband","Jamaludin"
"Sales",18765,"Champarnaud","Sastry"
"Sales",18788,"Ritcey","Stepehn"
"Sales",479056,"Demian","Kasidit"
"Sales",18848,"Pagter","Yaghout"
"Sales",18862,"Antonakopoulos","Ramalingam"
"Sales",19048,"Radhakrishnan","Nikolaus"
"Sales",479050,"Ishibashi","Pintsang"
"Sales",19071,"Gruenwald","Leah"
"Sales",253145,"Meriste","Shunichi"
"Sales",19117,"Spell","Tetsurou"
"Sales",19152,"McAffer","Xudong"
"Sales",19168,"Dulin","Lijia"
"Sales",19195,"Falby","Honglan"
"Sales",19381,"Holburn","Xiahua"
"Sales",440763,"Heystek","Siddarth"
"Sales",19528,"Nooteboom","Pohua"
"Sales",478765,"Busillo","Erez"
"Sales",19725,"Matzke","Yurij"
"Sales",478757,"Rehfuss","Shaowei"
"Sales",19779,"Besselaar","Yinghua"
"Sales",19781,"Sudkamp","Oldrich"
"Sales",478485,"Yeung","Nahla"
"Sales",19840,"Baig","Danil"
"Sales",478447,"Ranai","Vitaly"
"Sales",478434,"Ligten","Noritoshi"
"Sales",20909,"Perko","Zvonko"
"Sales",478390,"Versino","Shakhar"
"Sales",478342,"Besselaar","Angel"
"Sales",478141,"Godskesen","Guangming"
"Sales",478120,"Trachtenberg","Paloma"
"Sales",21362,"Leuchs","Danai"
"Sales",253239,"Famili","Tomoyuki"
"Sales",21565,"Callaway","Xiadong"
"Sales",21612,"Bardell","Martial"
"Sales",478094,"Mahmud","Sushant"
"Sales",21627,"Spell","Sigeru"
"Sales",21649,"Leivant","Yuchang"
"Sales",21673,"Llado","Shigehito"
"Sales",21804,"Scharstein","Karlis"
"Sales",253266,"Luft","Perry"
"Sales",478024,"Poehlman","Masaki"
"Sales",478021,"Gubsky","Collette"
"Sales",22049,"Klerer","Ugo"
"Sales",447876,"Heinisuo","Eldridge"
"Sales",22111,"Felcyn","Rasiah"
"Sales",22115,"Zhang","Khosrow"
"Sales",22117,"Baja","Yaghout"
"Sales",22126,"Hiroyama","Serap"
"Sales",477974,"Ariola","Aram"
"Sales",22172,"Erev","Jessie"
"Sales",23075,"Braunmuhl","Dines"
"Sales",23093,"Leivant","Rosalie"
"Sales",253353,"Orsini","Lansing"
"Sales",279257,"Baik","Gal"
"Sales",23198,"Pramanik","Jayson"
"Sales",23234,"Cyre","Chikako"
"Sales",23242,"Georg","Hongzue"
"Sales",23249,"Hutter","Gita"
"Sales",23258,"Verspoor","Sandeepan"
"Sales",279271,"Hooghiemstra","Idoia"
"Sales",23300,"Schauser","Froduald"
"Sales",23302,"Malabarba","Guadalupe"
"Sales",23303,"Demke","Zengping"
"Sales",23325,"Beetstra","Dzung"
"Sales",477876,"Minakawa","Gully"
"Sales",23367,"Aumann","Yurij"
"Sales",23376,"Bahi","Faiza"
"Sales",23557,"Vanwelkenhuysen","Wanqing"
"Sales",253439,"Taubman","Jayson"
"Sales",23625,"Thisen","Gladys"
"Sales",23664,"Tomescu","Maren"
"Sales",23704,"Bahk","Basem"
"Sales",23748,"Cesareni","Kien"
"Sales",23769,"Baik","Abdelaziz"
"Sales",477646,"Munck","Goa"
"Sales",477629,"Gaughan","JiYoung"
"Sales",23868,"Reistad","Trygve"
"Sales",23921,"Bashian","Abdulla"
"Sales",253474,"Hardjono","Franziska"
"Sales",477618,"Denna","Naftaly"
"Sales",23995,"Zhang","Fatemeh"
"Sales",24009,"Wuwongse","Aiichiro"
"Sales",253988,"Jiang","Maya"
"Sales",24015,"Wixon","Baruch"
"Sales",24016,"Gecseg","Dhritiman"
"Sales",24030,"Stemann","Khue"
"Sales",24068,"Remmers","Hideo"
"Sales",24099,"Chiola","Beshir"
"Sales",477609,"Reeken","Lijia"
"Sales",477599,"Perly","Tonia"
"Sales",24114,"Blokdijk","Yuguang"
"Sales",24153,"Anger","Lidong"
"Sales",24184,"Bodoff","Aloke"
"Sales",24203,"Krogh","Shahid"
"Sales",477580,"Guerreiro","Nikolaos"
"Sales",477539,"Kranzdorf","Dekang"
"Sales",447598,"Varley","Saddek"
"Sales",24314,"Pavlopoulou","Shaz"
"Sales",477509,"Pocchiola","Salvador"
"Sales",477315,"Randt","Shuzo"
"Sales",24388,"Milicic","Zhilian"
"Sales",24394,"Conta","Zhonghui"
"Sales",24460,"Lanphier","Yinghua"
"Sales",477209,"Gniady","Szabolcs"
"Sales",24733,"Zwicker","Cordelia"
"Sales",254341,"Erni","Godehard"
"Sales",477162,"Ebeling","Sastry"
"Sales",476984,"Schreiter","Xiaobin"
"Sales",254349,"Kroha","Anwar"
"Sales",24872,"Decaestecker","Oguz"
"Sales",447575,"Penz","Zito"
"Sales",24903,"Binkley","Mokhtar"
"Sales",254367,"Honglei","Dinkar"
"Sales",254369,"Varker","Selwyn"
"Sales",24935,"Staudhammer","Kersti"
"Sales",24956,"Pocchiola","Serap"
"Sales",24995,"Penttonen","Bodo"
"Sales",254391,"Basagni","Kristian"
"Sales",254405,"Shokrollahi","Kankanahalli"
"Sales",254408,"Pleszkun","Kiyokazu"
"Sales",25345,"Matzov","Kwangyoen"
"Sales",291069,"Marshall","Kien"
"Sales",476853,"Conde","Kazuhiko"
"Sales",25582,"Kemmerer","Elliott"
"Sales",25624,"Murtha","Krister"
"Sales",25630,"Iwayama","Jingling"
"Sales",476624,"Kruskal","Gilbert"
"Sales",25644,"Straney","Kwangho"
"Sales",25659,"Rissland","Yishay"
"Sales",254441,"Cappelli","Kristen"
"Sales",25946,"Chinin","Dietrich"
"Sales",25987,"Zizka","Yakkov"
"Sales",25992,"Bugrara","Divier"
"Sales",476601,"Zschoche","Juyoung"
"Sales",26035,"Chenoweth","Maria"
"Sales",26038,"Crabtree","Zhigen"
"Sales",26076,"Matzen","Ipke"
"Sales",26095,"Erbe","Yucel"
"Sales",26108,"Binkley","Toshimo"
"Sales",254449,"Koshiba","Ibibia"
"Sales",254462,"Carrere","Indrajit"
"Sales",254463,"Pappas","Douadi"
"Sales",476573,"Munoz","Toong"
"Sales",254466,"Mukaidono","Honesty"
"Sales",26227,"Cannane","Van"
"Sales",26271,"Crabtree","Yonghoan"
"Sales",26833,"Gustavson","Hirochika"
"Sales",26852,"Cyre","Shaowen"
"Sales",26874,"Schaft","Ishfaq"
"Sales",476509,"Kornyak","Mizuhito"
"Sales",26905,"Markovitch","Fatemeh"
"Sales",26917,"Ducloy","Eirik"
"Sales",26925,"Gils","Jolita"
"Sales",26984,"Itzigehl","Leaf"
"Sales",26996,"Rodier","Toshiko"
"Sales",254758,"Bergere","Premsyl"
"Sales",27059,"Atrawala","Arumugam"
"Sales",440630,"Bernick","Berhard"
"Sales",254777,"Fujisawa","Nectarios"
"Sales",28145,"McAffer","Genevieve"
"Sales",28185,"Babb","Xinglin"
"Sales",28192,"Smailagic","Francesca"
"Sales",440629,"Mayerwieser","Boguslaw"
"Sales",476308,"Brickell","Wanqing"
"Sales",28468,"Hasham","Zorica"
"Sales",28480,"Schonegge","Zhenbing"
"Sales",28482,"Papastamatiou","Dietrich"
"Sales",28487,"Alblas","Ziva"
"Sales",28742,"Lanzelotte","Gully"
"Sales",476281,"Deville","Kannan"
"Sales",28779,"Bottner","Fayez"
"Sales",291861,"Worfolk","Ramya"
"Sales",255334,"Solares","Naraig"
"Sales",28878,"Sudkamp","Gino"
"Sales",476168,"Senzako","Guangming"
"Sales",279380,"Wolniewicz","Luigi"
"Sales",28958,"Wossner","Angel"
"Sales",255427,"Malabarba","Branimir"
"Sales",475974,"Kinley","Mabhin"
"Sales",29009,"Skogmar","Marc"
"Sales",279408,"Stenning","Gudjon"
"Sales",475951,"Braunschweig","Theron"
"Sales",255435,"Wursthorn","Arunachalam"
"Sales",29250,"Besancenot","Radoslaw"
"Sales",475935,"Hegner","Fan"
"Sales",475927,"Stassinopoulos","Geoff"
"Sales",29367,"Birch","Vitali"
"Sales",255449,"Kaminger","Jaideep"
"Sales",29607,"Gluchowski","Rayond"
"Sales",29733,"Ranze","Piyawadee"
"Sales",29945,"Sullins","Rutger"
"Sales",29946,"McClure","Shooichi"
"Sales",29980,"Plessier","Elliott"
"Sales",29990,"Glinert","Yahiko"
"Sales",30021,"Rosca","Martijn"
"Sales",30060,"Snedden","Lakshmi"
"Sales",255500,"Babb","Kerryn"
"Sales",475802,"Rodier","Gennady"
"Sales",30330,"Nitsch","Caolyn"
"Sales",30375,"Thebaut","Uta"
"Sales",30379,"Puppo","Stabislas"
"Sales",475787,"Ramsak","Zhiwei"
"Sales",30410,"Menyhert","Feiyu"
"Sales",446992,"Georgakopoulos","Goh"
"Sales",30597,"Hutton","Sadun"
"Sales",30601,"Cyne","Gilbert"
"Sales",30615,"Cappelletti","Radoslaw"
"Sales",30655,"Anandan","Xuedong"
"Sales",30681,"Baak","Bernice"
"Sales",30697,"Kruskal","Zengping"
"Sales",279485,"Gire","Dekang"
"Sales",30931,"Limongiello","Jongsuk"
"Sales",255562,"Huxford","Deniz"
"Sales",30980,"Swift","Shigehiro"
"Sales",475743,"Begiun","Tonny"
"Sales",31024,"Ciolek","Xiadong"
"Sales",31054,"Camarinopoulos","Wilmer"
"Sales",31056,"Comellas","Divine"
"Sales",255584,"Hiltgen","Mikhail"
"Sales",255592,"Bakhtari","Jaideep"
"Sales",31266,"Compeau","Barna"
"Sales",255628,"Danley","Lalit"
"Sales",31355,"Cmelik","Edwin"
"Sales",31356,"Snyers","Tze"
"Sales",31417,"Boguraev","Patricio"
"Sales",255702,"Speel","Shim"
"Sales",31650,"Savasere","Neven"
"Sales",31722,"Schieder","Kamakshi"
"Sales",255740,"Alencar","Tru"
"Sales",31945,"Usery","Dipayan"
"Sales",446956,"Yoshimura","Eben"
"Sales",32081,"Lamba","Berhard"
"Sales",255830,"Apsitis","Arumugam"
"Sales",32086,"Kitsuregawa","Rosalyn"
"Sales",32197,"Highland","Claude"
"Sales",32198,"Stavenow","Pantung"
"Sales",32221,"Snedden","Pranas"
"Sales",291108,"Bade","Jeong"
"Sales",32558,"Zyda","Snehasis"
"Sales",475145,"Marshall","Baoqiu"
"Sales",32576,"Auria","Qiwen"
"Sales",32776,"Bodoff","Charlene"
"Sales",32864,"Stifter","Anyuan"
"Sales",440593,"Erni","Fumitake"
"Sales",32929,"Picci","Zeljko"
"Sales",279541,"Felder","Tsutomu"
"Sales",255884,"Merro","Bernardo"
"Sales",33167,"Worfolk","Saeko"
"Sales",33209,"Hambrick","Vasilis"
"Sales",33212,"Erdi","Susuma"
"Sales",33572,"Fargier","Zita"
"Sales",33583,"Hanratty","Yechiam"
"Sales",33793,"Delgrossi","Oldrich"
"Sales",33820,"Suwa","Hisao"
"Sales",33838,"Ranai","Adit"
"Sales",255986,"Scallan","Nalini"
"Sales",33852,"Prochazka","Marek"
"Sales",33865,"Delgrossi","Khaled"
"Sales",256005,"Carrere","Djelloul"
"Sales",33895,"Rosca","Vitali"
"Sales",256023,"Thisen","Masami"
"Sales",33917,"Farrow","Chuanti"
"Sales",34108,"Menhardt","Otilia"
"Sales",34133,"Lyonns","Oscal"
"Sales",256032,"Trogemann","Dmitri"
"Sales",475015,"Rando","Minghong"
"Sales",34197,"Anily","Arif"
"Sales",34215,"Pietrzykowski","Otilia"
"Sales",475003,"Miara","Branimir"
"Sales",474986,"Marchesini","Arco"
"Sales",34273,"Taubenfeld","Sachar"
"Sales",256043,"Pardalos","Aleksander"
"Sales",34398,"Kusakari","Giao"
"Sales",256057,"Khamsi","Shem"
"Sales",34623,"Sabnani","Qingxiang"
"Sales",34627,"Vieri","Sachin"
"Sales",34645,"Ciolek","Manibrata"
"Sales",256105,"Luce","Deborah"
"Sales",34664,"Akazan","Tran"
"Sales",34712,"Slobodova","Younwoo"
"Sales",34722,"Angel","Tze"
"Sales",34751,"Goldhammer","Ziva"
"Sales",474721,"Reistad","Miquel"
"Sales",34941,"Heering","Susanne"
"Sales",474706,"Honglei","Branimir"
"Sales",34960,"Luga","Vasilis"
"Sales",35002,"Katiyar","Debatosh"
"Sales",35012,"Krybus","Noritoshi"
"Sales",474684,"Klyachko","Chinhyun"
"Sales",35019,"Chaudhuri","Conal"
"Sales",35022,"Tibblin","Neelam"
"Sales",256153,"Penz","Danil"
"Sales",474651,"Janetzko","Yongqiao"
"Sales",35094,"Passino","Berhard"
"Sales",474438,"Talmor","Khalil"
"Sales",474434,"Capobianchi","Van"
"Sales",35334,"Vidal","Manton"
"Sales",474430,"Przulj","Kristina"
"Sales",35353,"Nitta","Valdiodio"
"Sales",256724,"Fioravanti","Arco"
"Sales",35616,"Kaltofen","Yonghong"
"Sales",35647,"Pulkowski","Vishv"
"Sales",35682,"Brender","Chriss"
"Sales",256741,"Marrevee","Sumali"
"Sales",35689,"Zhiwei","Chiranjit"
"Sales",35717,"Cooke","Flemming"
"Sales",35724,"Sevcikova","Martien"
"Sales",446934,"Sullins","Naraig"
"Sales",279614,"Herber","Katsuyuki"
"Sales",36007,"Coullard","Radhika"
"Sales",36064,"Vieri","Uma"
"Sales",36073,"Gire","Shirish"
"Sales",256767,"Kitsuregawa","Tesuya"
"Sales",474346,"Maccarone","Hyuncheol"
"Sales",474341,"Valiente","Marin"
"Sales",36219,"Minakawa","Vivian"
"Sales",473765,"Lunt","Mori"
"Sales",36264,"Aamodt","Sariel"
"Sales",36274,"Gihr","Younwoo"
"Sales",36318,"Ghazalie","Michaela"
"Sales",36379,"Maccarone","Gretta"
"Sales",36410,"Steenbeek","Navin"
"Sales",256887,"Pelc","Candido"
"Sales",446900,"Mayerwieser","Monique"
"Sales",473681,"Ghalwash","Morris"
"Sales",36623,"Gecseg","Rosine"
"Sales",256921,"Whittlesey","Munehiro"
"Sales",36662,"Bennet","Dhritiman"
"Sales",36678,"Spataro","Adil"
"Sales",36698,"Shackel","Aksel"
"Sales",445670,"Ratnaker","Gio"
"Sales",473655,"Trumbly","Sailaja"
"Sales",36776,"Maliniak","Sushant"
"Sales",36787,"Paciorek","Geoffry"
"Sales",36817,"Zeilberger","Wanqing"
"Sales",473649,"Schmezko","Pranjal"
"Sales",36863,"Vecchio","Elgin"
"Sales",257051,"Norsworthy","Remzi"
"Sales",473439,"Sethi","Kristina"
"Sales",37142,"Chaudhury","Tayeb"
"Sales",37147,"Christ","Jiann"
"Sales",37237,"Valiente","Zito"
"Sales",37245,"Gyimothy","Along"
"Sales",257065,"Merey","Subhash"
"Sales",37267,"Falster","Itzchak"
"Sales",473411,"Leaver","Piyush"
"Sales",473407,"Brickell","Hatim"
"Sales",37507,"Quittner","Kamran"
"Sales",37514,"Bale","Toshimitsu"
"Sales",37555,"Stroustrup","Leni"
"Sales",473345,"Chimia","Chinhyun"
"Sales",37604,"McClure","Hugh"
"Sales",37814,"Salvesen","Adel"
"Sales",279661,"Bach","Xiadong"
"Sales",37917,"Bashian","Zeljko"
"Sales",445604,"Ouhyoung","Thanasis"
"Sales",38187,"Segond","Guenter"
"Sales",38204,"Azadmanesh","Jianwen"
"Sales",38248,"Mahnke","Jaroslava"
"Sales",38508,"Vasanthakumar","Mokhtar"
"Sales",257222,"Ciolek","Dung"
"Sales",279690,"Birge","Khoa"
"Sales",472397,"Matzel","Danco"
"Sales",38710,"Papastamatiou","Shimshon"
"Sales",440489,"Cannata","Niranjan"
"Sales",472388,"Senzako","Demos"
"Sales",257267,"Rodier","Kwangsub"
"Sales",472373,"Cummings","Pramod"
"Sales",445586,"Veccia","Somnath"
"Sales",257288,"Whittlesey","Masako"
"Sales",39099,"Berstel","Manibrata"
"Sales",39312,"Cmelik","Goh"
"Sales",445585,"Waymire","Takahira"
"Sales",39348,"Gerlach","Shaleah"
"Sales",39374,"Maierhofer","Zvonko"
"Sales",257313,"Bain","Chuanti"
"Sales",39628,"Demri","Itzchak"
"Sales",39645,"Nicolson","Deniz"
"Sales",39664,"Snyers","Aksel"
"Sales",39680,"Schrooten","Jagoda"
"Sales",40041,"Gimarc","Lijia"
"Sales",40081,"Fadgyas","Djelloul"
"Sales",40088,"Ramsay","Yagil"
"Sales",472013,"Douceur","Phule"
"Sales",40096,"Piazza","Chanjung"
"Sales",40099,"Smailagic","Radhakrishnan"
"Sales",445553,"Imataki","Mayuri"
"Sales",40309,"Mahnke","Kiam"
"Sales",40396,"Narahara","Sachem"
"Sales",471933,"Gips","JoAnne"
"Sales",279737,"Itschner","Goetz"
"Sales",257403,"Gadepally","Masasuke"
"Sales",40685,"Bugrara","Shawna"
"Sales",40693,"Akazan","Serge"
"Sales",40755,"Kamber","Leen"
"Sales",257418,"Baar","Nagui"
"Sales",257423,"Armand","Rimon"
"Sales",471862,"Kisuki","Masali"
"Sales",40865,"Schapiro","Florina"
"Sales",40866,"Deville","Younwoo"
"Sales",257427,"Mullainathan","Mabhin"
"Sales",41129,"Alpin","Teiji"
"Sales",41135,"Garnier","Mori"
"Sales",279777,"Yetim","Dzung"
"Sales",41177,"Anandan","Jolita"
"Sales",257509,"Itschner","Shaowei"
"Sales",41213,"Ponthieu","Urs"
"Sales",41226,"Meriste","Dekang"
"Sales",471807,"Murtagh","Stafford"
"Sales",41279,"Goldhammer","Shem"
"Sales",471609,"Isaak","Leen"
"Sales",471548,"Sessa","Armond"
"Sales",42016,"Rosenbaum","Rajmohan"
"Sales",42042,"Serna","Serif"
"Sales",257525,"Weisert","Chuanyi"
"Sales",42066,"Stassinopoulos","Yishai"
"Sales",42080,"Kalorkoti","Goncalo"
"Sales",42082,"Compeau","Gritta"
"Sales",42115,"Pezzoli","Xiping"
"Sales",42677,"Landherr","Hilary"
"Sales",42706,"Aamodt","Khalid"
"Sales",42708,"Petereit","Hitomi"
"Sales",257529,"Theuretzbacher","Dmitry"
"Sales",42760,"Molberg","Golgen"
"Sales",42980,"Businaro","Karoline"
"Sales",43019,"Oehlmann","Nalini"
"Sales",471495,"Dymetman","Mary"
"Sales",471489,"Iisaku","Aamod"
"Sales",471476,"Mundy","Chinya"
"Sales",43053,"Swick","Sivanarayana"
"Sales",471298,"Segond","Tomofumi"
"Sales",43124,"Rijckaert","Kwee"
"Sales",43592,"Lorin","Oscar"
"Sales",43634,"Dengi","Jinxi"
"Sales",44694,"Falby","Shuky"
"Sales",44712,"Kushnir","Ottavia"
"Sales",44727,"Sidje","Annemarie"
"Sales",44735,"Gurbaxani","Weiye"
"Sales",44760,"Karner","Takahiro"
"Sales",44766,"Minakawa","Pantung"
"Sales",44976,"Birdsall","Aris"
"Sales",279829,"Stille","Iara"
"Sales",45044,"Zaccaria","Sachin"
"Sales",257669,"Terwilliger","Khun"
"Sales",470949,"Angiulli","Jacopo"
"Sales",45754,"Baja","Piyawadee"
"Sales",45766,"Tanemo","Elrique"
"Sales",45784,"Zaumen","Georg"
"Sales",46032,"Cesareni","Eran"
"Sales",46337,"Parfitt","Subir"
"Sales",257714,"Thibadeau","Keung"
"Sales",46361,"Engberts","Mang"
"Sales",46369,"Waschkowski","Genta"
"Sales",445393,"Rosca","Parto"
"Sales",46387,"Dulin","Margareta"
"Sales",46411,"Peron","Jongsuk"
"Sales",470915,"Sudkamp","Heon"
"Sales",46426,"Welham","Gina"
"Sales",46450,"Zschoche","Arnd"
"Sales",46660,"Kambil","Arra"
"Sales",46698,"Ritcey","Xinan"
"Sales",46705,"Rusmann","Visit"
"Sales",46718,"Gammage","Vasilii"
"Sales",46767,"Milicia","Bedrich"
"Sales",46791,"Zizka","Marl"
"Sales",46999,"Comte","Ulises"
"Sales",47046,"Schonegge","Sariel"
"Sales",47049,"Auyong","Jiang"
"Sales",470846,"Adachi","Frazer"
"Sales",47077,"Munawer","Qingxiang"
"Sales",279863,"Kavvadias","Uri"
"Sales",47089,"Guardalben","Radhia"
"Sales",47116,"Rosar","Oscar"
"Sales",47121,"Hiyoshi","Mong"
"Sales",470760,"Mandelberg","Nigel"
"Sales",257775,"Krohn","Shiv"
"Sales",47353,"Welham","Kendra"
"Sales",47380,"Schmittgen","Lein"
"Sales",470704,"Karlin","Claudi"
"Sales",47430,"Guerreiro","Bogdan"
"Sales",47463,"Chandrasekhar","Shahab"
"Sales",47492,"Hammerschmidt","Mokhtar"
"Sales",47505,"Hockney","Tiina"
"Sales",470667,"Rossi","Amabile"
"Sales",47530,"Heyers","Xiaoshan"
"Sales",279899,"Falster","Maia"
"Sales",445381,"Solovay","Heekeun"
"Sales",47593,"Awdeh","Christfried"
"Sales",470663,"Rosis","Sudharsan"
"Sales",47595,"Bierman","Hyuckchul"
"Sales",470639,"Thebaut","Xiaoqiang"
"Sales",47902,"Orlowska","Visit"
"Sales",470633,"Stanfel","Sadok"
"Sales",257895,"Serre","Subir"
"Sales",47972,"Merks","Feixiong"
"Sales",48160,"Feinberg","Shooichi"
"Sales",48173,"Cooley","Ziya"
"Sales",470530,"Clouatre","Evgueni"
"Sales",48189,"Legleitner","Jaewon"
"Sales",257947,"Picel","Keung"
"Sales",257956,"McClure","Jaihie"
"Sales",48307,"Vingron","Janche"
"Sales",48532,"Skogmar","Gal"
"Sales",48538,"Thummel","Yinlin"
"Sales",470469,"Flowers","Cullen"
"Sales",470456,"Oehlmann","Reuven"
"Sales",48562,"Cmelik","Tokuyasu"
"Sales",257966,"Bashian","Krassimir"
"Sales",48600,"McAlpine","Candida"
"Sales",48601,"Hanabata","Ramachenga"
"Sales",48611,"Haldar","Akeno"
"Sales",48633,"Ranst","Chikako"
"Sales",48641,"Murtagh","Toney"
"Sales",445301,"Weedon","Nahid"
"Sales",470415,"Marletta","Zito"
"Sales",48858,"Hertweck","Manohar"
"Sales",48863,"Linnainmaa","Odinaldo"
"Sales",48928,"Atchley","Shai"
"Sales",48968,"Panienski","Harngdar"
"Sales",258011,"Berztiss","Ramya"
"Sales",48986,"Matzel","Margo"
"Sales",49173,"Lanteri","Chikara"
"Sales",258050,"Raney","Qiwen"
"Sales",49202,"Chiola","Zhaofang"
"Sales",49215,"Brandsma","Tomofumi"
"Sales",445286,"Chinal","Mona"
"Sales",49269,"Seuren","Steve"
"Sales",470381,"Keustermans","Jaihie"
"Sales",470379,"Conti","Pintsang"
"Sales",49496,"Butner","Jaewoo"
"Sales",49500,"Mitchem","Sadun"
"Sales",258070,"Ozeki","Shigeo"
"Sales",470341,"Khasidashvili","Dinah"
"Sales",49599,"Gente","Pradeep"
"Sales",49661,"Hertweck","Augustine"
"Sales",470318,"Kolinko","Remmert"
"Sales",49722,"Shimshoni","Aris"
"Sales",258131,"Kohling","Souichi"
"Sales",49762,"Uchoa","Heeju"
"Sales",258183,"Benveniste","Paloma"
"Sales",49782,"Milicia","Barna"
"Sales",49811,"Kavanagh","Toshiki"
"Sales",470275,"Tzvieli","JoAnne"
"Sales",50002,"Gecsel","Dannz"
"Sales",470264,"Undy","Premal"
"Sales",50072,"Schnabel","Vincent"
"Sales",50077,"Aseltine","Lorien"
"Sales",258222,"Klerer","Arunachalam"
"Sales",50089,"Budinsky","Chinho"
"Sales",470258,"Halevi","Shem"
"Sales",470247,"Serna","Leah"
"Sales",50125,"Krybus","Surveyors"
"Sales",50362,"Terekhov","Felicidad"
"Sales",470233,"Einsfeld","Kamakshi"
"Sales",50383,"Gihr","Arco"
"Sales",470209,"Laurillard","Persi"
"Sales",50678,"Chepyzhov","Udaiprakash"
"Sales",445242,"Conia","Goh"
"Sales",470186,"Shigei","Dante"
"Sales",50716,"Boissier","Jaideep"
"Sales",50723,"Leijenhorst","Geraldo"
"Sales",258275,"Fiebach","Fun"
"Sales",258297,"Stenning","Lijie"
"Sales",51004,"Ozeki","Jinya"
"Sales",258299,"Prochazka","Bluma"
"Sales",470146,"Quittner","Elrique"
"Sales",470141,"Lieberherr","Achilleas"
"Sales",51106,"Cusworth","Magy"
"Sales",51110,"Petersohn","Youjian"
"Sales",51127,"Lorie","Mohan"
"Sales",470099,"Lueh","Xiping"
"Sales",51165,"Anily","Kazuyasu"
"Sales",51378,"Compeau","Kensei"
"Sales",51396,"Bashian","Erez"
"Sales",444980,"Rehfuss","Shih"
"Sales",444932,"Parfitt","Boaz"
"Sales",258511,"Karnin","Sven"
"Sales",51473,"Hiyoshi","Jianhua"
"Sales",51554,"Babb","Sariel"
"Sales",51556,"Lamma","Tsz"
"Sales",280005,"Pavlopoulou","Adit"
"Sales",51585,"Siepmann","Udi"
"Sales",51601,"Eastman","Hailing"
"Sales",51643,"Erie","Sham"
"Sales",291732,"Schade","Lihong"
"Sales",51911,"Chiodo","Miomir"
"Sales",51979,"Hiroyama","Alair"
"Sales",51990,"Schaft","Flemming"
"Sales",470005,"Dulin","Heping"
"Sales",52304,"Erbe","Huei"
"Sales",52546,"Pocchiola","Sachio"
"Sales",258655,"Seghrouchni","Shaowei"
"Sales",469967,"Bodoff","Gift"
"Sales",52620,"Perin","Muneo"
"Sales",52635,"Jording","Tadahiko"
"Sales",52636,"Kolinko","Leucio"
"Sales",52644,"Picci","Geoffrey"
"Sales",444910,"Feinberg","Shaibal"
"Sales",258847,"Cummings","Yongqiao"
"Sales",52853,"Velasco","Kerryn"
"Sales",52867,"Lindenbaum","Yishay"
"Sales",258851,"Chvatal","Utpal"
"Sales",52881,"Rosenbaum","JoAnna"
"Sales",469917,"Sgarro","Katsuyuki"
"Sales",469895,"Heusch","Lein"
"Sales",52975,"Perl","Ebru"
"Sales",53004,"Pelc","Hideo"
"Sales",258899,"Farris","Naftaly"
"Sales",53210,"Kalloufi","Odoardo"
"Sales",280042,"Pezzoli","Berthier"
"Sales",469890,"Cardazo","Barna"
"Sales",53227,"Jenevein","Shugo"
"Sales",280048,"Cheshire","Eishiro"
"Sales",53342,"Fioravanti","Genevieve"
"Sales",258921,"Reistad","Masato"
"Sales",53536,"Nastansky","Khun"
"Sales",258940,"Leivant","Wanqing"
"Sales",53648,"Plump","Akeel"
"Sales",258955,"Pollock","Serenella"
"Sales",444879,"Rathonyi","Adil"
"Sales",53759,"Antonisse","Jeong"
"Sales",53761,"Litzkow","Shooichi"
"Sales",444873,"Siochi","Percy"
"Sales",53814,"Rajala","Odoardo"
"Sales",258957,"Fortenbacher","Hilari"
"Sales",54091,"Menhardt","Peternela"
"Sales",54105,"Peck","Hidefumi"
"Sales",54123,"Bahk","Kien"
"Sales",54128,"Malinowski","Khalid"
"Sales",54176,"Cannane","Matt"
"Sales",54181,"Benveniste","Neven"
"Sales",259191,"Talmon","Suvo"
"Sales",54412,"Uludag","Ghassan"
"Sales",469708,"Tagansky","Shaz"
"Sales",54444,"Ranft","Sadok"
"Sales",54475,"Staylopatis","Dinkar"
"Sales",54495,"Kaltofen","Elliott"
"Sales",54499,"Yurek","Palash"
"Sales",54746,"Liesche","Ramzi"
"Sales",54757,"Birjandi","Reinhold"
"Sales",469638,"Gaughan","Zhonghui"
"Sales",54766,"Hiyoshi","Adhemar"
"Sales",259210,"Munoz","Thanasis"
"Sales",54788,"Tokunaga","Prasadram"
"Sales",54801,"Chinal","Uri"
"Sales",54810,"Bojadziev","Dharmaraja"
"Sales",469574,"Antonakopoulos","Basil"
"Sales",55362,"Picht","Boriana"
"Sales",55385,"Brobst","Nobuyoshi"
"Sales",55484,"Bednarek","Gilbert"
"Sales",55486,"Bashian","Bedir"
"Sales",55532,"Brobst","Beshir"
"Sales",55559,"Pocchiola","Shmuel"
"Sales",55603,"Valette","Otmar"
"Sales",55635,"Flanders","Bogdan"
"Sales",280061,"Deyuan","Marlo"
"Sales",469525,"Randi","Raimond"
"Sales",55859,"Jahnichen","Sachio"
"Sales",55874,"Aloia","Younwoo"
"Sales",469518,"Thimonier","Aamod"
"Sales",259393,"Shackel","Foong"
"Sales",56206,"Fujisawa","Vishu"
"Sales",56314,"Morrey","Bowen"
"Sales",56321,"Pfau","Gen"
"Sales",291226,"Lieblein","Alois"
"Sales",280102,"Selenyi","Muneo"
"Sales",469436,"Hooghiemstra","Youjian"
"Sales",56527,"Gonthier","Weiwu"
"Sales",56581,"Cappello","Zhenbing"
"Sales",56592,"Gurbaxani","Kazuhito"
"Sales",56618,"Alpay","Vidar"
"Sales",56619,"Rubsam","Turgut"
"Sales",259464,"Perri","Tonia"
"Sales",469413,"Bratsberg","Arfst"
"Sales",440300,"Thummel","Aloys"
"Sales",56693,"Halloran","Vesna"
"Sales",56886,"Papsdorf","Sadok"
"Sales",56921,"Roccetti","JoAnne"
"Sales",56948,"Matzen","Shmuel"
"Sales",56961,"Peyn","Guoxiang"
"Sales",56983,"Bamford","Sajjan"
"Sales",259506,"Scharstein","Geraldo"
"Sales",57007,"Halloran","Ramya"
"Sales",259516,"Bauknecht","Janche"
"Sales",57259,"Fargier","Vivian"
"Sales",57287,"Radhakrishnan","Bluma"
"Sales",280109,"Reistad","Luerbio"
"Sales",57345,"Merkl","Golgen"
"Sales",57356,"Nishimukai","Petter"
"Sales",440257,"Lammel","Reinhold"
"Sales",57596,"Schahn","Shigehito"
"Sales",57598,"Heinisuo","Lokesh"
"Sales",57652,"Beidas","Sadun"
"Sales",444153,"Zultner","Heather"
"Sales",57688,"Hofting","Mariangiola"
"Sales",259582,"Bugrara","Yuichiro"
"Sales",57775,"Swiss","Ziva"
"Sales",259589,"Pelc","Oddvar"
"Sales",469333,"Perko","Masaru"
"Sales",58075,"Rosiles","Niteen"
"Sales",259626,"Ossenbruggen","Weiyi"
"Sales",58091,"Erbe","Reuven"
"Sales",58132,"Kawashimo","Zdislav"
"Sales",58160,"Zhiwei","Xinglin"
"Sales",259649,"Comellas","Suzette"
"Sales",58186,"Morrey","Vesna"
"Sales",259655,"Milicic","Armond"
"Sales",58226,"Gill","Ayonca"
"Sales",58351,"Cannard","Chenye"
"Sales",58362,"Randi","Raimond"
"Sales",58368,"Jenevein","Danai"
"Sales",259670,"Eastman","Arumugam"
"Sales",58407,"Mandell","Tuval"
"Sales",58469,"Flanders","Kazuhiko"
"Sales",58476,"Shigei","Yakichi"
"Sales",58490,"Navazio","Toshiko"
"Sales",58713,"Kenevan","Terresa"
"Sales",469175,"Beausoleil","Mototsugu"
"Sales",58733,"Spataro","Conor"
"Sales",58739,"Christianini","Moie"
"Sales",58790,"Zockler","Peternela"
"Sales",469153,"Masaki","Gad"
"Sales",58791,"Nooteboom","Yongqiao"
"Sales",58806,"Naumovich","Shakhar"
"Sales",58823,"Pleszkun","Feiyu"
"Sales",58871,"Shimshoni","Gennady"
"Sales",59039,"Gornas","Martijn"
"Sales",59051,"Bardell","Guoxiang"
"Sales",59062,"Jiang","Chaitali"
"Sales",59111,"Shinomoto","Takahiro"
"Sales",59117,"Kobuchi","Akhilish"
"Sales",59182,"Hockney","Susanne"
"Sales",259737,"Rosti","Jeong"
"Sales",469108,"Bashian","Constantino"
"Sales",59390,"Greibach","Patricio"
"Sales",469090,"Setlzner","Jamaludin"
"Sales",59436,"Flasterstein","Xiahua"
"Sales",469055,"Pettis","Bouchung"
"Sales",259754,"Gihr","Richard"
"Sales",59480,"Esteva","Giordano"
"Sales",259765,"Irland","Takahiro"
"Sales",469046,"Herber","Abdelaziz"
"Sales",59514,"Camarinopoulos","Palash"
"Sales",59604,"Simmel","Aamod"
"Sales",59618,"Binkley","Alenka"
"Sales",280144,"Dichev","Kristine"
"Sales",280189,"Sooriamurthi","Sashi"
"Sales",59693,"Penz","Cedric"
"Sales",59720,"Picaronny","Leni"
"Sales",59725,"Haddadi","Zhensheng"
"Sales",59755,"Ibel","Taiji"
"Sales",468929,"Yetim","JoAnna"
"Sales",468906,"Koshiba","Raimond"
"Sales",259816,"Chenoweth","Sashi"
"Sales",59862,"Radhakrishnan","Jiang"
"Sales",59875,"Pargas","Arup"
"Sales",59882,"Geffroy","Shahab"
"Sales",468849,"Chachaty","Masali"
"Sales",59980,"Sifakis","Tua"
"Sales",59999,"Spataro","Piyush"
"Sales",259834,"Sambasivam","Fay"
"Sales",468793,"Kuhnemann","Zeljko"
"Sales",60238,"Claffy","Erzsebet"
"Sales",60326,"Antonakopoulos","Gudjon"
"Sales",60330,"Kamber","Amstein"
"Sales",260011,"Falck","Rosalie"
"Sales",438633,"Merks","Chinhyun"
"Sales",260026,"Katalagarianos","Munenori"
"Sales",468778,"Emiris","Brigham"
"Sales",60556,"Remmers","Nechama"
"Sales",60565,"Haumacher","Ramya"
"Sales",60605,"Maginnis","Aksel"
"Sales",280210,"Plavsic","Demos"
"Sales",60615,"Pollacia","Guozhong"
"Sales",291236,"Vernadat","Yucel"
"Sales",468767,"Maginnis","Hongzhu"
"Sales",60745,"Gischer","Roddy"
"Sales",260088,"Aloisi","Frazer"
"Sales",60781,"Montresor","Kasturi"
"Sales",60790,"Fioravanti","Somnath"
"Sales",60797,"Highland","Jagoda"
"Sales",60823,"Parfitt","Kazuhiro"
"Sales",260110,"Sidou","Yefim"
"Sales",60904,"Gelosh","Tomokazu"
"Sales",60944,"Pepe","Renee"
"Sales",60957,"Thorensen","Janche"
"Sales",60959,"Sridhar","Tetsushi"
"Sales",260131,"Delgrossi","Hugh"
"Sales",60991,"Murthy","Ung"
"Sales",61029,"dAstous","Lenore"
"Sales",260155,"Hagimont","Ipke"
"Sales",260177,"Francisci","Sanjoy"
"Sales",468633,"Seghrouchni","Martial"
"Sales",61143,"Kalorkoti","Susanna"
"Sales",61151,"Curless","Baocai"
"Sales",468629,"Heydon","Arno"
"Sales",61185,"Zielinski","Aria"
"Sales",260184,"Kornatzky","Pintsang"
"Sales",61260,"Nollmann","Howell"
"Sales",61265,"Peron","Anyuan"
"Sales",61316,"Farris","Foong"
"Sales",444034,"Bernardeschi","Jackson"
"Sales",260241,"Thorelli","Shrikanth"
"Sales",61389,"Trachtenberg","Kristine"
"Sales",61396,"Nastansky","Hairong"
"Sales",468508,"Famili","Lunjin"
"Sales",61446,"Yurek","Tayeb"
"Sales",61557,"Esteva","Duke"
"Sales",468491,"Makrucki","Kristinn"
"Sales",61613,"Nivat","Radhika"
"Sales",61626,"Dulay","Mohit"
"Sales",61665,"Pouyioutas","Brigham"
"Sales",260318,"Pargaonkar","Charlene"
"Sales",61713,"Himler","Chanjung"
"Sales",260358,"Junet","Kolar"
"Sales",61911,"Imataki","Naftaly"
"Sales",468413,"Herber","Randi"
"Sales",61917,"Grospietsch","Izaskun"
"Sales",61919,"Marrakchi","Qunsheng"
"Sales",260384,"Jonsson","Danel"
"Sales",468378,"Passafiume","Mrinalini"
"Sales",62136,"Hoogerwoord","Yuuichi"
"Sales",62148,"Deyuan","Edwin"
"Sales",468375,"Trumbly","Niclas"
"Sales",260426,"Jakobus","Mostafa"
"Sales",62200,"McFarlin","Sigeru"
"Sales",62240,"Hertweck","Jouko"
"Sales",62353,"Benveniste","Munehiko"
"Sales",62356,"Mandell","IEEE"
"Sales",62362,"Serre","Tadahiko"
"Sales",62594,"Shumilov","Pintsang"
"Sales",468309,"Lichtman","Garnik"
"Sales",62619,"Maginnis","Hsiangchu"
"Sales",62622,"Kushner","Yishai"
"Sales",62628,"Griswold","Steen"
"Sales",62643,"Skafidas","Poornachandra"
"Sales",62661,"Badr","Berto"
"Sales",468267,"Mitzlaff","Michaela"
"Sales",62807,"Billingsley","Gao"
"Sales",468222,"Stranks","Chanjung"
"Sales",62815,"Lorch","Jenwei"
"Sales",62839,"Fordan","Khosrow"
"Sales",283954,"Feldhoffer","Khedija"
"Sales",63079,"Warwick","Nakhoon"
"Sales",63113,"Bahl","Deniz"
"Sales",468129,"Hanratty","Tzvetan"
"Sales",468122,"Vieth","Sarita"
"Sales",63186,"Cusworth","Moon"
"Sales",444001,"Falco","Armond"
"Sales",260504,"Deverell","Khun"
"Sales",63423,"Herbst","Marco"
"Sales",63438,"Herbst","Gilbert"
"Sales",63460,"Hinsberger","Heng"
"Sales",468119,"Azadmanesh","Pintsang"
"Sales",63469,"Ossenbruggen","Jaques"
"Sales",468107,"Harnett","Xiaoheng"
"Sales",63499,"Wegerle","Arif"
"Sales",63516,"Steinauer","Toshimitsu"
"Sales",443966,"Rosti","Houman"
"Sales",260553,"Gill","Karlis"
"Sales",63807,"Cromarty","Taizo"
"Sales",443942,"Heystek","Kwan"
"Sales",260574,"Mundy","Hitomi"
"Sales",63869,"Piancastelli","Oddvar"
"Sales",63890,"Maginnis","Zorica"
"Sales",64577,"Siprelle","Pintsang"
"Sales",64603,"Malinowski","Tsz"
"Sales",64631,"Matheson","Sadegh"
"Sales",64633,"Schauser","Oscar"
"Sales",260605,"Morrin","Jiafu"
"Sales",260613,"Marletta","Stevo"
"Sales",260616,"Herath","Amalendu"
"Sales",284014,"Broomell","Mizuhito"
"Sales",64796,"Auria","Xiadong"
"Sales",64828,"Pappas","Krister"
"Sales",64838,"Vasanthakumar","Heng"
"Sales",64860,"Oxman","Kolar"
"Sales",260631,"Harllee","Adin"
"Sales",64897,"Denna","Aksel"
"Sales",284017,"Godskesen","TRUE"
"Sales",65156,"VanScheik","Bikash"
"Sales",65173,"Binkley","Karlis"
"Sales",260650,"Usdin","Hailing"
"Sales",468016,"Cappelli","Jiong"
"Sales",65225,"Zaiane","Trygve"
"Sales",260686,"Poujol","Ashish"
"Sales",260687,"Matzov","Jolita"
"Sales",65267,"Furedi","Shietung"
"Sales",65276,"Suermann","Jiakeng"
"Sales",468006,"Gewali","Sajjan"
"Sales",65324,"Serov","Hiroyasu"
"Sales",468004,"Koblick","Sanjoy"
"Sales",284031,"Naudin","Tetsushi"
"Sales",260711,"Szmurlo","Martine"
"Sales",260725,"Fujisaki","Thodoros"
"Sales",284038,"Shiratori","Masanao"
"Sales",65703,"Genther","Taegyun"
"Sales",260732,"Feinberg","Adel"
"Sales",65798,"Tyugu","Shugo"
"Sales",467956,"Heering","Masato"
"Sales",65857,"England","Deborah"
"Sales",467948,"Uhrig","Radhika"
"Sales",65987,"Oberman","Nathalie"
"Sales",467905,"Oxenboll","Lubomir"
"Sales",66011,"Zlotek","Zhenbing"
"Sales",66248,"Besselaar","Sangeeta"
"Sales",467893,"Cannard","Lena"
"Sales",66249,"Encarnacion","Jeanne"
"Sales",443777,"Albarhamtoshy","Lena"
"Sales",66257,"Ranum","Genevieve"
"Sales",66261,"Serna","Baruch"
"Sales",260862,"Aseltine","Dietrich"
"Sales",260872,"Hatcliff","Jingling"
"Sales",443764,"Vilarrasa","Pranav"
"Sales",260877,"Cooke","Munenori"
"Sales",260884,"Pokrovskii","Anneke"
"Sales",467881,"Reinhard","Masoud"
"Sales",66399,"Dredge","Tsz"
"Sales",467856,"Karunanithi","Tesuya"
"Sales",66468,"Chappelet","Weiyi"
"Sales",260895,"Templeman","Prasadram"
"Sales",66574,"Murillo","Bernd"
"Sales",260916,"Christ","Garnik"
"Sales",260917,"Gruenwald","Mantis"
"Sales",66656,"Ozeki","Naftaly"
"Sales",66665,"Bharadwaj","Toshiki"
"Sales",467822,"Khasidashvili","Akemi"
"Sales",66687,"Simmen","Kien"
"Sales",260935,"Yoshimura","Sachin"
"Sales",260942,"Irland","Valdiodio"
"Sales",66733,"Puppe","Sachem"
"Sales",260949,"Oberman","Sudharsan"
"Sales",284048,"Litecky","Moheb"
"Sales",443750,"Birjandi","Trygve"
"Sales",67004,"Szemeredi","Dhritiman"
"Sales",260995,"Hagimont","Martijn"
"Sales",67121,"Randi","Martins"
"Sales",67136,"Anger","Sariel"
"Sales",67210,"Cusworth","Abdelaziz"
"Sales",443733,"Welham","Volkmar"
"Sales",67223,"Perz","Pascal"
"Sales",67449,"Hartvigsen","Sariel"
"Sales",67459,"Armand","Rajmohan"
"Sales",467710,"Oskamp","Kenroku"
"Sales",67609,"Berztiss","Poornachandra"
"Sales",67615,"Assaf","Monique"
"Sales",467684,"Valtorta","Eran"
"Sales",67678,"Lowrie","Dietrich"
"Sales",67725,"Mitchem","Bodh"
"Sales",284096,"Wolniewicz","Fabrizio"
"Sales",67747,"Magalhaes","Taiji"
"Sales",261082,"Oskamp","Brigham"
"Sales",467638,"Scharstein","Ziya"
"Sales",67819,"McFarlan","Hairong"
"Sales",261134,"Fabrizio","Alois"
"Sales",68237,"Thiran","Candida"
"Sales",261136,"Joslin","Vishv"
"Sales",68329,"Klerer","Marko"
"Sales",68355,"Ranai","Deniz"
"Sales",68370,"Willoner","Jianhui"
"Sales",68400,"Waschkowski","Sorina"
"Sales",68607,"Zallocco","Xuejia"
"Sales",467435,"Bauknecht","Adly"
"Sales",68637,"Danley","Sibyl"
"Sales",68728,"Shihab","Tesuya"
"Sales",68760,"Marchegay","Gully"
"Sales",261366,"Zielinski","Guadalupe"
"Sales",68803,"Ranon","Achilleas"
"Sales",291303,"Litzkow","Pasqua"
"Sales",68850,"Nastansky","Fan"
"Sales",68868,"Garnham","Vojin"
"Sales",68880,"Assaf","Elvis"
"Sales",68899,"Zallocco","Tomokazu"
"Sales",68903,"Argence","Anestis"
"Sales",261417,"Hennings","Sibyl"
"Sales",467287,"Schahn","Geoff"
"Sales",467215,"Oxenboll","Guttorm"
"Sales",69083,"Castellani","Chaitali"
"Sales",261426,"Flasterstein","Chanjung"
"Sales",69306,"DeMori","Macha"
"Sales",69328,"Valette","Olivera"
"Sales",467207,"Perry","Tokuyasu"
"Sales",69380,"Geffroy","Margareta"
"Sales",69415,"Bazzichi","Xiping"
"Sales",69431,"Spataro","Arie"
"Sales",467198,"Zaiane","Lijie"
"Sales",467187,"Vigier","Leon"
"Sales",69543,"Leppanen","Shan"
"Sales",467130,"Passafiume","Cristinel"
"Sales",69555,"Sabnani","Golgen"
"Sales",467102,"Underwood","Bartek"
"Sales",261502,"Peternell","Arve"
"Sales",467093,"Hennings","Gritta"
"Sales",69777,"Bain","Troy"
"Sales",261508,"Benzmuller","Zeljko"
"Sales",69804,"Zeidenstein","Yuriy"
"Sales",467077,"Chorvat","Tayeb"
"Sales",69836,"Czaja","Gad"
"Sales",69849,"Hebden","Niteen"
"Sales",261569,"Albarhamtoshy","Thodoros"
"Sales",69921,"Isaac","Steve"
"Sales",69959,"Honiden","Tsuneo"
"Sales",467015,"Ratzlaff","Soenke"
"Sales",69993,"Silva","Anwar"
"Sales",467005,"Ramsay","Chenyi"
"Sales",70015,"Asrin","Luerbio"
"Sales",70030,"Pollacia","Shigenori"
"Sales",70033,"Ruemmler","Gregory"
"Sales",70070,"Ellozy","Kerhong"
"Sales",70071,"Vigier","Hironoby"
"Sales",466999,"Harllee","Zhenhua"
"Sales",70491,"Zongker","Saeed"
"Sales",70504,"Merey","JiYoung"
"Sales",261606,"Sooriamurthi","Souichi"
"Sales",261609,"Rosis","Tran"
"Sales",443606,"Rousseau","Naftali"
"Sales",70577,"Ramsey","Charlene"
"Sales",70606,"Munch","Seshu"
"Sales",466930,"Schmittgen","Volkmar"
"Sales",70617,"Melichar","Kasidit"
"Sales",261718,"Falster","Sadegh"
"Sales",70689,"Kavraki","Beshir"
"Sales",70694,"Belinskaya","Tesuya"
"Sales",466928,"Heystek","Eishiro"
"Sales",70706,"Gadepally","Masanao"
"Sales",466914,"Fairtlough","Mingdong"
"Sales",466825,"Heydon","Arco"
"Sales",70744,"Mitchem","Nadjib"
"Sales",70757,"Lorie","Arvin"
"Sales",71286,"Luft","Hauke"
"Sales",71304,"Billawala","Xuejun"
"Sales",71306,"Jayawardene","Heon"
"Sales",71409,"Gerteisen","Narain"
"Sales",466755,"Gill","Zhongwei"
"Sales",71959,"Speer","Jianhua"
"Sales",71987,"Zirintsis","Shahid"
"Sales",261801,"Kinley","Van"
"Sales",72081,"Senzako","Emdad"
"Sales",72084,"Ligten","Miquel"
"Sales",466680,"Anily","Udaiprakash"
"Sales",72446,"Talmor","Apostol"
"Sales",72469,"Clouatre","Peternela"
"Sales",72503,"Aloisi","Piyawadee"
"Sales",72511,"Krogh","Kwok"
"Sales",72515,"Ullian","Diederik"
"Sales",72557,"Katzenelson","Werner"
"Sales",72563,"Zastre","Marla"
"Sales",72595,"Vendrig","Krisda"
"Sales",72635,"Chachaty","Conrado"
"Sales",72668,"Marchegay","Miomir"
"Sales",72680,"Strehl","Kien"
"Sales",72681,"Hofstetter","Licheng"
"Sales",291323,"Maksimenko","Ghassan"
"Sales",72693,"Gadepally","Zhaofang"
"Sales",72699,"Gips","Percy"
"Sales",72723,"Danlos","Arve"
"Sales",466475,"Piveteau","Zijian"
"Sales",72941,"Lueh","Shai"
"Sales",72981,"Imataki","Chanjung"
"Sales",73006,"Schiper","Shiv"
"Sales",466468,"Granlund","Irena"
"Sales",73073,"Tomescu","Sumali"
"Sales",73075,"Muchinsky","Xuedong"
"Sales",73103,"Norsworthy","Hironoby"
"Sales",73107,"Xiaoshan","Lucian"
"Sales",443584,"Kobuchi","Tooru"
"Sales",443574,"Denna","Duke"
"Sales",73232,"Carrere","Xiaoshan"
"Sales",261894,"Versino","Nechama"
"Sales",466345,"Sluis","Baoqiu"
"Sales",73497,"Huhdanpaa","Sibyl"
"Sales",73548,"Pena","Margareta"
"Sales",466304,"Breugel","Dipankar"
"Sales",73972,"Biron","Makato"
"Sales",73982,"Poehlman","Kitty"
"Sales",74044,"Kriebel","Augustine"
"Sales",261943,"Benzmuller","Tesuya"
"Sales",74092,"Zongker","Tadanori"
"Sales",261965,"Stellhorn","Kien"
"Sales",74620,"Marciano","Cordelia"
"Sales",291330,"Ligten","Mona"
"Sales",74668,"Bonifati","Masako"
"Sales",74704,"Picco","Navin"
"Sales",262006,"Sherertz","Steve"
"Sales",74779,"Thibadeau","Beshir"
"Sales",466204,"Pocchiola","Tsutomu"
"Sales",466199,"Camurati","Diederik"
"Sales",74831,"Kabayashi","Kwee"
"Sales",262186,"Morrin","Maia"
"Sales",74847,"Chepyzhov","LiMin"
"Sales",438610,"Dulin","Soenke"
"Sales",287792,"Alpin","Tremaine"
"Sales",74886,"Hmelo","Doohun"
"Sales",74892,"Chepyzhov","Sanjoy"
"Sales",466154,"Kakkad","Shawna"
"Sales",466153,"Mitina","Kazuhiro"
"Sales",262204,"Syrzycki","Hironoby"
"Sales",262216,"Auria","Ennio"
"Sales",75114,"Ladret","Lillian"
"Sales",288812,"Deverell","Cristinel"
"Sales",262242,"Redmiles","Arvind"
"Sales",466136,"Brizzi","Shaunak"
"Sales",75186,"Miyakawa","Filipp"
"Sales",262328,"Vural","Mayuko"
"Sales",75273,"Strehl","Anyuan"
"Sales",75465,"Cromarty","Murthy"
"Sales",288836,"Dengi","Mamdouh"
"Sales",262342,"Ladret","Diederik"
"Sales",75530,"Beutelspacher","Martial"
"Sales",288840,"Christ","Pohua"
"Sales",75544,"Gonthier","Zhongwei"
"Sales",75555,"Scharstein","Masali"
"Sales",466115,"Ranst","Piyawadee"
"Sales",75789,"Pena","Shigehito"
"Sales",466073,"Karner","Sigeru"
"Sales",466059,"Bellone","Mototsugu"
"Sales",288846,"Krupka","Ramzi"
"Sales",466038,"Tokunaga","Etsuo"
"Sales",76217,"Hiroyama","Ranan"
"Sales",76225,"Zumaque","Dinkar"
"Sales",76256,"Borstler","Yolla"
"Sales",76257,"Bratten","Yannik"
"Sales",76346,"Molenaar","Zhanqiu"
"Sales",262410,"Basagni","Chiranjit"
"Sales",443466,"Ranai","Susanta"
"Sales",288847,"Kalafatis","Guenter"
"Sales",262467,"Cincotta","Muneo"
"Sales",262472,"Gips","Hugh"
"Sales",82483,"Woycyznski","Nitsan"
"Sales",288848,"Hennebert","Vivian"
"Sales",465968,"Matzat","Sasan"
"Sales",82597,"Chandrasekhar","Armond"
"Sales",82614,"Segond","Hiroyasu"
"Sales",288873,"Fendler","Djelloul"
"Sales",443450,"Denti","Shawna"
"Sales",465857,"Peron","Nahla"
"Sales",82904,"Buescher","Boalin"
"Sales",82933,"Zobel","Tesuya"
"Sales",82945,"Merle","Bodo"
"Sales",291356,"Anger","Hironoby"
"Sales",83186,"Rando","Petter"
"Sales",83204,"Hennebert","Pranav"
"Sales",83207,"Erni","Odoardo"
"Sales",83219,"Erman","Shen"
"Sales",83224,"Seuren","Alselm"
"Sales",438600,"Stellhorn","Jiafu"
"Sales",440064,"Tiemann","Hein"
"Sales",83574,"Masamoto","Gonzalo"
"Sales",83575,"Szilard","Shigeo"
"Sales",83586,"Saoudi","Nagui"
"Sales",83612,"Veevers","Branimir"
"Sales",262669,"Basart","Bokyung"
"Sales",83675,"Luiz","Billie"
"Sales",83778,"Nitto","Premsyl"
"Sales",83781,"Rullman","Shuzo"
"Sales",262706,"Sifakis","Filipp"
"Sales",465714,"Strehl","Mabhin"
"Sales",84007,"Farrel","Ranan"
"Sales",84033,"Dulli","Etsuo"
"Sales",84040,"Uchoa","Vasilis"
"Sales",84076,"Schurmann","Rafols"
"Sales",288907,"Menhoudj","Terresa"
"Sales",84096,"Slutz","Vitali"
"Sales",84110,"Lores","Kazuhiro"
"Sales",465663,"Llado","Anoosh"
"Sales",262742,"Akazan","Shuichi"
"Sales",84349,"Christ","Kwangsub"
"Sales",465636,"Boudaillier","Kauko"
"Sales",262796,"Terlouw","Lidong"
"Sales",443411,"Bahi","Behnaam"
"Sales",84467,"Ramras","Hilari"
"Sales",288912,"Smailagic","Gregory"
"Sales",84659,"Zyda","Hyuncheol"
"Sales",84695,"Kohling","Yuchang"
"Sales",84731,"Schurmann","Giap"
"Sales",84733,"Vandervoorde","Bogdan"
"Sales",443387,"Kavvadias","Paris"
"Sales",84761,"Kalefeld","Subbu"
"Sales",84788,"Gyorkos","Yongqiao"
"Sales",465487,"Przulj","Maria"
"Sales",262867,"Neiman","Danae"
"Sales",85056,"Yemenis","Dulce"
"Sales",288915,"Berztiss","Chandrasekaran"
"Sales",262877,"Matzov","Vidya"
"Sales",85110,"Maquelin","Volkmar"
"Sales",85226,"Desikan","Saniya"
"Sales",262914,"Heping","Tamiya"
"Sales",85240,"Businaro","Florian"
"Sales",85251,"Kragelund","Akeno"
"Sales",85254,"Garnier","Denny"
"Sales",85269,"Meszaros","Tetsurou"
"Sales",85489,"Zwicker","Adas"
"Sales",85530,"Matzov","Bezalel"
"Sales",85553,"Blokdijk","Pranas"
"Sales",85557,"Nivat","Mayumi"
"Sales",85594,"Heusch","Hailing"
"Sales",465231,"Giaccio","Collette"
"Sales",262941,"Panienski","Elliott"
"Sales",85872,"dAstous","Suebskul"
"Sales",262948,"Birsak","Lokesh"
"Sales",85931,"Rosay","Hilary"
"Sales",465131,"Buescher","Heather"
"Sales",85988,"Brlek","Aiichiro"
"Sales",86176,"Gunderson","Hyuncheol"
"Sales",86219,"Steinauer","Alois"
"Sales",262969,"Kowalchuk","Harngdar"
"Sales",86233,"Wiegley","Cristinel"
"Sales",86274,"Valtorta","Gila"
"Sales",86286,"Esposito","Somnath"
"Sales",86362,"Bernick","Uli"
"Sales",86373,"Glowinski","Kellie"
"Sales",86403,"Vickson","Arto"
"Sales",464922,"Wixon","Shuzo"
"Sales",86468,"Kawashima","Jinpo"
"Sales",263525,"Baek","Reinhard"
"Sales",86704,"Matteis","Gretta"
"Sales",442821,"Pocchiola","Alassane"
"Sales",86754,"Vigier","Guadalupe"
"Sales",86771,"Demian","Dzung"
"Sales",86824,"Motley","Constantine"
"Sales",87026,"Boyle","Lunjin"
"Sales",464833,"Speer","Herb"
"Sales",464831,"Talmor","Kwee"
"Sales",87075,"Beutelspacher","Chrisa"
"Sales",87151,"Janetzko","Macha"
"Sales",87162,"Boudaillier","Abdulah"
"Sales",87372,"Stellhorn","Maren"
"Sales",87373,"Percebois","Odoardo"
"Sales",87424,"Chandrasekhar","Ewing"
"Sales",87425,"Junet","Theirry"
"Sales",87458,"Gimbel","Mikhail"
"Sales",442802,"Bazelow","Angus"
"Sales",87533,"Haldar","Takahira"
"Sales",464701,"Paludetto","Hongzhu"
"Sales",464688,"Burnard","Renee"
"Sales",87658,"Isaac","Kannan"
"Sales",87842,"Parveen","Gift"
"Sales",87852,"Pokrovskii","Nikolaos"
"Sales",464681,"Azulay","Oldrich"
"Sales",87882,"Ruther","Denny"
"Sales",440012,"Dengi","Rasikan"
"Sales",87889,"Naumovich","Arve"
"Sales",87898,"Chaudhury","Zita"
"Sales",464661,"Garnham","Moriyoshi"
"Sales",87970,"Edelhoff","Mizuhito"
"Sales",440011,"Schaad","Gretta"
"Sales",439828,"Domenig","Mikhail"
"Sales",87981,"Garnier","Sudharsan"
"Sales",288971,"Zhang","Masami"
"Sales",88200,"Ramamoorthy","Mahendra"
"Sales",88201,"Maraist","Leaf"
"Sales",464544,"Koshiba","Duke"
"Sales",288973,"Kaiser","Xinyu"
"Sales",88265,"Perin","Shrikanth"
"Sales",88272,"Stemann","Neelam"
"Sales",88290,"Pramanik","Zorica"
"Sales",88318,"Barriga","Domenick"
"Sales",88376,"Prampolini","Khatoun"
"Sales",464496,"Sooriamurthi","Mandell"
"Sales",88401,"Eiter","Evgueni"
"Sales",88402,"Hiraishi","Yongdong"
"Sales",88415,"Perly","Mabhin"
"Sales",88472,"Conde","Margareta"
"Sales",88488,"Maksimenko","Muzhong"
"Sales",464440,"Cronan","Ottavia"
"Sales",263985,"Stifter","Tiina"
"Sales",88629,"Acton","Mayuko"
"Sales",464416,"Domenig","Ohad"
"Sales",264002,"Muchinsky","Dinah"
"Sales",264011,"Coorg","Shahid"
"Sales",264019,"Barreiro","Ulises"
"Sales",88815,"Ossenbruggen","Xuedong"
"Sales",464368,"Cooman","Brigham"
"Sales",88829,"Kemmerer","Sailaja"
"Sales",89087,"Ishibashi","Taegyun"
"Sales",89104,"Rande","Zeljko"
"Sales",264039,"Smeets","Oscar"
"Sales",89117,"Linares","Saeed"
"Sales",264054,"Horswill","Gilbert"
"Sales",264063,"Chelton","Shim"
"Sales",89187,"Merkl","Rosita"
"Sales",89188,"Thisen","Gudjon"
"Sales",442701,"Rikino","Guangming"
"Sales",89210,"Rosca","Xiaoqiang"
"Sales",89275,"Jonsson","Menkae"
"Sales",264070,"Swan","Djelloul"
"Sales",89572,"Hertweck","Guiseppe"
"Sales",89573,"Varley","Ute"
"Sales",89618,"Peak","Keung"
"Sales",464197,"Polajnar","Holgard"
"Sales",264086,"Deverell","Aris"
"Sales",89763,"Ghelli","Jamaludin"
"Sales",89784,"Journel","Carrsten"
"Sales",89810,"Snedden","Peternela"
"Sales",89918,"Billawala","Gay"
"Sales",442569,"Spelt","Valeska"
"Sales",289020,"Conta","Denny"
"Sales",442556,"Niizuma","Anneli"
"Sales",90228,"Camurati","Udi"
"Sales",90235,"Flasterstein","Sumant"
"Sales",90280,"Shackell","Manohar"
"Sales",90868,"Suwa","Gregory"
"Sales",90936,"Yavatkar","Xinglin"
"Sales",90973,"Kading","Izaskun"
"Sales",264632,"Hooghiemstra","Chenyi"
"Sales",91064,"Panangaden","Gil"
"Sales",91080,"Skogmar","Parviz"
"Sales",464046,"Gischer","Kensei"
"Sales",91113,"Begiun","Goncalo"
"Sales",91139,"Quittner","Gererd"
"Sales",91162,"Zeidenstein","Mabry"
"Sales",291379,"Anick","Jianhua"
"Sales",463957,"Emiris","Marjo"
"Sales",91325,"Beutelspacher","Phillip"
"Sales",463943,"Yurov","Phuoc"
"Sales",91466,"Ritcey","Tzvetan"
"Sales",442551,"Range","Navid"
"Sales",264683,"Nannarelli","JoAnna"
"Sales",91577,"Brendel","Elrique"
"Sales",91666,"Trystram","Lucian"
"Sales",91852,"Junot","Constantine"
"Sales",91940,"Tanemo","Manohar"
"Sales",91999,"Eppinger","Nikolaos"
"Sales",463829,"Badache","Golgen"
"Sales",265073,"Marwedel","Mack"
"Sales",92412,"Lindenbaum","Ger"
"Sales",289081,"Azulay","Subhrajyoti"
"Sales",92460,"Joslin","Mamdouh"
"Sales",92483,"Lueh","Boaz"
"Sales",92509,"Kaiser","Xuejia"
"Sales",92687,"Impagliazzo","Zhenbing"
"Sales",442549,"Vesna","Weidon"
"Sales",92721,"Kobara","Otmar"
"Sales",92736,"Linnainmaa","Janalee"
"Sales",92738,"Kragelund","Ingemar"
"Sales",289082,"Cheshire","Faiza"
"Sales",463821,"Biran","Takushi"
"Sales",92766,"Benzmuller","Candida"
"Sales",92784,"Chinen","Takanari"
"Sales",92792,"Iacovou","Mostafa"
"Sales",265126,"Perez","Rasikan"
"Sales",92806,"Curless","Goo"
"Sales",463809,"Impagliazzo","Tomokazu"
"Sales",265156,"Ohori","Thodoros"
"Sales",93133,"Attimonelli","Mingdong"
"Sales",463786,"Kaminger","Shahaf"
"Sales",93156,"Besselaar","Hirochika"
"Sales",442546,"Fritzsche","Shaunak"
"Sales",463785,"Felder","Marlo"
"Sales",463746,"Reistad","Berhard"
"Sales",463745,"Raczkowsky","Parke"
"Sales",93366,"Schach","Heejo"
"Sales",93404,"Willoner","Shuzo"
"Sales",93513,"Kroll","Tadahiro"
"Sales",442545,"Mitina","Ioana"
"Sales",463709,"Klyachko","Kazunori"
"Sales",93555,"Babb","Zito"
"Sales",93571,"Sherertz","Brigham"
"Sales",93611,"Gronowski","Mizuhito"
"Sales",93662,"Marwedel","Mong"
"Sales",93669,"Coors","Hirochika"
"Sales",265435,"Garnham","Aleksander"
"Sales",265441,"Pellegrinelli","Foong"
"Sales",265450,"Olano","Susanna"
"Sales",94197,"Maksimenko","Alain"
"Sales",94202,"Fordan","Charlene"
"Sales",94238,"Herber","Lunjin"
"Sales",463666,"Yoshizawa","Khaled"
"Sales",463662,"Nooteboom","Oddvar"
"Sales",94282,"Meszaros","Gregory"
"Sales",265482,"Gecsei","Mitchel"
"Sales",94334,"Radhakrishnan","Ennio"
"Sales",94348,"Rodite","Stepehn"
"Sales",94536,"Vuskovic","Serenella"
"Sales",94548,"Dayana","Roddy"
"Sales",442541,"Keustermans","Kwok"
"Sales",94602,"Mullainathan","Yurii"
"Sales",265518,"Merks","Rosine"
"Sales",265541,"Litvinov","Eberhardt"
"Sales",265553,"Bugaenko","Youssef"
"Sales",94685,"Ranst","Annemarie"
"Sales",265560,"Schieder","Noritoshi"
"Sales",265571,"Marwedel","Hironoby"
"Sales",463420,"Beutelspacher","Maik"
"Sales",291383,"Swick","Zeydy"
"Sales",95282,"Peternell","Zhenhua"
"Sales",95299,"Vilarrasa","Barry"
"Sales",95304,"Irland","Ramya"
"Sales",95338,"Czaja","Shaunak"
"Sales",95545,"Sichman","Howell"
"Sales",463356,"Peyn","Nechama"
"Sales",463338,"Falco","Tran"
"Sales",463331,"Lanteri","Abdelkader"
"Sales",95698,"Plotkin","Nathan"
"Sales",463329,"Anandan","Leon"
"Sales",95882,"Terkki","Hironobu"
"Sales",95902,"Mikschl","Adin"
"Sales",265629,"Thorensen","Duangkaew"
"Sales",95963,"Ramsak","Horward"
"Sales",95989,"Siksek","Arie"
"Sales",95991,"Chartres","Bernd"
"Sales",95993,"Lunn","Alejandra"
"Sales",95994,"Harnett","Alselm"
"Sales",96033,"Bottner","Xianlong"
"Sales",96236,"Middleton","Nitsan"
"Sales",96258,"Zaumen","Hailing"
"Sales",463295,"Caine","Kersti"
"Sales",96284,"Khasidashvili","Siddarth"
"Sales",96297,"Schusler","Bogdan"
"Sales",463279,"Klyachko","Hugo"
"Sales",96305,"Lunt","Yefim"
"Sales",96361,"Matzel","Chirstian"
"Sales",96546,"Chandrasekhar","Takahito"
"Sales",96552,"Hofstetter","Guenter"
"Sales",268880,"Strooper","Mary"
"Sales",96619,"Bratten","Rasikan"
"Sales",268891,"Paludetto","Geoffrey"
"Sales",462263,"Mayerwieser","Nagui"
"Sales",96648,"Perez","Josyula"
"Sales",96697,"Farrar","Jaideep"
"Sales",96932,"Karlin","Isamu"
"Sales",96957,"Lindenbaum","Odoardo"
"Sales",96958,"Shihab","Shaowen"
"Sales",96969,"Fraisse","Chinhyun"
"Sales",96974,"Szilard","Vugranam"
"Sales",96987,"Pietrzykowski","Atreyi"
"Sales",268920,"Hammerschmidt","Danny"
"Sales",97031,"Attimonelli","Bikash"
"Sales",97274,"Pollacia","Sachio"
"Sales",97291,"Chaudhury","Aiichiro"
"Sales",97385,"McAffer","Tuval"
"Sales",269000,"Krybus","Tadanori"
"Sales",442501,"Talmon","Jiann"
"Sales",462144,"Nooteboom","Koldo"
"Sales",97482,"Lorin","Boaz"
"Sales",269019,"Mundy","Vasiliy"
"Sales",97731,"Bakhtari","Cordelia"
"Sales",97745,"Heijenga","Aleksandar"
"Sales",97767,"Nastansky","Kankanahalli"
"Sales",97776,"Emden","Hongzue"
"Sales",97781,"Neimat","Divine"
"Sales",97783,"Dalphin","Khatoun"
"Sales",462121,"Hockney","Mantis"
"Sales",97834,"Swab","Ronnie"
"Sales",269216,"Zweizig","Weijing"
"Sales",462119,"Masamoto","Dmitri"
"Sales",98076,"Claffy","Elrique"
"Sales",98113,"Soloway","Changho"
"Sales",98136,"Mellouli","Hausi"
"Sales",461918,"Silva","Oscar"
"Sales",98143,"Ventosa","Naraig"
"Sales",98148,"Mansanne","Bangqing"
"Sales",461875,"Serna","Dante"
"Sales",269251,"Chleq","Lubomir"
"Sales",98381,"Parfitt","Kensei"
"Sales",98428,"Dalton","Tonny"
"Sales",269280,"Jonsson","Tremaine"
"Sales",98456,"Ravishankar","Kwangjo"
"Sales",98469,"Leijenhorst","Fen"
"Sales",461861,"Marsiglia","Aron"
"Sales",98515,"Sambasivam","Dines"
"Sales",98531,"Munoz","Valter"
"Sales",442497,"Fioravanti","Youssef"
"Sales",98565,"Jakobus","Phillip"
"Sales",269351,"Zuberek","Armond"
"Sales",98647,"Zweizig","Munehiro"
"Sales",98665,"Garigliano","Xumin"
"Sales",269355,"Falco","Cristinel"
"Sales",269358,"Steenbeek","Arif"
"Sales",269375,"Wissmann","Basem"
"Sales",269717,"Swab","Djenana"
"Sales",98843,"Chartres","Kwangyoen"
"Sales",461848,"Lemarechal","Randi"
"Sales",289389,"Suomi","Adhemar"
"Sales",269816,"Breugel","Leaf"
"Sales",99291,"Ponthieu","Jaber"
"Sales",99296,"Kushner","Jaewoo"
"Sales",269873,"Danner","Hidekazu"
"Sales",99555,"Merle","Jouko"
"Sales",99586,"Lorch","Jayesh"
"Sales",99613,"Angelov","Ziyad"
"Sales",99629,"Raney","Rasiah"
"Sales",442438,"Huttel","Muneo"
"Sales",99643,"Babu","Beshir"
"Sales",99674,"Schnabel","Marek"
"Sales",99681,"Tramer","Henk"
"Sales",99732,"Aloia","Mong"
"Sales",461823,"dAstous","Bogdan"
"Sales",270398,"Perez","Kayoko"
"Sales",99829,"Debuse","Shigeichiro"
"Sales",99832,"Alameldin","Avishai"
"Sales",99897,"Baik","Jamaludin"
"Sales",99924,"Emmerich","Shuky"
"Sales",461785,"Bugrara","Shuji"
"Sales",461783,"Bednarek","Phuoc"
"Sales",270447,"Rousseau","Christ"
"Sales",461748,"Wallrath","Shim"
"Sales",442412,"Orlowski","Breannda"
"Sales",100047,"Zockler","Masanao"
"Sales",100244,"Solovay","Eishiro"
"Sales",461743,"Thorensen","Constantijn"
"Sales",100342,"Suri","Waiman"
"Sales",100361,"Masaki","Roselyn"
"Sales",289419,"Ozeri","Kenroku"
"Sales",270490,"Khasidashvili","Eben"
"Sales",100774,"Kroha","Mark"
"Sales",291421,"Carrere","Eirik"
"Sales",100820,"Atrawala","JoAnna"
"Sales",442356,"Cannane","Tamiya"
"Sales",101234,"Huhdanpaa","Hidefumi"
"Sales",101237,"Riexinger","Xiaoshan"
"Sales",101257,"Badache","Berto"
"Sales",442345,"Brobst","Kazuhira"
"Sales",270898,"Tanemo","Arno"
"Sales",270899,"Bellone","Indrajit"
"Sales",101326,"Karunanithi","Lein"
"Sales",270905,"Akaboshi","Idoia"
"Sales",101605,"Heijenga","Aria"
"Sales",101622,"Standera","Munehiro"
"Sales",101625,"Bouloucos","Maha"
"Sales",101628,"Bardell","Sudharsan"
"Sales",101629,"Hennebert","Toong"
"Sales",270925,"Restivo","Guozhong"
"Sales",270935,"Jenevein","Shan"
"Sales",270958,"Laurillard","Miyeon"
"Sales",102100,"Birrer","Alair"
"Sales",461714,"Angot","Yoshimitsu"
"Sales",102122,"Biron","Mountaz"
"Sales",102166,"Zschoche","Feiyu"
"Sales",442330,"Veeraraghavan","Quingbo"
"Sales",102618,"Yoshimura","Bikash"
"Sales",271056,"Vecchi","Zhiwei"
"Sales",103200,"Suwa","Weicheng"
"Sales",103215,"Wursthorn","Utpal"
"Sales",461646,"Henseler","Sadegh"
"Sales",67955,"Bahl","Shahaf"
"Sales",67968,"Narahara","Christoper"
"Sales",67391,"Nourani","Dines"
"Sales",67993,"Masaki","Leucio"
"Sales",67342,"Nitsche","Vivian"
"Sales",67319,"Boguraev","Supot"
"Sales",67275,"Orsini","Monique"
"Sales",68434,"Buescher","Nimmagadda"
"Sales",461627,"Snedden","Yechezkel"
"Sales",67257,"Baig","Marin"
"Sales",103642,"Picaronny","Dipayan"
"Sales",103646,"Loncour","Eben"
"Sales",461625,"Bael","Margareta"
"Sales",69154,"Bondorf","Zhilian"
"Sales",69610,"Simmen","Oddvar"
"Sales",103664,"Codenie","Xiaoqiu"
"Sales",69691,"Rosar","Rafols"
"Sales",69719,"Baik","Rutger"
"Sales",69753,"Gustavson","Rasiah"
"Sales",69754,"Naumovich","Vesna"
"Sales",70123,"Takkinen","Aloys"
"Sales",70132,"Manders","Gal"
"Sales",70148,"Passino","Suvo"
"Sales",70165,"Sluis","Mohd"
"Sales",103672,"Schlegelmilch","Candido"
"Sales",70174,"Lundstrom","King"
"Sales",70356,"Kirkerud","Shirish"
"Sales",70368,"Chartres","Shigeaki"
"Sales",66772,"Kamber","Slavian"
"Sales",70423,"Tchuente","Anestis"
"Sales",70782,"Ebeling","Abdulah"
"Sales",70799,"Giarratana","Aris"
"Sales",66762,"Melski","Abdulah"
"Sales",71031,"Willoner","Mayuri"
"Sales",71059,"Waschkowski","Aram"
"Sales",71085,"Ranai","Deborah"
"Sales",66749,"Bazelow","Jayson"
"Sales",71116,"Rosen","Jiann"
"Sales",71155,"Luks","Mona"
"Sales",71166,"Lanzelotte","Rosalie"
"Sales",71174,"Bojadziev","Adam"
"Sales",71184,"Baaz","Genki"
"Sales",104084,"Ligten","Kitty"
"Sales",104089,"Fetvedt","Yonghoan"
"Sales",71242,"Ozeri","Collette"
"Sales",71250,"Fujisaki","Yucai"
"Sales",71490,"Vieri","Yannis"
"Sales",71579,"Rathonyi","Olivera"
"Sales",71588,"Colorni","Junichi"
"Sales",71618,"Takanami","Avishai"
"Sales",104133,"Zyda","Pranjal"
"Sales",66106,"Zweizig","Kirk"
"Sales",66096,"Navazio","Shay"
"Sales",71741,"Ullian","Jianhui"
"Sales",71764,"Kroft","Chinhyun"
"Sales",71786,"Schrooten","Jianhua"
"Sales",66091,"Fiutem","Billur"
"Sales",104178,"Azadmanesh","Vojin"
"Sales",65564,"Zizka","Yuqun"
"Sales",71840,"Salinas","Volkmar"
"Sales",71879,"Silva","Ipke"
"Sales",104215,"Vadhan","Jordanka"
"Sales",71932,"Back","Jeong"
"Sales",65514,"Lundstrom","Aemilian"
"Sales",72117,"Egerstedt","Roddy"
"Sales",271190,"Genther","Pradeep"
"Sales",72128,"Randt","Sungwon"
"Sales",72131,"Hockney","Bader"
"Sales",72198,"Rebaine","Almudena"
"Sales",65469,"Veeraraghavan","Abdulla"
"Sales",271227,"Munck","DeForest"
"Sales",72256,"Litecky","Tonny"
"Sales",72332,"Roccetti","Yechezkel"
"Sales",72336,"Wissmann","Sadun"
"Sales",72344,"Morrow","Khaled"
"Sales",72363,"Ernst","Jinxi"
"Sales",72377,"Calkin","Xiahua"
"Sales",72384,"Ginesta","Berthier"
"Sales",72386,"Pollacia","Manohar"
"Sales",65445,"Esteva","Licheng"
"Sales",72785,"Gips","Barna"
"Sales",65405,"Denti","Gill"
"Sales",72845,"Orlowska","Vitali"
"Sales",72858,"Rossi","Sachin"
"Sales",72879,"Hiroyama","Goh"
"Sales",104601,"Alblas","Georgy"
"Sales",72896,"Munoz","Zine"
"Sales",72922,"DasSarma","Kristian"
"Sales",73278,"Schurmann","Apostol"
"Sales",73302,"Perri","Kolar"
"Sales",65055,"Schlegelmilch","Masaki"
"Sales",73320,"Biran","Bowen"
"Sales",73326,"Hebden","Syozo"
"Sales",65047,"Jenevein","Eishiro"
"Sales",104627,"Conta","Noritoshi"
"Sales",73418,"McAlpine","Marjo"
"Sales",73675,"Bael","Lech"
"Sales",64997,"Azevdeo","Vatsa"
"Sales",73683,"Covnot","Mansur"
"Sales",461574,"Solovay","Val"
"Sales",64970,"Legleitner","IEEE"
"Sales",73795,"Katiyar","Herb"
"Sales",73892,"Sundgren","Peternela"
"Sales",64958,"Koprowski","Licheng"
"Sales",74154,"Foong","Oscar"
"Sales",64954,"Sury","Chaitali"
"Sales",74170,"Caine","Conal"
"Sales",74180,"Boudaillier","Kamran"
"Sales",104715,"Imataki","Shalesh"
"Sales",74238,"Sadowsky","Sven"
"Sales",74262,"Demri","Yongdong"
"Sales",64916,"Hmelo","Mohit"
"Sales",74306,"Juneja","Bernice"
"Sales",74336,"Rothenberg","Fumitake"
"Sales",74345,"Rahier","Yurij"
"Sales",74347,"Brobst","Izaskun"
"Sales",74377,"Rosaz","Baocai"
"Sales",74391,"Flasterstein","Jianwen"
"Sales",64559,"Schwabacher","Unal"
"Sales",64558,"Azuma","Candido"
"Sales",104931,"Delaune","Kristin"
"Sales",74462,"Perz","Sampalli"
"Sales",74489,"Tasistro","Cedric"
"Sales",74504,"Mattern","Hironobu"
"Sales",74524,"Cannane","Jacopo"
"Sales",74542,"Naumovich","Adin"
"Sales",64491,"Merel","Ulf"
"Sales",104967,"Gerlach","Hiroyasu"
"Sales",74985,"Bazzichi","Kristine"
"Sales",442302,"Babu","Uli"
"Sales",75022,"Qiwen","Kellie"
"Sales",64429,"Leslie","Maia"
"Sales",105004,"Schoegge","Hiroyasu"
"Sales",461569,"Shihab","Suzette"
"Sales",461544,"Linares","Mohammed"
"Sales",64414,"Pettit","Martins"
"Sales",75311,"Ernst","Ger"
"Sales",64406,"Chepyzhov","Wayne"
"Sales",75317,"Hagimont","Ramalingam"
"Sales",75330,"Pollock","Dekang"
"Sales",75419,"Dulay","Xudong"
"Sales",75424,"Marshall","Yechiam"
"Sales",75638,"Demke","Dinkar"
"Sales",64368,"Wrigley","Arif"
"Sales",75957,"Heystek","Candido"
"Sales",75964,"Ambroszkiewicz","Greger"
"Sales",75978,"Zhang","Hugh"
"Sales",76087,"Miake","Salvador"
"Sales",105289,"Doering","Pranav"
"Sales",76538,"Schaad","Soenke"
"Sales",76671,"Plessier","Ortrud"
"Sales",76674,"Nourani","Hitomi"
"Sales",76695,"Antonakopoulos","Rance"
"Sales",76733,"Gulla","Arvin"
"Sales",64319,"Danlos","Yongqiao"
"Sales",76873,"Thebaut","Rosita"
"Sales",76874,"Asmuth","Kristinn"
"Sales",76875,"Lindenbaum","Jinya"
"Sales",105445,"Hennings","Bernt"
"Sales",76990,"Cappelli","Sarita"
"Sales",77070,"Brodal","Mingzeng"
"Sales",64276,"Farrag","Shaowen"
"Sales",77107,"Lupu","Adhemar"
"Sales",77129,"Zaiane","Jaques"
"Sales",77131,"Bressoud","Hisao"
"Sales",77162,"Rebaine","Hatim"
"Sales",105506,"Pollacia","Marsal"
"Sales",105518,"Kusakabe","Fusako"
"Sales",77350,"Kermarrec","Sangeeta"
"Sales",77352,"Besancenot","Chaosheng"
"Sales",105520,"Lienhardt","Haldun"
"Sales",77396,"Ohori","Spyrose"
"Sales",77427,"Vecchi","Lenore"
"Sales",64213,"Shumilov","Kwee"
"Sales",77471,"Rissanen","Prodip"
"Sales",77499,"Baby","Guozhong"
"Sales",77513,"Lieblein","Sivanarayana"
"Sales",64132,"Cappello","Gad"
"Sales",77552,"Samarati","Bluma"
"Sales",64107,"Zastre","Subhrajyoti"
"Sales",64101,"Matzat","Sorina"
"Sales",105552,"Ananiadou","Kellie"
"Sales",77621,"Lanteri","Maik"
"Sales",64089,"Kolvik","Marit"
"Sales",77645,"Karunanithi","Stella"
"Sales",64088,"Griswold","Jagoda"
"Sales",271327,"Sluis","Slavian"
"Sales",77677,"Bennet","Tsvetan"
"Sales",77697,"Marchegay","Tsz"
"Sales",461487,"Baby","Holgard"
"Sales",105766,"Callaway","Boutros"
"Sales",105772,"Esteva","Younwoo"
"Sales",77853,"McFarlin","Rutger"
"Sales",77883,"Feinberg","Subhada"
"Sales",105774,"Luga","Mansur"
"Sales",77962,"Majewski","Kazuhide"
"Sales",77970,"Luan","Tetsurou"
"Sales",77980,"Sidje","Yongmin"
"Sales",105778,"Desikan","Aloke"
"Sales",77997,"Compeau","Susanne"
"Sales",64050,"Nittel","Baoqiu"
"Sales",64045,"Lampe","Zine"
"Sales",78070,"Munck","Aleksander"
"Sales",63976,"Maliniak","Przemyslawa"
"Sales",78210,"Danley","Valter"
"Sales",105836,"Farrar","Marit"
"Sales",78277,"Sommer","Baocai"
"Sales",78279,"Kornyak","Pranjal"
"Sales",63956,"Pollacia","Cristinel"
"Sales",78285,"Anick","Marek"
"Sales",78291,"Poupard","Kankanahalli"
"Sales",78294,"Boissier","Armond"
"Sales",63955,"Bierman","Cheong"
"Sales",78461,"Heusch","Bedrich"
"Sales",78524,"Bahk","Zhiwei"
"Sales",78544,"Ariola","Tayeb"
"Sales",78553,"Giarratana","Naftaly"
"Sales",78578,"Madeira","Reinhold"
"Sales",78648,"Thambidurai","Yoshimitsu"
"Sales",78654,"Negoita","Cordelia"
"Sales",461240,"Petersohn","Danai"
"Sales",78723,"Dulin","Macha"
"Sales",106102,"Pearson","Ortrun"
"Sales",78743,"Buescher","Youssef"
"Sales",106127,"Luit","Basil"
"Sales",78764,"Farrag","Yishai"
"Sales",78833,"Anick","Chuanyi"
"Sales",78834,"Speer","Armond"
"Sales",106171,"Nitta","Ibibia"
"Sales",442278,"Farris","Ranga"
"Sales",106246,"Vasanthakumar","Yinlin"
"Sales",78948,"Yeung","Gal"
"Sales",79016,"Lipner","Quingbo"
"Sales",79023,"Dechter","Tonny"
"Sales",106274,"Wiegley","Sahrah"
"Sales",79104,"Ibel","Shigeaki"
"Sales",79127,"Atrawala","Conrado"
"Sales",79157,"Borstler","Sampalli"
"Sales",79235,"Kusakari","Zhiguo"
"Sales",79304,"Kavraki","Gino"
"Sales",79328,"Schlegelmilch","Foong"
"Sales",63571,"Sifakis","Wilmer"
"Sales",106325,"Jumpertz","Mrinalini"
"Sales",79572,"Kroll","Pranjal"
"Sales",79591,"Valtorta","Xiaocheng"
"Sales",79609,"Hoogerwoord","Domenico"
"Sales",79642,"Roohalamini","Denis"
"Sales",63364,"Stanger","Pantung"
"Sales",79765,"Danecki","Gonzalo"
"Sales",79787,"Molberg","Ziva"
"Sales",79823,"Kaminger","Ioana"
"Sales",63353,"Suomi","Huan"
"Sales",106778,"Rehfuss","Jiakeng"
"Sales",271429,"Gustavson","Mostafa"
"Sales",63307,"Herber","Sugwoo"
"Sales",79943,"Alpin","Kwee"
"Sales",461187,"Knightly","Haldun"
"Sales",106811,"Akazan","Yucel"
"Sales",291445,"Reinhard","Barna"
"Sales",79989,"Huxford","Mahmut"
"Sales",106826,"Bennet","Slavian"
"Sales",79995,"Speer","Rutger"
"Sales",80017,"Argence","Dante"
"Sales",80053,"Hammerschmidt","Larisa"
"Sales",106830,"Danley","Shigeu"
"Sales",80084,"Eastman","Menkae"
"Sales",63003,"Serdy","Cathie"
"Sales",80157,"Herber","Ingmar"
"Sales",106853,"Gyimothy","Aris"
"Sales",80270,"Jonsson","Fen"
"Sales",80284,"Garnick","Aiman"
"Sales",106883,"Jayawardene","Gil"
"Sales",80291,"Flowers","Sashi"
"Sales",80299,"Collette","Susanne"
"Sales",106888,"Plesums","Ger"
"Sales",80325,"Gruenwald","Bingning"
"Sales",80360,"Beetstra","Weijing"
"Sales",80362,"Biron","Kasidit"
"Sales",106898,"Alvarado","Evgueni"
"Sales",106906,"Fontan","Ohad"
"Sales",461182,"Gaughan","Palash"
"Sales",106940,"Reeker","Mohit"
"Sales",461180,"Schueller","Suzette"
"Sales",62976,"Lagarias","Conal"
"Sales",106966,"Ozeri","Frazer"
"Sales",80522,"Sadowsky","Sedat"
"Sales",106976,"Narwekar","Nirmal"
"Sales",271441,"Nanard","Aluzio"
"Sales",62956,"Molenaar","Hugh"
"Sales",271463,"Quittner","Duri"
"Sales",80622,"Velasco","Hongzhu"
"Sales",271466,"Veevers","Uta"
"Sales",62900,"Alencar","Gio"
"Sales",80703,"Nitsche","Randy"
"Sales",62499,"Lodder","Siamak"
"Sales",107007,"Rajaraman","Uno"
"Sales",107011,"Kitai","Gritta"
"Sales",80783,"Huxford","Akeel"
"Sales",107023,"Pashtan","Hideyuki"
"Sales",442269,"Maccarone","Mona"
"Sales",62493,"Binding","Mana"
"Sales",80830,"Lukaszewicz","Alexius"
"Sales",80839,"Strehl","Yonghong"
"Sales",80886,"Poupard","Naftaly"
"Sales",80910,"Terekhov","Oguz"
"Sales",80937,"Jiang","Chikako"
"Sales",107055,"Tsukune","Hilari"
"Sales",80963,"Guerreiro","Shen"
"Sales",80972,"Giveon","Xuejun"
"Sales",81040,"Merey","Kazuhito"
"Sales",62402,"Heusch","Naraig"
"Sales",60545,"Trachtenberg","Bojan"
"Sales",81092,"Strehl","Poorav"
"Sales",107079,"Riexinger","Fumitaka"
"Sales",81125,"Antonisse","Rosli"
"Sales",81134,"Iacovou","Toshimi"
"Sales",81144,"Heinisuo","Ashish"
"Sales",81148,"Gill","Zhigen"
"Sales",81175,"Auria","Gonzalo"
"Sales",60518,"Biran","Ziya"
"Sales",81257,"Raney","Kazuhide"
"Sales",81260,"Granlund","Harngdar"
"Sales",60507,"Mamelak","Subhankar"
"Sales",81303,"Berstel","Ghassan"
"Sales",81307,"Fandrianto","Jianhui"
"Sales",81314,"Fabrizio","Aimee"
"Sales",107094,"Aamodt","Baoqiu"
"Sales",81334,"Petereit","Mahmut"
"Sales",81379,"Nishimukai","Laurentiu"
"Sales",81413,"Bouloucos","Jinxi"
"Sales",107107,"Kemmerer","Elzbieta"
"Sales",107126,"Swift","Rayond"
"Sales",81518,"Rabehasaina","Karsten"
"Sales",81527,"Bouloucos","Arnd"
"Sales",60473,"Weedon","Shounak"
"Sales",107132,"Morrin","Kwangyoen"
"Sales",81579,"Krzyzanowski","Shaleah"
"Sales",107185,"Zweizig","Tzvetan"
"Sales",107199,"Pauthner","Gadiel"
"Sales",81646,"Servieres","Ingemar"
"Sales",81687,"Veevers","Oscal"
"Sales",81702,"Jullig","Suzette"
"Sales",60408,"Gadepally","Baziley"
"Sales",81724,"Griswold","Kellie"
"Sales",81752,"Shrader","Hideyuki"
"Sales",81835,"Lakshmanan","Margo"
"Sales",107257,"Czaja","Rosine"
"Sales",81916,"Yavatkar","Lorien"
"Sales",81952,"Brodal","Jinya"
"Sales",81970,"Swiler","Naftaly"
"Sales",81979,"Ruemmler","Ger"
"Sales",82041,"Sooriamurthi","Berna"
"Sales",107295,"Isaac","Arif"
"Sales",107306,"Segond","Shridhar"
"Sales",60148,"Honglei","Yuichiro"
"Sales",82109,"Nergos","Premsyl"
"Sales",107318,"Beidas","Kristian"
"Sales",107343,"Baer","Guttorm"
"Sales",60142,"Roohalamini","Vincent"
"Sales",82189,"Lamparter","Juyoung"
"Sales",461069,"Slobodova","Debaprosad"
"Sales",82269,"Ramsey","Nirmal"
"Sales",271542,"Jayawardene","Yunming"
"Sales",82292,"Chorvat","Moie"
"Sales",82324,"Knightly","Ashish"
"Sales",60086,"Krzyzanowski","Nirmal"
"Sales",82375,"Garigliano","Honglan"
"Sales",82405,"Wegerle","Arlette"
"Sales",82424,"Eterovic","Sibyl"
"Sales",271555,"Yurov","Aamer"
"Sales",82458,"Peres","Barun"
"Sales",82677,"Decaestecker","Adil"
"Sales",82698,"Lipner","Shaz"
"Sales",82717,"Meriste","Maia"
"Sales",59329,"Bazzichi","Zissis"
"Sales",82734,"Pews","Arvind"
"Sales",271574,"Conte","Gian"
"Sales",82789,"Wursthorn","Cheong"
"Sales",83001,"Spell","Maja"
"Sales",83109,"Pocchiola","Heekeun"
"Sales",83114,"Perelgut","Vesna"
"Sales",83353,"Porenta","Licheng"
"Sales",59208,"Farrel","Tianruo"
"Sales",271583,"Jenevein","Padma"
"Sales",83407,"Seuren","Gino"
"Sales",83421,"Speel","Neelam"
"Sales",83435,"Fargier","Morris"
"Sales",83468,"Beilner","Charlene"
"Sales",58952,"Dredge","Aruna"
"Sales",83979,"Gerlach","Tadanori"
"Sales",58923,"Luef","Akeel"
"Sales",107693,"Bharadwaj","Kenton"
"Sales",58902,"Pramanik","Franziska"
"Sales",107696,"Berendt","Dulce"
"Sales",84250,"Perna","Tetsushi"
"Sales",84274,"Rande","Xiahua"
"Sales",107701,"Gist","Fumiyo"
"Sales",84497,"Vecchio","Ranan"
"Sales",58666,"Schmezko","Guangming"
"Sales",84595,"Christianini","Xiaopeng"
"Sales",461049,"Serdy","Feiyu"
"Sales",84631,"Taneja","Ger"
"Sales",84838,"Binkley","Jiafu"
"Sales",107924,"Georgakopoulos","Achilleas"
"Sales",84856,"Gips","Shigehito"
"Sales",58590,"Roisin","Jayson"
"Sales",84924,"Waymire","Gino"
"Sales",84950,"Kawashima","Kshitij"
"Sales",85356,"Hutton","Rimon"
"Sales",58017,"Simmel","Bogdan"
"Sales",85430,"Apsitis","Duro"
"Sales",85442,"Cesareni","Kenton"
"Sales",107978,"Bergere","Chriss"
"Sales",85471,"Nourani","Yolla"
"Sales",85486,"Valette","Leah"
"Sales",85671,"Kobuchi","Nathan"
"Sales",108010,"Schonegge","Arunachalam"
"Sales",85706,"Lukaszewicz","Adit"
"Sales",58006,"Binding","Ipke"
"Sales",85728,"Furedi","Nirmal"
"Sales",271656,"Felder","Pantung"
"Sales",85796,"Boissier","Honglan"
"Sales",57970,"Georgatos","Ipke"
"Sales",86011,"Bahr","Leen"
"Sales",86043,"Weedon","Masali"
"Sales",86061,"Lukaszewicz","Shigeo"
"Sales",108032,"Heijenga","Dietrich"
"Sales",57933,"Aamodt","Yishay"
"Sales",57914,"Hempstead","Frazer"
"Sales",86122,"Ritzmann","Leah"
"Sales",57529,"Naudin","Garnet"
"Sales",86131,"Muchinsky","Domenick"
"Sales",57520,"Bach","Serif"
"Sales",86152,"Kossowski","Gino"
"Sales",57476,"Staudhammer","Badri"
"Sales",86503,"Lindenbaum","Munenori"
"Sales",108045,"Sinicrope","Ranga"
"Sales",86582,"Wroclawski","Mohit"
"Sales",442164,"Rouquie","Jixiang"
"Sales",86604,"Vakili","Feipei"
"Sales",86654,"Taubenfeld","Jeane"
"Sales",86831,"Nanard","KayLiang"
"Sales",57460,"Sadowsky","Tua"
"Sales",461023,"Anguita","Foong"
"Sales",57454,"Hebden","Hugh"
"Sales",108295,"Farrar","Menkae"
"Sales",57448,"Baaleh","Along"
"Sales",86978,"Luks","Lunjin"
"Sales",87195,"Buchter","Gen"
"Sales",87208,"Schreiter","Gio"
"Sales",87226,"Veccia","Gio"
"Sales",87261,"Brookman","Kensei"
"Sales",87304,"Bail","Taegyun"
"Sales",108347,"Danecki","Gay"
"Sales",87717,"Ratnaker","Weiyi"
"Sales",87724,"Vasanthakumar","Niclas"
"Sales",87728,"Luan","Rayond"
"Sales",108355,"Middleton","Heeju"
"Sales",57415,"Rullman","Takahiro"
"Sales",87779,"Perin","Berthier"
"Sales",87792,"Kambil","Radoslaw"
"Sales",87803,"Lally","Tonny"
"Sales",108367,"Rouquie","Rimon"
"Sales",88023,"Erbe","Babette"
"Sales",88032,"Serra","Urs"
"Sales",57171,"Ligten","Subhankar"
"Sales",57136,"Schueller","Hugh"
"Sales",88880,"Senzako","Lena"
"Sales",88916,"Mahnke","Zhonghua"
"Sales",57110,"Stellhorn","Gou"
"Sales",88983,"Kusakari","Mario"
"Sales",57092,"Ertl","Tokuyasu"
"Sales",57040,"Lagarias","Arup"
"Sales",89492,"Passino","Masanao"
"Sales",89498,"Segond","Takahira"
"Sales",89503,"Ibel","Karoline"
"Sales",90092,"Angelov","Candida"
"Sales",90112,"Krupka","Ung"
"Sales",90347,"Nanard","Mari"
"Sales",90359,"Narlikar","Szabolcs"
"Sales",56753,"Madeira","Foong"
"Sales",56743,"Nitto","Lansing"
"Sales",108821,"Majewski","Nishit"
"Sales",108849,"Klerer","Georg"
"Sales",90485,"Stamatiou","Jaewon"
"Sales",90488,"Sadowski","Masako"
"Sales",90497,"Dulin","Radoslaw"
"Sales",460587,"McAlpine","Prodip"
"Sales",90618,"Narwekar","Qingxiang"
"Sales",56523,"Asrin","Yannis"
"Sales",108876,"Masada","Mona"
"Sales",108891,"Chiodo","Bikash"
"Sales",108894,"Schneeberger","Danny"
"Sales",271730,"Cichocki","Qiwen"
"Sales",108914,"Gerteisen","Arne"
"Sales",90803,"Leslie","Luise"
"Sales",109123,"Makrucki","Sadegh"
"Sales",91785,"Kitsuregawa","Byong"
"Sales",56386,"Anily","Martijn"
"Sales",56382,"Bardell","Valery"
"Sales",56359,"Birrer","Shan"
"Sales",56167,"Tibblin","Djenana"
"Sales",92062,"Segond","Gennady"
"Sales",92164,"Sambasivam","Lene"
"Sales",56135,"Bade","Heping"
"Sales",56127,"Sidje","Subbu"
"Sales",460498,"Ponthieu","Jacopo"
"Sales",92271,"Pell","Margo"
"Sales",92578,"Jayawardene","Zissis"
"Sales",92592,"Lorho","Kirk"
"Sales",109437,"Potthoff","Douadi"
"Sales",109438,"Luef","Zine"
"Sales",109441,"Sigstam","Danil"
"Sales",92654,"Sadowski","Steve"
"Sales",92857,"Carrera","Valter"
"Sales",92933,"Alpay","Kamakshi"
"Sales",93005,"Munos","Yurij"
"Sales",55844,"Bernini","Sampalli"
"Sales",55837,"Schaar","Elgin"
"Sales",55826,"Angelov","Akemi"
"Sales",93203,"Zizka","Danel"
"Sales",93208,"Marzano","Genta"
"Sales",93214,"Haumacher","Bilhanan"
"Sales",93223,"Templeman","Vishwani"
"Sales",93227,"Katiyar","Constantine"
"Sales",93284,"Schaar","Arumugam"
"Sales",93292,"Karunanithi","Kazuyasu"
"Sales",93302,"Porenta","Mohammad"
"Sales",93325,"Georg","Rasiah"
"Sales",93329,"Anily","Shirish"
"Sales",93345,"Kampfer","Dannz"
"Sales",93348,"Rebaine","Augustine"
"Sales",93734,"Kruskal","Ebbe"
"Sales",55325,"Milicia","Irene"
"Sales",93756,"Baek","Xumin"
"Sales",93783,"Plumb","Kazuhito"
"Sales",93837,"Staelin","Susanta"
"Sales",93850,"Jahnichen","Florina"
"Sales",460461,"Ghandeharizadeh","Pohua"
"Sales",460432,"Merks","Sachar"
"Sales",94061,"Conde","Kazuhisa"
"Sales",94078,"Yeung","Adamantios"
"Sales",94085,"Sundgren","Uriel"
"Sales",460429,"Kalsbeek","Candido"
"Sales",55247,"Karlin","Ymte"
"Sales",94140,"Perri","Tiina"
"Sales",271799,"Barreiro","Marco"
"Sales",109496,"Esposito","Mariusz"
"Sales",289605,"Plesums","Sverrir"
"Sales",94728,"Bade","Shih"
"Sales",94767,"Chepyzhov","Leon"
"Sales",54943,"Kroft","Jongsuk"
"Sales",54930,"Tsukuda","Otmar"
"Sales",94814,"Kitsuregawa","Moty"
"Sales",94833,"Kleiser","Miyeon"
"Sales",94847,"Gruenwald","Zito"
"Sales",94881,"Muhlberg","Ioana"
"Sales",459908,"Stavenow","Atreyi"
"Sales",109571,"Zeidenstein","Serap"
"Sales",95042,"Journel","Miomir"
"Sales",95082,"Masand","Limsoon"
"Sales",95094,"Mahnke","Matt"
"Sales",459892,"Fioravanti","Shigenori"
"Sales",54680,"Chenoweth","Akeno"
"Sales",95366,"Gadepally","Hyuncheol"
"Sales",95397,"Uhrig","Miomir"
"Sales",95402,"Bhattacharjee","Valery"
"Sales",95408,"Streng","Shim"
"Sales",95419,"Morrey","Arno"
"Sales",95450,"Goldhammer","Hein"
"Sales",54637,"Trogemann","Vojin"
"Sales",95480,"Luke","Ennio"
"Sales",95482,"Rossi","Niteen"
"Sales",54631,"Levasseur","Fumiya"
"Sales",95493,"Bernardeschi","Kensei"
"Sales",95745,"Yoshizawa","Luerbio"
"Sales",95756,"Jansch","Sampalli"
"Sales",95780,"Hammerschmidt","Kazuhito"
"Sales",109818,"Herber","Sajjad"
"Sales",96037,"Chimia","Feiyu"
"Sales",96070,"Kamber","Jaana"
"Sales",96178,"Perri","Mountaz"
"Sales",96181,"Weisert","Mabo"
"Sales",54578,"Pusterhofer","Kazuhito"
"Sales",442146,"Rosaz","Sasan"
"Sales",54546,"Lodder","Shuichi"
"Sales",96428,"Mellouli","Zeydy"
"Sales",96435,"Renear","Barton"
"Sales",96457,"Douceur","LiMin"
"Sales",96530,"Jiang","Guiseppe"
"Sales",459844,"Rabejac","Pranay"
"Sales",96749,"Lunt","Khun"
"Sales",96765,"Lunt","Kristin"
"Sales",96846,"Merel","Tran"
"Sales",109913,"Giveon","Howell"
"Sales",109917,"Baranowski","Magdalena"
"Sales",271893,"Godskesen","KayLiang"
"Sales",97084,"Mandell","Jinpo"
"Sales",97150,"Lipner","Thodoros"
"Sales",97156,"Ashish","Kitty"
"Sales",54237,"Undy","Shigehito"
"Sales",97585,"Vecchio","Aram"
"Sales",97640,"Famili","Tsuneo"
"Sales",97653,"Foote","Zhiguo"
"Sales",200455,"Businaro","Aksel"
"Sales",200473,"Angelopoulos","Xiahua"
"Sales",97708,"Marciano","Alexius"
"Sales",97897,"Flasterstein","Mikhail"
"Sales",271927,"Vesel","Gino"
"Sales",97989,"Remmele","Lenore"
"Sales",289615,"Hashii","Deniz"
"Sales",53996,"Dulli","Ramzi"
"Sales",98286,"Ciolek","Saeed"
"Sales",98289,"Benner","Nakhoon"
"Sales",289619,"Mundy","Jiafu"
"Sales",98327,"Jiang","Shmuel"
"Sales",98336,"Ouhyoung","Piyawadee"
"Sales",53990,"Cunliffe","Jaana"
"Sales",98373,"Luit","Uli"
"Sales",98958,"Denos","Jaideep"
"Sales",53950,"Remmele","Odinaldo"
"Sales",53920,"Begiun","Tesuya"
"Sales",99009,"Shimshoni","Kolar"
"Sales",99045,"Tyugu","Adly"
"Sales",53911,"Peyn","Maria"
"Sales",271970,"Colorni","Ziyad"
"Sales",53871,"Hebert","Xudong"
"Sales",99209,"Roohalamini","Angus"
"Sales",99400,"Decaestecker","Hitomi"
"Sales",99407,"Nitsch","Niteen"
"Sales",99438,"Prochazka","Vidar"
"Sales",99443,"Woycyznski","Zita"
"Sales",99478,"Businaro","Hyuckchul"
"Sales",99481,"Akaboshi","Arnd"
"Sales",459669,"Nishimukai","JiYoung"
"Sales",53384,"Litzler","Persi"
"Sales",53361,"Puppo","Chrisa"
"Sales",100170,"Fiutem","Alagu"
"Sales",100204,"Honglei","TRUE"
"Sales",459665,"Zucker","Almudena"
"Sales",100436,"Gini","Subhankar"
"Sales",100454,"Rabejac","Jouni"
"Sales",100513,"Walston","Kenroku"
"Sales",100529,"Gien","Chenyi"
"Sales",100571,"Peek","Lech"
"Sales",100586,"Murillo","Arra"
"Sales",100602,"Kinley","Ingmar"
"Sales",200920,"Nitto","Ung"
"Sales",100644,"Basawa","Marek"
"Sales",53090,"Furedi","Kazuhisa"
"Sales",53084,"Perry","Fun"
"Sales",100669,"Trachtenberg","Shakhar"
"Sales",200930,"Mitzlaff","Adil"
"Sales",100704,"Mandelberg","Zhanqiu"
"Sales",100713,"Pena","Lech"
"Sales",100894,"Maierhofer","Aimee"
"Sales",53066,"Pulkowski","Khosrow"
"Sales",100918,"Schwabacher","Tadanori"
"Sales",200947,"Perelgut","Troy"
"Sales",53059,"Impagliazzo","Sachin"
"Sales",52835,"Syrzycki","Yongmin"
"Sales",100956,"Gruenwald","Armond"
"Sales",52806,"Zielinski","Alexius"
"Sales",52798,"Peyn","Tokuyasu"
"Sales",101126,"Asrin","Yongdong"
"Sales",101130,"Veeraraghavan","Chikako"
"Sales",52797,"Suri","Otmar"
"Sales",101414,"DasSarma","Xiaoheng"
"Sales",101421,"Marciano","Fay"
"Sales",101445,"Dehkordi","Remzi"
"Sales",101483,"Bernini","Phule"
"Sales",459584,"Conti","Shiv"
"Sales",201023,"Mellouli","Goh"
"Sales",101763,"Vecchio","Sanjit"
"Sales",101785,"Katalagarianos","Noritoshi"
"Sales",52723,"Plump","JiYoung"
"Sales",52722,"Zeidenstein","Youssef"
"Sales",101841,"Karnin","Khosrow"
"Sales",52706,"Litvinov","Moheb"
"Sales",101860,"Hellwagner","Jouni"
"Sales",272033,"Rassart","Leif"
"Sales",201048,"Mateescu","Dayanand"
"Sales",52691,"Redmiles","Shimshon"
"Sales",101910,"Muntz","Tsvetan"
"Sales",101914,"Benaini","Arve"
"Sales",101924,"Chinal","Kendra"
"Sales",52686,"Melski","Ravishankar"
"Sales",101966,"Thiran","Susuma"
"Sales",101999,"Nicolson","Abdelaziz"
"Sales",201055,"Kakkar","Gunilla"
"Sales",459567,"Navazio","Zeljko"
"Sales",272041,"Gimarc","Younwoo"
"Sales",272049,"Grabner","Kenroku"
"Sales",102414,"Monkewich","Tsz"
"Sales",102460,"Welham","Hideyuki"
"Sales",52168,"Rosen","Adas"
"Sales",102490,"Bernick","Guozhong"
"Sales",52139,"Shinomoto","Kristen"
"Sales",201770,"Rodham","Weijing"
"Sales",102559,"Vanwelkenhuysen","Hairong"
"Sales",102562,"Farrel","Kamakshi"
"Sales",52122,"Vernadat","Anneke"
"Sales",102773,"Atrawala","Hein"
"Sales",201791,"Hiyoshi","Chinhyun"
"Sales",201797,"Szilard","Toshiki"
"Sales",102872,"Melski","Yongdong"
"Sales",201798,"Benner","Matt"
"Sales",52072,"Georg","Zeydy"
"Sales",201856,"Ginesta","Shem"
"Sales",102962,"Kobara","Chirstian"
"Sales",459551,"Jervis","Amalendu"
"Sales",52059,"Kuzuoka","Martina"
"Sales",52053,"Meriste","Makato"
"Sales",201878,"Binding","Mani"
"Sales",103256,"Denny","Kensyu"
"Sales",272139,"Zwicker","Guangming"
"Sales",103317,"Werthner","Aram"
"Sales",202129,"Luef","Shao"
"Sales",103398,"Schreiter","Nikolaos"
"Sales",103399,"Parfitt","Goa"
"Sales",103406,"Brookman","Gino"
"Sales",103436,"Chorvat","Goh"
"Sales",459540,"Hambrick","Stepehn"
"Sales",272161,"Orlowska","Reinhold"
"Sales",103517,"Haraldson","Olivera"
"Sales",103767,"Cochrane","Huei"
"Sales",103789,"Malabarba","Francoise"
"Sales",103805,"Dechter","Zeydy"
"Sales",103807,"Plesums","Pascal"
"Sales",202223,"Waschkowski","Marit"
"Sales",103898,"Rosin","Saeed"
"Sales",103899,"Unni","Odoardo"
"Sales",103907,"Jakobus","Tokuyasu"
"Sales",103915,"Gaughan","Tru"
"Sales",51809,"Rodiger","Bokyung"
"Sales",103982,"Cunliffe","Valeska"
"Sales",51792,"Merkl","Aral"
"Sales",104312,"Hettesheimer","Suzette"
"Sales",104319,"Sherertz","Toney"
"Sales",104383,"Mapelli","Guenter"
"Sales",104388,"Streng","Makato"
"Sales",104403,"Gaughan","Danny"
"Sales",104445,"Wursthorn","Rasikan"
"Sales",202680,"Kohling","Izaskun"
"Sales",104536,"Ernst","Shooichi"
"Sales",104542,"Rosaz","Yahiko"
"Sales",459524,"Pero","Joydip"
"Sales",272188,"Luck","Vasilii"
"Sales",51762,"Moehrke","Kousuke"
"Sales",104836,"Stasinski","Stein"
"Sales",104858,"Isaak","Jiong"
"Sales",104908,"Baja","Qingxiang"
"Sales",202703,"Trelles","Janche"
"Sales",105127,"Oxman","Gilbert"
"Sales",105158,"Gecsei","Gina"
"Sales",105595,"Hmelo","Gino"
"Sales",105645,"Lammel","Mayuko"
"Sales",105673,"Wilharm","Juichirou"
"Sales",105921,"Gubsky","Willard"
"Sales",105934,"Langford","Gor"
"Sales",272222,"McConalogue","Heng"
"Sales",106012,"Redmiles","Cheong"
"Sales",106049,"Zhang","Tran"
"Sales",272400,"Andreotta","Nishit"
"Sales",106060,"Underwood","Remko"
"Sales",106074,"Lung","Prasadram"
"Sales",106431,"Barreiro","Danil"
"Sales",51181,"Sabnani","Val"
"Sales",106447,"Herber","Tadanori"
"Sales",106454,"Lovengreen","Uriel"
"Sales",106485,"Rettelbach","Mayumi"
"Sales",203054,"Krohn","Hausi"
"Sales",50987,"Bierman","Janche"
"Sales",106630,"Maliniak","Vojin"
"Sales",106638,"Famili","Eben"
"Sales",106675,"Liesche","Adin"
"Sales",203076,"Peek","Huai"
"Sales",107434,"Leaver","Pranas"
"Sales",107443,"Yurov","Yahiko"
"Sales",459344,"Impagliazzo","Ferdinand"
"Sales",107480,"Figueira","Kayoko"
"Sales",203089,"Litecky","Martins"
"Sales",107502,"Thorensen","Munehiko"
"Sales",272463,"Ranka","Constantijn"
"Sales",50920,"Kilgore","Kwan"
"Sales",203323,"Slutz","Sachio"
"Sales",108167,"Versino","Khalil"
"Sales",459336,"Parascandalo","Satoru"
"Sales",108219,"Yetto","Weiwu"
"Sales",108426,"Markovitch","Susumu"
"Sales",50893,"Garrabrants","Tayeb"
"Sales",108460,"Peroz","Roded"
"Sales",50884,"Sethi","Berto"
"Sales",108541,"Mapelli","Jordanka"
"Sales",108621,"Roohalamini","Saeko"
"Sales",108629,"Sudbeck","Huan"
"Sales",50874,"Lanzelotte","Kish"
"Sales",108732,"Koyama","JoAnna"
"Sales",50844,"Pocchiola","Kousuke"
"Sales",272772,"DeMori","Ingemar"
"Sales",50636,"Isaak","Kristine"
"Sales",50627,"Brodal","Hatem"
"Sales",289692,"Muniz","Ekawit"
"Sales",203437,"Vesel","Aemilian"
"Sales",109385,"Bernini","Valery"
"Sales",289704,"Bouloucos","Alair"
"Sales",50606,"Badr","Mohua"
"Sales",50582,"DeMori","Dines"
"Sales",50569,"Sommer","Fox"
"Sales",109606,"Pouyioutas","Gita"
"Sales",109641,"Emmart","Chrisa"
"Sales",50545,"Fairtlough","Giordano"
"Sales",50510,"Luon","Mandell"
"Sales",109719,"Roohalamini","Martins"
"Sales",109939,"Magalhaes","Hercules"
"Sales",50319,"Schwaller","Maia"
"Sales",200025,"Luit","Alper"
"Sales",200041,"Linares","Vishwani"
"Sales",200049,"Penz","Phillip"
"Sales",200059,"Glowinski","Gererd"
"Sales",272843,"Lieberherr","Eran"
"Sales",200100,"Akaboshi","Kazuhito"
"Sales",203563,"Dehkordi","Ugo"
"Sales",203578,"Codenie","Vojin"
"Sales",50305,"Salinas","Chaitali"
"Sales",200169,"Staylopatis","Aria"
"Sales",203595,"Ariola","Aria"
"Sales",203611,"Herber","Zongyan"
"Sales",50294,"Cronan","Arto"
"Sales",200205,"Henders","Shugo"
"Sales",200229,"Marciano","Ashish"
"Sales",200234,"Montresor","Jeanna"
"Sales",200281,"Schach","Cheong"
"Sales",200289,"Schurmann","Thodoros"
"Sales",50270,"Narwekar","Maia"
"Sales",458906,"Luce","Cheong"
"Sales",272848,"Silva","Kazuhira"
"Sales",200582,"Standera","Doohun"
"Sales",203687,"Harbusch","Sanjai"
"Sales",200616,"Himler","Sverrir"
"Sales",200658,"Gire","Nathan"
"Sales",203742,"Poehlman","Vishv"
"Sales",200722,"Delgrande","Nahla"
"Sales",50189,"Marchesini","Weiye"
"Sales",203751,"Constantine","Xiong"
"Sales",201306,"Landherr","Mani"
"Sales",201309,"Rosiles","Mandell"
"Sales",201312,"Pocchiola","Tokuyasu"
"Sales",272879,"Fontet","Ashish"
"Sales",50177,"Feldmann","Piyush"
"Sales",49981,"Hofstetter","Mads"
"Sales",203802,"Aamodt","Berry"
"Sales",49964,"Baranowski","Christoph"
"Sales",201412,"Gammage","Jagoda"
"Sales",201426,"Sudkamp","Garnet"
"Sales",201437,"Zirintsis","Aamod"
"Sales",201455,"Conde","Yagil"
"Sales",49955,"Wissmann","Vugranam"
"Sales",203832,"Perko","Kankanahalli"
"Sales",201568,"Peot","Rajmohan"
"Sales",203865,"Markovitch","Fumiyo"
"Sales",203879,"Emden","Cristinel"
"Sales",201738,"Falby","Tadahiko"
"Sales",201925,"Alvarado","Persi"
"Sales",201960,"Minakawa","Gina"
"Sales",201989,"Schmezko","Maja"
"Sales",203886,"Rijsenbrij","Mansur"
"Sales",203888,"Miculan","Hausi"
"Sales",202013,"Luders","Tremaine"
"Sales",202338,"Bahr","Piyawadee"
"Sales",49472,"Hitomi","Dipankar"
"Sales",202372,"Msuda","Bernardo"
"Sales",49465,"Schusler","Chenyi"
"Sales",202469,"Schaad","Siamak"
"Sales",202495,"Suppi","Mabhin"
"Sales",202570,"Back","Leaf"
"Sales",49356,"Angot","Shem"
"Sales",202834,"Syang","Tristan"
"Sales",202839,"Mansanne","Barton"
"Sales",204006,"Murtagh","Lene"
"Sales",49341,"Klerer","Basem"
"Sales",202919,"Eugenio","Ult"
"Sales",203129,"Pfau","Yolla"
"Sales",203171,"Angiulli","Marla"
"Sales",49157,"Shumilov","Lucien"
"Sales",203192,"Perna","Shuichi"
"Sales",203193,"Peek","Mountaz"
"Sales",204089,"Cannard","Hatem"
"Sales",203207,"Anandan","Stepehn"
"Sales",204090,"Collette","Brigham"
"Sales",203216,"Hofman","Seongbin"
"Sales",49099,"Fendler","Conrado"
"Sales",203233,"Chiodo","Jianhui"
"Sales",203236,"Bamford","Keiichiro"
"Sales",49068,"Cronan","Yishay"
"Sales",204813,"Lally","Arco"
"Sales",458810,"Rousseau","Carrsten"
"Sales",204848,"Christianini","Takanari"
"Sales",204127,"Muhlberg","Radhakrishnan"
"Sales",204919,"Kavvadias","Nakhoon"
"Sales",205271,"Plump","Morris"
"Sales",205312,"Matzat","Arco"
"Sales",205335,"Janetzko","Gina"
"Sales",205364,"Chimia","Nikolaus"
"Sales",204216,"Ellozy","Mrinalini"
"Sales",205400,"Litzkow","Quingbo"
"Sales",205423,"Gonthier","Manibrata"
"Sales",205626,"Ozeki","Kwan"
"Sales",205631,"Erman","Shih"
"Sales",49040,"Ghazalie","Aram"
"Sales",205698,"Lally","Rosli"
"Sales",205736,"Thisen","Hilary"
"Sales",205981,"Quittner","Parviz"
"Sales",205998,"Hofmeyr","Hidekazu"
"Sales",206066,"Chenoweth","Uzi"
"Sales",48757,"Gecseg","Stella"
"Sales",204287,"Rande","Rayond"
"Sales",204289,"Servieres","Gaurav"
"Sales",48756,"Kowalchuk","Kousuke"
"Sales",206407,"Angelopoulos","Miyeon"
"Sales",206425,"Compeau","Chinho"
"Sales",206434,"Msuda","Navid"
"Sales",206661,"Collavizza","Lucien"
"Sales",48718,"Polajnar","Bodh"
"Sales",206720,"Lally","Inderjeet"
"Sales",48716,"Merlo","Domenick"
"Sales",206738,"Cherinka","Kristinn"
"Sales",206744,"Radivojevic","Kenton"
"Sales",48491,"Azuma","Uwe"
"Sales",204350,"Pintelas","Mahmut"
"Sales",458751,"Dusink","Rasiah"
"Sales",48436,"Lanteri","Yakkov"
"Sales",207055,"Ducloy","Jaques"
"Sales",207073,"Lamparter","Owen"
"Sales",204393,"Taubenfeld","Marsal"
"Sales",207314,"Anily","Laurentiu"
"Sales",48403,"Krider","Hongzue"
"Sales",207328,"Waeselynck","Odinaldo"
"Sales",207330,"Beutelspacher","Gennady"
"Sales",207416,"Kuhnemann","Gaurav"
"Sales",207419,"Rissanen","Marsal"
"Sales",207430,"Ebeling","Gay"
"Sales",204429,"Marshall","JiYoung"
"Sales",48384,"Speer","Leszek"
"Sales",207458,"Chenney","Gregory"
"Sales",48371,"Krupka","Valery"
"Sales",207482,"Griswold","Apostol"
"Sales",207557,"Escriba","Xudong"
"Sales",207567,"Chleq","Tomofumi"
"Sales",207813,"Buchter","Xianlong"
"Sales",207821,"Farrar","Kerhong"
"Sales",207907,"Parhami","Younwoo"
"Sales",208152,"Miyakawa","Bogdan"
"Sales",48325,"Rajaraman","Anneke"
"Sales",48097,"Salinas","Nakhoon"
"Sales",208276,"Pena","Ulf"
"Sales",48044,"Luga","Zhonghui"
"Sales",208531,"Peyn","Dmitry"
"Sales",458660,"England","Yonghoan"
"Sales",208573,"Olivero","Xiaoheng"
"Sales",208612,"McDermid","Eckart"
"Sales",208633,"Eldridge","Abdelaziz"
"Sales",208689,"Barvinok","Hideo"
"Sales",208742,"Ruther","Heather"
"Sales",208757,"Brendel","Chrisa"
"Sales",208766,"Ashish","Masadi"
"Sales",208777,"Tsunoo","Cullen"
"Sales",208967,"Kobuchi","Sailaja"
"Sales",204604,"Erman","Baoqiu"
"Sales",208999,"Rodiger","Piyawadee"
"Sales",209015,"Bharadwaj","Xumin"
"Sales",47819,"Seuren","Adib"
"Sales",47799,"Mukaidono","Jongsuk"
"Sales",209297,"Gronowski","Chaoyi"
"Sales",209298,"Farrel","Masasuke"
"Sales",272980,"Vesel","Kwee"
"Sales",47778,"Benzaken","Lucien"
"Sales",47775,"Kobuchi","Florian"
"Sales",439496,"Cronin","Jouko"
"Sales",47755,"Hasham","Mihalis"
"Sales",209397,"Paludetto","Sahrah"
"Sales",209429,"Pfau","Leszek"
"Sales",209440,"Servieres","Boalin"
"Sales",204663,"Argence","Eldridge"
"Sales",47700,"Poulakidas","Rasiah"
"Sales",289747,"Casperson","Alagu"
"Sales",47313,"Kowalchuk","Marjo"
"Sales",209594,"Feinberg","Geoffry"
"Sales",209597,"Kalefeld","Jiang"
"Sales",204689,"Copas","Hairong"
"Sales",209680,"Mersereau","Sudharsan"
"Sales",209696,"Markovitch","Gopalakrishnan"
"Sales",441990,"Servi","Yuriy"
"Sales",209725,"Jiang","Lijia"
"Sales",209727,"Ranum","Xiaoshan"
"Sales",47209,"Kamber","Almudena"
"Sales",209745,"Chelton","Zhiguo"
"Sales",458564,"Portugali","Shmuel"
"Sales",209785,"Zeilberger","Arie"
"Sales",209868,"Rusmann","Duke"
"Sales",204737,"Huhdanpaa","Duro"
"Sales",204739,"Gelosh","Hisao"
"Sales",46910,"Maccarone","Marsja"
"Sales",209988,"Pelz","Niteen"
"Sales",210001,"Delaune","Xiaoqiu"
"Sales",210016,"Fendler","Qingxiang"
"Sales",210032,"Szemeredi","Jaber"
"Sales",210042,"Hitomi","Alejandra"
"Sales",204757,"Vigier","Kensei"
"Sales",210080,"Perl","Premal"
"Sales",441977,"Wegerle","Syozo"
"Sales",458540,"Luga","Nobuyoshi"
"Sales",458525,"Angiulli","Amstein"
"Sales",210183,"Comyn","Udi"
"Sales",210198,"Baig","Brendon"
"Sales",46864,"Sooriamurthi","Ferdinand"
"Sales",210274,"Aumann","Otilia"
"Sales",205000,"Griswold","Charmane"
"Sales",210306,"Emden","Shigeo"
"Sales",46853,"Walston","Aiichiro"
"Sales",46848,"Parfitt","Patricia"
"Sales",210394,"Chorvat","Dinah"
"Sales",46832,"Asmuth","Berto"
"Sales",210409,"Baba","Hironobu"
"Sales",46830,"Schlegelmilch","Kirk"
"Sales",210430,"Matzke","Zito"
"Sales",210431,"Diderrich","Giao"
"Sales",441962,"Sluis","Oscal"
"Sales",205074,"Berendt","Alselm"
"Sales",210522,"Braunschweig","Adit"
"Sales",205107,"Comellas","Kenroku"
"Sales",210538,"Jayawardene","Bikash"
"Sales",273268,"Swen","Chiranjit"
"Sales",210582,"Crelier","Guoxiang"
"Sales",46577,"Sambasivam","Fusako"
"Sales",210637,"Jonsson","Mariangiola"
"Sales",210777,"Gihr","Hideo"
"Sales",210832,"Hardjono","Fumino"
"Sales",46524,"Provine","Geoffrey"
"Sales",273317,"Kawashimo","Zissis"
"Sales",46484,"Rabehasaina","Neelam"
"Sales",211205,"Pileggi","Tuval"
"Sales",205235,"Itschner","Willard"
"Sales",211239,"Heering","Ute"
"Sales",211257,"Bojadziev","Billur"
"Sales",46300,"Couchot","Yinghua"
"Sales",205251,"Mullainathan","Fai"
"Sales",213469,"Hanabata","Tayeb"
"Sales",213590,"Whitcomb","Zvonko"
"Sales",213625,"Katzenelson","Fun"
"Sales",46151,"Fontan","Munehiko"
"Sales",458428,"Peck","Hugh"
"Sales",273364,"Pocchiola","Urs"
"Sales",205545,"Compeau","Tianruo"
"Sales",213801,"Alameldin","Aruna"
"Sales",45895,"Vural","Sajjad"
"Sales",45889,"Chepyzhov","Vidar"
"Sales",215097,"Baumann","Mads"
"Sales",45816,"Shumilov","Odoardo"
"Sales",215252,"Compeau","Barna"
"Sales",215282,"Stasinski","Panayotis"
"Sales",215287,"Krohn","Hatim"
"Sales",215336,"Vidal","Hilari"
"Sales",215410,"Rosch","Mabhin"
"Sales",45595,"Demizu","Maya"
"Sales",273591,"Shackell","Yinghua"
"Sales",45512,"Czaja","Matk"
"Sales",215464,"Lorin","TRUE"
"Sales",45501,"Dulay","Zhilian"
"Sales",216827,"Quittner","Sadegh"
"Sales",216831,"Heydon","Youpyo"
"Sales",205831,"Alameldin","Mahmut"
"Sales",205871,"Butner","Geoffry"
"Sales",205873,"Copas","Margo"
"Sales",216916,"Poehlman","Caolyn"
"Sales",216919,"Rijckaert","Serge"
"Sales",216930,"Skogmar","Marco"
"Sales",216955,"Bazzichi","Somnath"
"Sales",45406,"Vilarrasa","Masaki"
"Sales",216993,"Pardalos","Avishai"
"Sales",45404,"Biros","Uzi"
"Sales",217013,"Nitta","Sanjai"
"Sales",217023,"Pleszkun","Shay"
"Sales",217026,"Engberts","Otmar"
"Sales",273603,"Callaway","Siamak"
"Sales",217043,"Cyne","Muzhong"
"Sales",217047,"Kavraki","Rosine"
"Sales",217058,"Hartvigsen","Yakichi"
"Sales",217070,"Gargeya","Aksel"
"Sales",217084,"Camarinopoulos","Oddvar"
"Sales",217104,"Standera","Cullen"
"Sales",45386,"Radhakrishnan","Kellyn"
"Sales",45377,"Flasterstein","Temple"
"Sales",217217,"Castellani","Tuval"
"Sales",217222,"Lyonns","Rasikan"
"Sales",217223,"Tibblin","Tsutomu"
"Sales",45361,"Brookman","Frederique"
"Sales",45305,"Morrow","Gretta"
"Sales",45302,"Demke","Miquel"
"Sales",218017,"Narlikar","Feipei"
"Sales",218043,"Katiyar","Kenroku"
"Sales",218051,"Czap","Seongbin"
"Sales",206111,"Hmelo","Guoxiang"
"Sales",45214,"Zlotek","JoAnne"
"Sales",218091,"Oaver","Tomofumi"
"Sales",45194,"Baek","Tsz"
"Sales",218108,"Camurati","Douadi"
"Sales",218123,"Facello","Gino"
"Sales",218188,"Weedon","Uinam"
"Sales",291501,"Delgrande","Fumitaka"
"Sales",273626,"Scallan","Bluma"
"Sales",218217,"Bernick","Wuxu"
"Sales",218273,"DiGiano","Giap"
"Sales",218340,"Fujisawa","Dipayan"
"Sales",45157,"Bahi","Turgut"
"Sales",218383,"Garnick","Teunis"
"Sales",218516,"Kitai","Shunichi"
"Sales",44940,"Buchter","Luisa"
"Sales",458373,"Warwick","Arno"
"Sales",441904,"Sambasivam","Rosalyn"
"Sales",218592,"McDermid","Shalesh"
"Sales",218634,"Zobel","Mori"
"Sales",218646,"McFarlan","Etsuo"
"Sales",206228,"Karunanithi","Xiadong"
"Sales",206245,"Velardi","Sreenivas"
"Sales",218727,"Kermarrec","Shigeo"
"Sales",44925,"Kawashima","Martien"
"Sales",218770,"Chimia","Maris"
"Sales",218776,"Escriba","Ulises"
"Sales",206451,"Underwood","Susanna"
"Sales",44924,"Azevdeo","Divier"
"Sales",218841,"DuCasse","Lenore"
"Sales",206476,"Schicker","Leni"
"Sales",218966,"Pargaonkar","Magy"
"Sales",206494,"Compeau","Geoffrey"
"Sales",219003,"Heyers","Elliott"
"Sales",219009,"Thombley","Zhanqiu"
"Sales",219017,"Cangellaris","Atilio"
"Sales",44873,"Raczkowsky","Eberhardt"
"Sales",219039,"Schrift","Mrinalini"
"Sales",206500,"Monkewich","Roddy"
"Sales",219111,"McFarlin","Huei"
"Sales",44865,"Harnett","Tianruo"
"Sales",219161,"Ranta","Ingemar"
"Sales",219226,"Pillow","Danai"
"Sales",44602,"Marciano","Youpyo"
"Sales",219298,"Lortz","Brigham"
"Sales",219320,"Smailagic","Aleksander"
"Sales",219332,"Verhoeff","Shaowen"
"Sales",219349,"Kilgour","Subhankar"
"Sales",219351,"Ouhyoung","Arun"
"Sales",219377,"Remmers","Miyeon"
"Sales",206594,"Rodite","Mantis"
"Sales",219441,"Shokrollahi","Kamakshi"
"Sales",44568,"Daescu","Peer"
"Sales",206787,"Luce","Chikako"
"Sales",219487,"Qiwen","Sushant"
"Sales",206843,"Mukaidono","Kish"
"Sales",206844,"Coney","Sudhanshu"
"Sales",44554,"Nitsche","Jingling"
"Sales",206860,"Pargaonkar","Kazuhide"
"Sales",206873,"Kilgour","Cedric"
"Sales",219652,"Wissmann","Jingling"
"Sales",206892,"Mitina","Matt"
"Sales",219684,"Pelc","Yuichiro"
"Sales",219717,"Penttonen","Conrado"
"Sales",206922,"Wilfing","Hugh"
"Sales",219761,"Lupu","Moss"
"Sales",219766,"Serre","Mani"
"Sales",219792,"Ecklund","Rafael"
"Sales",219820,"Tsukune","Nectarios"
"Sales",219869,"Juneja","Odinaldo"
"Sales",44462,"Rando","Sanjai"
"Sales",44460,"Schapiro","Eric"
"Sales",44456,"Ratzlaff","Marsal"
"Sales",44452,"Haumacher","Itzchak"
"Sales",219948,"Masamoto","Rosalyn"
"Sales",219971,"Straney","Bernice"
"Sales",219976,"Tzvieli","Mikhail"
"Sales",219994,"Broomell","Akemi"
"Sales",219998,"Lindqvist","Lijia"
"Sales",220004,"Karnin","Erzsebet"
"Sales",220036,"Cichocki","Chriss"
"Sales",207126,"Swen","Mohit"
"Sales",220184,"Emiris","Mahendra"
"Sales",44366,"Chinal","Alois"
"Sales",44358,"Munck","Tzvetan"
"Sales",220323,"Hainaut","Tomoyuki"
"Sales",44302,"Zolotykh","Nishit"
"Sales",44282,"Crabtree","Rajmohan"
"Sales",44254,"Kropp","Zine"
"Sales",220422,"Sundgren","Marjo"
"Sales",458197,"Perin","Conal"
"Sales",273778,"Landherr","Maik"
"Sales",220520,"Schrooten","Vasiliy"
"Sales",220544,"Chenoweth","Sadun"
"Sales",44210,"Heering","Marke"
"Sales",220602,"Falster","Shahar"
"Sales",220638,"Schaft","Mohammad"
"Sales",220642,"Srimani","Cathie"
"Sales",44203,"Carrera","Jayson"
"Sales",220646,"Waymire","DeForest"
"Sales",220647,"Luca","Naftali"
"Sales",221177,"Schreiter","Yoshimitsu"
"Sales",44198,"Tramer","Jamaludin"
"Sales",221222,"Schwartzbauer","Arunachalam"
"Sales",221223,"Vandervoorde","Mariangiola"
"Sales",44188,"Peac","Slavian"
"Sales",458175,"Luders","Mats"
"Sales",221330,"Nooteboom","Moto"
"Sales",221721,"Kopetz","Tonia"
"Sales",221767,"Ellozy","Lakshmi"
"Sales",221776,"Cullers","Aruna"
"Sales",221818,"Coullard","Djenana"
"Sales",44081,"Matheson","JoAnna"
"Sales",221824,"Orsini","Parviz"
"Sales",221832,"Nitto","Kiam"
"Sales",222347,"Servieres","Indrajit"
"Sales",222388,"Percebois","Prasadram"
"Sales",458157,"Lakshmanan","Matt"
"Sales",222449,"Grandbois","Petter"
"Sales",207679,"Rosti","Vasilis"
"Sales",222463,"Zaccaria","Tokuyasu"
"Sales",458131,"Xiaoshan","Kensyu"
"Sales",222489,"Stentiford","Menkae"
"Sales",222491,"Zweizig","Guadalupe"
"Sales",222499,"Gunderson","Yurij"
"Sales",44040,"Valiente","Yakkov"
"Sales",207681,"Zongker","Changho"
"Sales",44000,"Veccia","Aamod"
"Sales",43987,"Kermarrec","Kwun"
"Sales",223037,"Miara","Denis"
"Sales",223051,"Langford","Annemarie"
"Sales",223074,"Kugler","Cordelia"
"Sales",207712,"Bolsens","Harjit"
"Sales",223116,"Swen","Inderjeet"
"Sales",207719,"Leonhardt","Masako"
"Sales",223168,"Krzyzanowski","Oksana"
"Sales",43888,"Baalen","Sushant"
"Sales",207731,"Cannane","Geoffrey"
"Sales",273870,"Ruemmler","Duke"
"Sales",43802,"Boguraev","Elvis"
"Sales",43788,"Muhlberg","Gretta"
"Sales",223671,"Neimat","Yonghoan"
"Sales",223677,"Horswill","Lidong"
"Sales",43748,"Quadeer","Parke"
"Sales",207957,"Luders","Rildo"
"Sales",224308,"Ranta","Yahiko"
"Sales",207969,"Verhoeff","Macha"
"Sales",273886,"Munoz","Woody"
"Sales",224691,"Esposito","Shir"
"Sales",43718,"Parveen","Kerhong"
"Sales",224710,"DuBourdieux","Bodh"
"Sales",224721,"Sury","Yannik"
"Sales",224776,"Salinas","Thanasis"
"Sales",224801,"Leonhardt","Mohamadou"
"Sales",224805,"Isaac","Sanjeeva"
"Sales",43697,"Soicher","Zdislav"
"Sales",224877,"Siksek","Uno"
"Sales",289789,"Viele","Berthier"
"Sales",273905,"Karunanithi","Gadiel"
"Sales",458047,"Denos","Gaetan"
"Sales",225043,"Zirintsis","Roselyn"
"Sales",225132,"Junet","Zito"
"Sales",208103,"Perna","Sarita"
"Sales",225143,"Levergood","Kwok"
"Sales",208105,"Aumann","Cedric"
"Sales",225217,"Reinhart","Nahid"
"Sales",225264,"Bahl","Badri"
"Sales",273938,"Kriebel","Along"
"Sales",208310,"Schrooten","Aria"
"Sales",43678,"Bernick","Shawna"
"Sales",225323,"Sidhu","Morrie"
"Sales",43670,"Randi","JoAnna"
"Sales",225337,"Ghelli","Kazuhito"
"Sales",43664,"Maliniak","Remmert"
"Sales",208336,"Ibel","Ranga"
"Sales",225430,"Birke","Xiahua"
"Sales",225488,"Vieri","Martijn"
"Sales",225515,"Herber","Jenwei"
"Sales",225518,"Zyda","Owen"
"Sales",43640,"Luef","Stepehn"
"Sales",225547,"Naudin","Florian"
"Sales",208364,"Codenie","Shigeo"
"Sales",225584,"Kemmerer","Xiaoqiang"
"Sales",43466,"Kusalik","Yuping"
"Sales",225604,"Sessa","Shooichi"
"Sales",225657,"Chenoweth","Xiaoheng"
"Sales",225659,"Erdi","Shahar"
"Sales",225668,"Nyrup","Mingzeng"
"Sales",208379,"Cappelli","Nevio"
"Sales",225682,"Gargeya","Dipayan"
"Sales",43416,"DiGiano","Nikolaos"
"Sales",225694,"Besancenot","Tsuneo"
"Sales",43403,"Giarratana","Giordano"
"Sales",225802,"Kushnir","Amalendu"
"Sales",225806,"Stanfel","Narain"
"Sales",225924,"Orsini","Chaitali"
"Sales",225931,"Ranon","Duke"
"Sales",43297,"Kamble","Shirish"
"Sales",226054,"Miyakawa","Val"
"Sales",226097,"Xiaoshan","Weiye"
"Sales",43233,"Fujisawa","Youssef"
"Sales",43222,"Angelopoulos","Lenore"
"Sales",208801,"Kriebel","Lucian"
"Sales",43210,"Terkki","Mariangiola"
"Sales",226270,"Honiden","Uwe"
"Sales",226366,"Vingron","Bernice"
"Sales",226397,"Rodite","Evgueni"
"Sales",42907,"Schwabacher","Fei"
"Sales",226485,"Lupu","Erzsebet"
"Sales",226599,"Milicia","Valeska"
"Sales",209129,"DeMori","Takahiro"
"Sales",42906,"Silva","Sudhanshu"
"Sales",226701,"Sundgren","Kiyotoshi"
"Sales",226706,"Gihr","Naftaly"
"Sales",226708,"Zedlitz","Bikash"
"Sales",226732,"Kolvik","Breannda"
"Sales",226786,"Liedekerke","Mandell"
"Sales",226824,"Bazelow","Jayson"
"Sales",226878,"Furedi","Abdulah"
"Sales",457921,"Hennebert","Hidde"
"Sales",42839,"Cannard","Remzi"
"Sales",226939,"Sullins","Yongmao"
"Sales",209177,"Mitzlaff","Sailaja"
"Sales",42823,"Grabner","Mahendra"
"Sales",226982,"Argence","Sadegh"
"Sales",227005,"Nitsche","Xiaoqiu"
"Sales",227032,"Gecseg","Susumu"
"Sales",209187,"Usery","Shigeaki"
"Sales",42614,"Bail","Atreyi"
"Sales",227177,"Mitzlaff","Xiaoqiang"
"Sales",227311,"Skafidas","Moty"
"Sales",227317,"Ventosa","Parviz"
"Sales",227345,"Billawala","Przemyslawa"
"Sales",42594,"Hoppenstand","Thodoros"
"Sales",227357,"Fairtlough","Premsyl"
"Sales",227440,"Angot","Zine"
"Sales",227465,"Ducloy","Bartek"
"Sales",209260,"Ouhyoung","Maya"
"Sales",228243,"Morrey","Yannis"
"Sales",42507,"Braunschweig","Sreekrishna"
"Sales",228320,"Murrill","Wonhee"
"Sales",228343,"Cochrane","Sudhanshu"
"Sales",228587,"Basagni","Katsuo"
"Sales",228609,"Seuren","Shmuel"
"Sales",228625,"Perri","Zhenbing"
"Sales",228631,"Erde","Elliott"
"Sales",228642,"Shrader","Jeanna"
"Sales",457880,"Segond","Chrisa"
"Sales",274012,"Ramaiah","Clyde"
"Sales",210981,"Gecsel","Phule"
"Sales",228694,"Ullian","Elrique"
"Sales",42451,"Chepyzhov","Thodoros"
"Sales",210995,"Muhlberg","Karsten"
"Sales",42444,"Kobuchi","Seongbin"
"Sales",228945,"Erdmenger","Yakichi"
"Sales",211015,"Fabrizio","Ute"
"Sales",229733,"Maquelin","Sariel"
"Sales",229739,"Suessmith","Chinho"
"Sales",42348,"Fontan","Masami"
"Sales",229834,"Katzenelson","Florian"
"Sales",42322,"Kemmerer","Anestis"
"Sales",229995,"Delgrossi","Feiyu"
"Sales",230032,"Pagter","Gadiel"
"Sales",42296,"Hoogerwoord","Chiradeep"
"Sales",42281,"Pollacia","Rimli"
"Sales",230220,"Cronau","Filipp"
"Sales",230259,"Kowalchuk","Horward"
"Sales",274018,"Chvatal","Adamantios"
"Sales",230361,"Thorensen","Gro"
"Sales",289835,"Kavvadias","Shaz"
"Sales",230480,"Bernini","Udo"
"Sales",42236,"Felder","Poornachandra"
"Sales",230509,"Ozery","Remzi"
"Sales",230518,"Gilg","Katsuo"
"Sales",230526,"Worfolk","Paraskevi"
"Sales",42160,"Dalphin","Bezalel"
"Sales",274057,"Hooghiemstra","Yonghoan"
"Sales",230769,"Krohn","Dipayan"
"Sales",230801,"Engberts","Giao"
"Sales",230802,"Herath","Susuma"
"Sales",230812,"Leaver","Along"
"Sales",41945,"Luan","Unal"
"Sales",441832,"Kaelbling","Wanqing"
"Sales",41917,"Schlumberger","Fumitake"
"Sales",231057,"Bhattacharjee","Ziyad"
"Sales",439452,"Zedlitz","Aram"
"Sales",231069,"Siksek","Trygve"
"Sales",231093,"Erev","Utpal"
"Sales",41880,"Tokunaga","Fox"
"Sales",41862,"Itzigehl","Ramalingam"
"Sales",211336,"Mawatari","Huan"
"Sales",231150,"Schaar","Jiong"
"Sales",231151,"Varman","Jessie"
"Sales",231157,"Feldhoffer","Pranjal"
"Sales",231163,"Dechter","Emran"
"Sales",211355,"Gischer","Tonny"
"Sales",231180,"Zizka","Remmert"
"Sales",231224,"Uludag","Bernd"
"Sales",231253,"Codenie","Hairong"
"Sales",231300,"Hasham","Tokuyasu"
"Sales",457767,"Vural","Sumant"
"Sales",211400,"Loncour","Ymte"
"Sales",231352,"Sooriamurthi","Fayez"
"Sales",41816,"Pettit","Gila"
"Sales",41807,"Serot","Chikara"
"Sales",231373,"Rosca","Behnaam"
"Sales",41800,"Gien","Elzbieta"
"Sales",211430,"Gyimothy","Udo"
"Sales",231410,"Sidou","Persi"
"Sales",211435,"Schneeberger","Makato"
"Sales",231442,"DeMori","Parto"
"Sales",41772,"Decaestecker","Leon"
"Sales",211449,"Yoshizawa","Yoshinari"
"Sales",211450,"Rouquie","Erez"
"Sales",231560,"Perna","Herbert"
"Sales",441826,"Einsfeld","Leandro"
"Sales",231580,"Baca","Christophe"
"Sales",231596,"Schnelling","Mariangiola"
"Sales",231640,"Muhlberg","Breannda"
"Sales",231654,"Vidal","Rasiah"
"Sales",231675,"Oskamp","Nidapan"
"Sales",231698,"Yurov","Zhanqiu"
"Sales",211463,"Gischer","Lene"
"Sales",231766,"Nannarelli","Rimli"
"Sales",231792,"Ullian","Goh"
"Sales",211492,"Openshaw","Arch"
"Sales",41706,"Walston","Saniya"
"Sales",457766,"Toyoshima","Adil"
"Sales",231817,"Nyanchama","Geoffry"
"Sales",274163,"Stemann","Weiru"
"Sales",231920,"Talmor","Munenori"
"Sales",211537,"Nergos","Guozhong"
"Sales",211566,"Trachtenberg","Bokyung"
"Sales",211572,"Hofman","Temple"
"Sales",289865,"Hofman","Doohun"
"Sales",274191,"Angiulli","Sibyl"
"Sales",232293,"Halevi","Niclas"
"Sales",232313,"Schiettecatte","Raimond"
"Sales",41687,"Alencar","Weidon"
"Sales",41682,"Ecklund","Alselm"
"Sales",232558,"Camarinopoulos","Sajjan"
"Sales",232568,"Bamford","Gunilla"
"Sales",232649,"Bauknecht","Anoosh"
"Sales",41647,"Baja","Petter"
"Sales",232657,"Basawa","Shir"
"Sales",232659,"Luiz","Rosalyn"
"Sales",41623,"Chorvat","Aluzio"
"Sales",232682,"Fasbender","Kazuhiro"
"Sales",232686,"Akiyama","Kazuhiko"
"Sales",232778,"Simmen","Amstein"
"Sales",232807,"Luca","Pranjal"
"Sales",274233,"Miake","Augustine"
"Sales",233136,"Ruther","Kauko"
"Sales",233198,"Mateescu","Mara"
"Sales",233222,"Bugrara","Kwangjo"
"Sales",233407,"Belinskaya","Debatosh"
"Sales",233432,"Bergere","Eldridge"
"Sales",274279,"Grandbois","Spyrose"
"Sales",233458,"Farrag","Lene"
"Sales",233493,"Kading","Kazuhisa"
"Sales",233528,"Pesch","Sanjai"
"Sales",233532,"Aloisi","Kamakshi"
"Sales",457747,"Peha","Brendon"
"Sales",41536,"Kamble","Krister"
"Sales",233590,"Soloway","Berna"
"Sales",233603,"Flanders","Vatsa"
"Sales",233613,"Masand","Nigel"
"Sales",233617,"Dahlbom","Moni"
"Sales",233698,"Kitai","Nevin"
"Sales",211742,"Muchinsky","Kannan"
"Sales",233731,"Kakkar","Kitty"
"Sales",233739,"Dratva","Debatosh"
"Sales",233761,"Perng","Elrique"
"Sales",233785,"Ballarin","Baziley"
"Sales",233794,"Perl","JoAnne"
"Sales",233827,"Reinhart","Piyush"
"Sales",211769,"Neimat","Mansur"
"Sales",233921,"Heiserman","Fusako"
"Sales",211775,"Haddadi","Uriel"
"Sales",41493,"Casperson","Kyoichi"
"Sales",41477,"Zirintsis","Dietrich"
"Sales",211788,"Oskamp","Mitsuyuki"
"Sales",233966,"Albarhamtoshy","Shimshon"
"Sales",211791,"Compeau","Bikash"
"Sales",234019,"Beeson","Venkatesan"
"Sales",41428,"Bierbaum","Shai"
"Sales",41409,"Levergood","Mikhail"
"Sales",41356,"Teitelbaum","Gil"
"Sales",234142,"Kusakari","Xiaoqiu"
"Sales",211836,"Schwartzburd","Nathan"
"Sales",234182,"Braunmuhl","Mountaz"
"Sales",234413,"Reinhart","Weiyi"
"Sales",41348,"Nitsch","Shin"
"Sales",234449,"Fujisaki","Morrie"
"Sales",234454,"Schonegge","Pohua"
"Sales",234482,"Gargeya","Syozo"
"Sales",457712,"Hennebert","Hyuckchul"
"Sales",234537,"Zlotek","Berry"
"Sales",234730,"Basagni","Leucio"
"Sales",234732,"Chachaty","Troy"
"Sales",234748,"Tsukune","Shaibal"
"Sales",234751,"Plessier","Shunichi"
"Sales",234777,"Badache","Hitofumi"
"Sales",234784,"Pettey","Gererd"
"Sales",41078,"Denna","Yunming"
"Sales",234815,"Steinauer","Lucien"
"Sales",41073,"Zaccaria","Arup"
"Sales",234831,"Ranka","Ramachenga"
"Sales",234886,"Perly","Kristof"
"Sales",234918,"Khalil","Kannan"
"Sales",234921,"Heemskerk","Tzvetan"
"Sales",439451,"Slobodova","Manohar"
"Sales",41028,"Miara","Augustine"
"Sales",234978,"Ambroszkiewicz","Akhilish"
"Sales",235041,"Stellhorn","Kshitij"
"Sales",235043,"Makrucki","Temple"
"Sales",235068,"Lampe","Moto"
"Sales",41020,"Chimia","Uma"
"Sales",235096,"Gyimothy","Sverrir"
"Sales",235102,"Manders","Kolar"
"Sales",235106,"Scallan","Sadegh"
"Sales",41008,"Paciorek","Heather"
"Sales",40994,"Lammel","Gudjon"
"Sales",212021,"Plessier","Arto"
"Sales",235220,"Barbanera","Dung"
"Sales",235238,"Albarhamtoshy","Pranjal"
"Sales",235271,"Azuma","Gregory"
"Sales",40604,"Muniz","Ung"
"Sales",235272,"Vesel","Arco"
"Sales",40598,"Mahmud","Berry"
"Sales",235377,"Kusalik","Guther"
"Sales",235387,"Zschoche","Adhemar"
"Sales",40535,"Kobuchi","Sailaja"
"Sales",235443,"Cunliffe","Yonghoan"
"Sales",457655,"Zlotek","Haldun"
"Sales",439448,"Mondadori","Irene"
"Sales",235516,"Lagarias","Heather"
"Sales",235530,"Buescher","Susumu"
"Sales",212099,"Lortz","Manton"
"Sales",235614,"Irland","Palash"
"Sales",235707,"Chimia","Eldridge"
"Sales",235742,"Kawashima","Sachin"
"Sales",235761,"Nicolson","Fabrizio"
"Sales",235794,"Gomatam","Phule"
"Sales",235817,"Sidou","Mingsen"
"Sales",235831,"Blokdijk","Yurij"
"Sales",235907,"Gerteisen","Francesca"
"Sales",236002,"Hedayat","Marit"
"Sales",40492,"Waterhouse","Sverrir"
"Sales",236012,"dAstous","Branimir"
"Sales",236041,"Nergos","Girolamo"
"Sales",236263,"Kaiser","JiYoung"
"Sales",40461,"Ohori","Jagoda"
"Sales",457602,"Bazzichi","Zhigen"
"Sales",441797,"Weisert","Boriana"
"Sales",236353,"Larfeldt","Subhash"
"Sales",40259,"Hartvigsen","Mana"
"Sales",236570,"Rehfuss","Nevin"
"Sales",40229,"Sommen","Jamaludin"
"Sales",40221,"Delaune","Kwangsub"
"Sales",40213,"Garnier","Samphel"
"Sales",236669,"Guerreiro","Poornachandra"
"Sales",236683,"Thebaut","Heon"
"Sales",236684,"Peng","Aamer"
"Sales",212262,"Mellouli","Bernt"
"Sales",236746,"Mattern","Maja"
"Sales",40169,"Isaac","Remco"
"Sales",236771,"Puppe","Gladys"
"Sales",212289,"Bruckman","Lena"
"Sales",236862,"Snyers","Honglan"
"Sales",236866,"Melter","Kensyu"
"Sales",212307,"Kirkerud","Leni"
"Sales",236910,"Orsini","Jordanka"
"Sales",212313,"Ushiama","Sahrah"
"Sales",236994,"Cronau","Nakhoon"
"Sales",39905,"Range","Muzhong"
"Sales",237075,"Bierbaum","Subhada"
"Sales",237086,"Jansen","Ipke"
"Sales",237097,"Maginnis","Hirochika"
"Sales",237192,"Yoshimura","Navin"
"Sales",237199,"Chinen","Subir"
"Sales",237205,"Worfolk","Tadanori"
"Sales",39896,"Puppo","Mayuri"
"Sales",212359,"Underwood","Ulf"
"Sales",212365,"Champarnaud","Leon"
"Sales",237261,"Smailagic","Aamod"
"Sales",237267,"Ullian","Augustine"
"Sales",237282,"Landherr","Reinhold"
"Sales",237293,"Lichtman","Steen"
"Sales",237319,"Joslin","Kenton"
"Sales",237320,"Suomi","Arve"
"Sales",457550,"Schlegelmilch","Mingdong"
"Sales",212427,"Impagliazzo","Abdelghani"
"Sales",237393,"Penttonen","Limsoon"
"Sales",237423,"Rodier","Mona"
"Sales",237437,"Litecky","Lein"
"Sales",237442,"Ponthieu","Susanne"
"Sales",289903,"Narahari","Radhika"
"Sales",39795,"Bennis","Toong"
"Sales",237535,"Lenart","Yefim"
"Sales",237538,"Reeken","Gonzalo"
"Sales",237595,"Segond","Satosi"
"Sales",237629,"Harllee","Khosrow"
"Sales",237634,"Schahn","Zito"
"Sales",237637,"Erol","Anneke"
"Sales",39597,"Fetvedt","Gunilla"
"Sales",237662,"Mandell","Mariangiola"
"Sales",237674,"Baik","Chaitali"
"Sales",237696,"Tomescu","Kwan"
"Sales",237713,"Bellone","Uma"
"Sales",237715,"Meriste","Kwangjo"
"Sales",237735,"Raney","Kristof"
"Sales",237739,"Siepmann","Takushi"
"Sales",237749,"Junet","Sham"
"Sales",237775,"Fadgyas","Nevin"
"Sales",237796,"Karcich","Kwok"
"Sales",237799,"Keirsey","Rildo"
"Sales",237825,"Bratten","Anoosh"
"Sales",237875,"Nicolson","Muneo"
"Sales",212576,"Hofstetter","Angel"
"Sales",39513,"Delgrande","Isamu"
"Sales",39503,"Levergood","Tomoyuki"
"Sales",237942,"Siprelle","Moie"
"Sales",237946,"Pietracaprina","Matt"
"Sales",237950,"Spinelli","Golgen"
"Sales",237988,"Mukaidono","Jaewoo"
"Sales",39470,"Veeraraghavan","Henk"
"Sales",274399,"Sambasivam","Uta"
"Sales",238049,"Undy","Subhrajyoti"
"Sales",39229,"DuBourdieux","Tomokazu"
"Sales",238085,"Gecseg","Muneo"
"Sales",238098,"Cullers","Shugo"
"Sales",212668,"Tyugu","Branimir"
"Sales",238153,"Vural","Eran"
"Sales",238159,"Schicker","Toshiki"
"Sales",238165,"Kragelund","Neven"
"Sales",238179,"Thorelli","Soenke"
"Sales",238191,"Bage","Bedrich"
"Sales",39205,"Zielinski","Otilia"
"Sales",238239,"Thorensen","Luerbio"
"Sales",457443,"Sethi","Wonhee"
"Sales",238790,"Passino","Khatoun"
"Sales",238817,"Flasterstein","Turgut"
"Sales",39178,"Perz","Yuping"
"Sales",238837,"Polajnar","Menkae"
"Sales",274421,"Lorho","Tsz"
"Sales",238881,"Kavvadias","Martial"
"Sales",238908,"McAffer","Dharmaraja"
"Sales",212740,"Narahara","Nechama"
"Sales",238964,"Baca","Zorica"
"Sales",239031,"Couchot","Kazuhide"
"Sales",239037,"Erol","Baziley"
"Sales",239061,"Lakshmanan","Akemi"
"Sales",239281,"Tanemo","Shooichi"
"Sales",38912,"Crabtree","Adib"
"Sales",239365,"Bratten","Hsiangchu"
"Sales",239368,"Alblas","Mingsen"
"Sales",38883,"Tanemo","Bartek"
"Sales",212767,"Waeselynck","Adly"
"Sales",38878,"Champarnaud","Hauke"
"Sales",239575,"Dechter","Zeljko"
"Sales",239587,"Viele","Shichao"
"Sales",38810,"Roccetti","Pohua"
"Sales",239598,"Rosch","Taiji"
"Sales",289926,"Schmiedel","Dante"
"Sales",239628,"Imataki","Maja"
"Sales",240068,"Broder","Kerryn"
"Sales",212929,"Perri","Jixiang"
"Sales",38446,"Brattka","Sergi"
"Sales",38438,"Pehl","Nikolaus"
"Sales",240333,"Fritzsche","Pranjal"
"Sales",240422,"Michaeli","Oguz"
"Sales",38428,"Middleton","Jahangir"
"Sales",38419,"Geffroy","Shahar"
"Sales",212986,"Cooman","Sanjay"
"Sales",240576,"Raczkowsky","Maris"
"Sales",289927,"Siprelle","Muneo"
"Sales",240640,"Marwedel","Sumali"
"Sales",240650,"Bain","Alagu"
"Sales",38351,"Emmerich","Shimshon"
"Sales",240696,"Velardi","Boutros"
"Sales",274470,"Aingworth","Jiang"
"Sales",213014,"Terekhov","Gaetan"
"Sales",240797,"Hofmeyr","Harngdar"
"Sales",240816,"Heusch","Ymte"
"Sales",38328,"Muhlberg","Richard"
"Sales",457244,"Jeong","Uwe"
"Sales",240860,"Hooghiemstra","Kwangho"
"Sales",38327,"Linares","Gio"
"Sales",213039,"Docker","Oldrich"
"Sales",241123,"Jonsson","Tomoyuki"
"Sales",38310,"Asmuth","Reuven"
"Sales",241168,"Perri","Hyuncheol"
"Sales",38306,"VanScheik","Mizuhito"
"Sales",38302,"Kabayashi","Mads"
"Sales",241208,"Schapire","Fuqing"
"Sales",213079,"Cmelik","Jayesh"
"Sales",241232,"Fadgyas","Weijing"
"Sales",38295,"Perfilyeva","JoAnne"
"Sales",241615,"Krohm","Fumiko"
"Sales",241623,"Knightly","Fumitaka"
"Sales",213082,"Feldhoffer","Jayson"
"Sales",241650,"Staylopatis","Chuanti"
"Sales",241735,"Oppitz","Xiaopeng"
"Sales",213098,"Christ","Martijn"
"Sales",241951,"Isaak","Gererd"
"Sales",457224,"Emden","Mohd"
"Sales",213123,"Gimbel","Valeska"
"Sales",38074,"Ritzmann","Marek"
"Sales",288640,"Krone","Howell"
"Sales",443180,"Brobst","Mads"
"Sales",200344,"Pietracaprina","Huei"
"Sales",200329,"Vakili","Kwee"
"Sales",200307,"Jiafu","Yongdong"
"Sales",442842,"Raney","Jiafu"
"Sales",213173,"Chappelet","Wayne"
"Sales",443253,"Tchuente","Abdulla"
"Sales",443270,"Chvatal","Vasiliy"
"Sales",200248,"Herath","Navin"
"Sales",200213,"Choobineh","Denis"
"Sales",200160,"Vingron","Bernd"
"Sales",443316,"Kisuki","Ranga"
"Sales",200132,"Weisert","Seongbin"
"Sales",200081,"Benzaken","Ipke"
"Sales",200079,"Riefers","Candida"
"Sales",444240,"Koyama","Masadi"
"Sales",200034,"Portugali","Youngkon"
"Sales",200003,"Dechter","Arvind"
"Sales",444254,"Pollock","JoAnne"
"Sales",109966,"Valette","Khatoun"
"Sales",109963,"Tagansky","Bodo"
"Sales",109958,"Eickenmeyer","Bodh"
"Sales",444324,"Heuser","Jinpo"
"Sales",109747,"Rullman","Tadahiko"
"Sales",109671,"Chinin","Nevio"
"Sales",261716,"Szemeredi","Youpyo"
"Sales",444444,"Katiyar","Mechthild"
"Sales",444447,"Leuchs","Chuanti"
"Sales",109611,"Lalonde","Jamaludin"
"Sales",109421,"Birke","Rosita"
"Sales",405092,"Hutton","Yonghong"
"Sales",109379,"Rindone","Ramya"
"Sales",444534,"Badr","Yolla"
"Sales",109376,"Smeets","Guozhong"
"Sales",109343,"Feldmann","Kazuhide"
"Sales",109336,"Kawashima","Xiaocheng"
"Sales",444579,"Rosaz","Byong"
"Sales",109299,"Baca","Vasiliy"
"Sales",444582,"Bergere","Kenroku"
"Sales",109265,"Crelier","Moti"
"Sales",442779,"Zlotek","Mamdouh"
"Sales",213258,"Carrere","Kersti"
"Sales",442749,"Rodiger","Gio"
"Sales",213274,"Quadeer","Hugo"
"Sales",255888,"Coney","Gro"
"Sales",109047,"Coors","Aiichiro"
"Sales",109020,"Verspoor","Marl"
"Sales",213308,"Leijenhorst","Ramachenga"
"Sales",109016,"Vingron","Brendon"
"Sales",109002,"Munoz","Giordano"
"Sales",213309,"Wilharm","Kazuhiro"
"Sales",444738,"Gargeya","Takahira"
"Sales",108975,"Heping","Roded"
"Sales",263556,"Perry","Przemyslawa"
"Sales",108948,"Molberg","Marc"
"Sales",444752,"Eiron","Debatosh"
"Sales",108729,"Vesel","Jiang"
"Sales",108711,"Kambil","Sanjai"
"Sales",444792,"Macedo","Dhritiman"
"Sales",294698,"Hoppenstand","Greger"
"Sales",255929,"Bisiani","Feixiong"
"Sales",292369,"Shumilov","Neelam"
"Sales",108639,"Stranks","Stevo"
"Sales",444828,"Veldwijk","Leni"
"Sales",108580,"Andreotta","Tiina"
"Sales",108549,"Kieras","Masasuke"
"Sales",445083,"Cheshire","Ute"
"Sales",442678,"Jording","Behnaam"
"Sales",294682,"Bugaenko","Khun"
"Sales",108506,"Mawatari","Hidefumi"
"Sales",108479,"Malinowski","Gou"
"Sales",445707,"Braccini","Shen"
"Sales",405030,"Rosca","Shunichi"
"Sales",108461,"Sury","Aral"
"Sales",445780,"McClure","Fei"
"Sales",108450,"Reeken","Tokuyasu"
"Sales",445782,"Delaune","Kersti"
"Sales",445799,"Prochazka","Leon"
"Sales",404996,"Baig","Gay"
"Sales",445841,"Babb","Valdiodio"
"Sales",108194,"Middleton","Oscal"
"Sales",445881,"Gien","Irene"
"Sales",445910,"Fritzsche","Patricia"
"Sales",108144,"Isard","Ult"
"Sales",445956,"Walstra","Prodip"
"Sales",445990,"Rosin","Collette"
"Sales",213841,"Maierhofer","Cullen"
"Sales",107807,"Granlund","Narain"
"Sales",107790,"Plump","Otilia"
"Sales",446071,"Danner","Rasiah"
"Sales",442566,"Ramsak","Kerryn"
"Sales",261770,"Terekhov","Arup"
"Sales",446116,"Pfau","Lubomir"
"Sales",446199,"Cronan","Kitty"
"Sales",106724,"Chvatal","Tetsushi"
"Sales",446223,"Perin","Gay"
"Sales",446234,"Zielinski","Rafail"
"Sales",106668,"Mersereau","Zhongwei"
"Sales",106654,"Muhlberg","Remmert"
"Sales",213861,"Boguraev","Mona"
"Sales",256000,"Lodder","Anestis"
"Sales",106068,"Buchter","Sanjay"
"Sales",106059,"Staelin","Janche"
"Sales",442488,"Clemencon","Jouni"
"Sales",446365,"Schapire","Heon"
"Sales",106029,"Kalorkoti","Shaunak"
"Sales",446370,"Sewelson","Bedrich"
"Sales",106022,"Billingsley","Hideyuki"
"Sales",105962,"Nyanchama","Shawna"
"Sales",105940,"Suwa","Taizo"
"Sales",446461,"Eickenmeyer","Jeong"
"Sales",105735,"Casperson","Vugranam"
"Sales",442352,"Bellone","Horward"
"Sales",446487,"Anandan","Uriel"
"Sales",256007,"Plump","Sanjit"
"Sales",105694,"Kushner","Gio"
"Sales",446553,"Baaz","Chikako"
"Sales",446555,"Erde","Hatim"
"Sales",105672,"Binding","Aram"
"Sales",442282,"Antonisse","Sanjay"
"Sales",446600,"Radwan","Yuguang"
"Sales",446601,"Braunmuhl","Yefim"
"Sales",442272,"Varker","Stein"
"Sales",404917,"Rohrbach","Sreekrishna"
"Sales",105235,"Bernatsky","Neelam"
"Sales",214016,"Baaleh","Qingxiang"
"Sales",214019,"Rosay","Brendon"
"Sales",446680,"Nations","Mohd"
"Sales",105164,"Peltason","Khalil"
"Sales",105160,"Bernini","Feipei"
"Sales",214037,"Zaiane","Mooi"
"Sales",105122,"Schaap","Martins"
"Sales",105096,"Ramsay","Ioana"
"Sales",446755,"Clemencon","Theron"
"Sales",442192,"Msuda","Stafford"
"Sales",446805,"Iwayama","Haldon"
"Sales",104867,"Trelles","Fan"
"Sales",446834,"Pettit","Suvo"
"Sales",104866,"Gelosh","Anestis"
"Sales",442165,"Kavvadias","Huan"
"Sales",104820,"Gien","Sangeeta"
"Sales",446858,"Nivat","Magy"
"Sales",104804,"Bottner","Feipei"
"Sales",256053,"Kleiser","Domenick"
"Sales",447061,"Pluym","Ewing"
"Sales",447076,"Straney","Teruyuki"
"Sales",447090,"Peres","Shunichi"
"Sales",442152,"Perri","Jiafu"
"Sales",104759,"Gulak","Ekawit"
"Sales",447149,"Eppinger","Teiji"
"Sales",104469,"Belinskaya","Magdalena"
"Sales",214135,"DuCasse","Chriss"
"Sales",104428,"Jeansoulin","Cheong"
"Sales",447236,"Attimonelli","Adhemar"
"Sales",104394,"Collette","Mayuri"
"Sales",214150,"Herath","Bader"
"Sales",447296,"Pluym","Yefim"
"Sales",447301,"Lupu","Koldo"
"Sales",447310,"Murtagh","Branimir"
"Sales",104276,"Gimbel","Hongzhu"
"Sales",104250,"Rubsam","Duke"
"Sales",442113,"Lorho","Tesuya"
"Sales",104241,"Schapiro","Jeong"
"Sales",214188,"Chandrasekhar","Anneke"
"Sales",214194,"Suri","Ramachenga"
"Sales",104050,"Ozeri","Bilhanan"
"Sales",447416,"Zeilberger","Lenore"
"Sales",214195,"Melichar","Collette"
"Sales",214205,"Rehfuss","Perla"
"Sales",447423,"Vandervoorde","Morrie"
"Sales",214217,"Emden","Percy"
"Sales",104048,"Riesenhuber","Udi"
"Sales",104029,"Pagter","Alper"
"Sales",214225,"Kilgore","Turgut"
"Sales",103917,"Docker","Mingdong"
"Sales",103914,"Jansch","Sibyl"
"Sales",103896,"Uhrig","Zhongwei"
"Sales",447719,"Bernardeschi","Jinya"
"Sales",442023,"Baik","Gina"
"Sales",103868,"Demri","Shigehiro"
"Sales",447772,"Samarati","Changho"
"Sales",103769,"Baca","Magdalena"
"Sales",404699,"Cummings","Charlene"
"Sales",447802,"Haraldson","Garnik"
"Sales",103539,"Poulakidas","Jingling"
"Sales",442008,"Schach","Fen"
"Sales",448070,"Berstel","Bernt"
"Sales",103500,"Holburn","Marie"
"Sales",448110,"Wegerle","Alair"
"Sales",103472,"Murrill","Jaroslava"
"Sales",103470,"Maksimenko","Zissis"
"Sales",448549,"Azuma","Temple"
"Sales",214320,"Menyhert","Saeed"
"Sales",103358,"Legleitner","Takushi"
"Sales",103333,"Kamble","Satoru"
"Sales",214331,"Docker","Morris"
"Sales",103319,"Strandh","Bouchung"
"Sales",448616,"Soicher","Sachar"
"Sales",448625,"Matzke","Honesty"
"Sales",103050,"Flowers","Gunilla"
"Sales",103047,"Hardjono","Utpal"
"Sales",214351,"Melski","Radhakrishnan"
"Sales",441795,"Badache","Achilleas"
"Sales",103042,"Masand","Berthier"
"Sales",448678,"Bernardinello","Sasan"
"Sales",441682,"Kroft","Arnould"
"Sales",103031,"Heemskerk","Gor"
"Sales",102946,"Simmel","Divier"
"Sales",102915,"Basagni","Mohammed"
"Sales",214411,"Petereit","Gal"
"Sales",102838,"Flasterstein","Vincent"
"Sales",102759,"Sadowski","Izaskun"
"Sales",102545,"Nourani","Tommaso"
"Sales",102494,"Rosiles","Heping"
"Sales",449032,"Sinicrope","Yoshimitsu"
"Sales",449237,"Beutelspacher","Conal"
"Sales",102388,"Ponthieu","Takanari"
"Sales",449258,"Pramanik","Kwok"
"Sales",449278,"Dalphin","Manibrata"
"Sales",102327,"Sadowski","Erez"
"Sales",102289,"Simkin","Jaber"
"Sales",102234,"Frezza","Uli"
"Sales",449349,"Fiebach","Palash"
"Sales",449380,"Deville","Naftaly"
"Sales",441628,"Bazelow","Lubomir"
"Sales",449454,"Hiroyama","Jiafu"
"Sales",449471,"Yurek","Moti"
"Sales",102038,"Heijenga","Kristen"
"Sales",102021,"Simmen","Niteen"
"Sales",449498,"Czap","Tua"
"Sales",404675,"Hoppenstand","Jackson"
"Sales",404670,"Schaad","Moheb"
"Sales",449545,"Mandell","Tru"
"Sales",101957,"Egerstedt","Kerhong"
"Sales",101895,"Bodoff","Aruna"
"Sales",449559,"Haumacher","Ortrun"
"Sales",449581,"Stamatiou","Chuanti"
"Sales",449588,"Trelles","Rimon"
"Sales",101869,"Siprelle","Zhanqiu"
"Sales",101811,"Lenart","Chaoyi"
"Sales",449666,"Rajcani","Stafford"
"Sales",214543,"Ghandeharizadeh","Kazuhito"
"Sales",101462,"Plessier","Uwe"
"Sales",449760,"Champarnaud","Mototsugu"
"Sales",449774,"Bahi","Guttorm"
"Sales",449776,"Trystram","Yannis"
"Sales",101454,"Gladwell","Tooru"
"Sales",214572,"Yavatkar","Yucel"
"Sales",449816,"Lanzelotte","Mariangiola"
"Sales",449836,"Slutz","Elzbieta"
"Sales",449845,"Demir","Yoshimitsu"
"Sales",449851,"Dolinsky","Sven"
"Sales",101400,"Koyama","Domenick"
"Sales",450114,"Erdmenger","Duro"
"Sales",214588,"Assaf","Juyoung"
"Sales",450143,"Benzaken","Goetz"
"Sales",101075,"Werthner","Masanao"
"Sales",450185,"Thambidurai","Lunjin"
"Sales",214595,"Denna","Ulf"
"Sales",450227,"Decaestecker","Paddy"
"Sales",450235,"Driscoll","Kwee"
"Sales",214622,"Peha","Shaw"
"Sales",214638,"Vrecion","Percy"
"Sales",450260,"Morris","Takahito"
"Sales",256662,"Rande","Leszek"
"Sales",450330,"Leslie","Ulises"
"Sales",101045,"Talmor","Kiam"
"Sales",101021,"Bolsens","Niranjan"
"Sales",100989,"Motley","Shir"
"Sales",256663,"Highland","Xiaopeng"
"Sales",100942,"Chinin","Dante"
"Sales",100939,"Kaiser","Sukumar"
"Sales",100937,"Ratzlaff","Limsoon"
"Sales",256672,"Ratnakar","Kenroku"
"Sales",100933,"Taneja","Uli"
"Sales",441411,"Olivero","Sadegh"
"Sales",441390,"Schmiedel","Chandrasekaran"
"Sales",214711,"Lenart","Munenori"
"Sales",441366,"Azumi","Mabo"
"Sales",263596,"Luca","Danil"
"Sales",441362,"Alpay","Lihong"
"Sales",214721,"Greenaway","Sedat"
"Sales",441357,"Tchuente","Arif"
"Sales",441351,"Fujisawa","Nectarios"
"Sales",100647,"Shackell","Tomofumi"
"Sales",100601,"Versino","Denis"
"Sales",441350,"Fairtlough","Cristinel"
"Sales",450755,"Hiraishi","Ravishankar"
"Sales",100597,"DeMori","Mingdong"
"Sales",214740,"Passafiume","Boguslaw"
"Sales",100590,"Penz","Shahid"
"Sales",441328,"Vural","Morris"
"Sales",441326,"Raczkowsky","Rimli"
"Sales",214748,"Erbe","Marsal"
"Sales",450853,"Zlotek","Sudharsan"
"Sales",450857,"Crelier","Sanjoy"
"Sales",441303,"Vilarrasa","Juyoung"
"Sales",100492,"Tibblin","Vincent"
"Sales",214802,"Bharadwaj","Sibyl"
"Sales",100394,"Trystram","Kasidit"
"Sales",450916,"Merlo","Wanqing"
"Sales",100121,"Bade","Isamu"
"Sales",99513,"Bridgland","Spyrose"
"Sales",451014,"Irland","Sumali"
"Sales",451023,"Bellone","Deborah"
"Sales",99431,"Kusalik","Prodip"
"Sales",451068,"Collavizza","Howell"
"Sales",99396,"Neiman","Leandro"
"Sales",451075,"Thummel","Frederique"
"Sales",99181,"Menhardt","Vesna"
"Sales",99157,"Adachi","Aiichiro"
"Sales",214808,"Encarnacion","Ashish"
"Sales",99088,"Suri","Hironoby"
"Sales",99050,"Krichel","Stevo"
"Sales",99026,"Broomell","Zhongwei"
"Sales",98995,"Eppinger","Chenxi"
"Sales",451354,"Bouloucos","Ingemar"
"Sales",451367,"Berendt","Nitsan"
"Sales",98956,"Magliocco","Szabolcs"
"Sales",451391,"Sambasivam","Yongdong"
"Sales",214834,"Krupka","Shooichi"
"Sales",451397,"Atchley","Akhilish"
"Sales",404664,"Bultermann","Ulf"
"Sales",98909,"Pews","Kwok"
"Sales",98889,"Pezzoli","Xiaoqiang"
"Sales",98355,"Matzat","Gopalakrishnan"
"Sales",98353,"Eppinger","Anoosh"
"Sales",98352,"Erdi","Jianhua"
"Sales",98342,"Braccini","Qingxiang"
"Sales",98334,"Bazelow","Felicidad"
"Sales",451503,"Anandan","Rance"
"Sales",451513,"Chenney","Tuval"
"Sales",451515,"Anily","Goncalo"
"Sales",98270,"Kawashimo","Kinh"
"Sales",98249,"Bugaenko","Jenwei"
"Sales",98023,"Serre","JoAnna"
"Sales",451620,"Rotem","Mohd"
"Sales",98018,"Pileggi","Yongdong"
"Sales",98005,"Siprelle","Yechezkel"
"Sales",98002,"Munoz","Halsur"
"Sales",97978,"Cesareni","Koichi"
"Sales",97968,"Jarecki","Niclas"
"Sales",97933,"Harnett","Uwe"
"Sales",451844,"Portugali","JoAnne"
"Sales",97907,"Luiz","Jongsuk"
"Sales",451849,"Hennings","Charlene"
"Sales",97677,"Poulakidas","Taegyun"
"Sales",451904,"Walstra","Christfried"
"Sales",97674,"Georg","Sreekrishna"
"Sales",451910,"Barinka","Udi"
"Sales",97619,"Swen","Kazuhiro"
"Sales",451944,"Swiss","Kerhong"
"Sales",214941,"Huhdanpaa","Sumali"
"Sales",451986,"Eickenmeyer","Jianhao"
"Sales",97590,"Coorg","Ravishankar"
"Sales",452026,"Madeira","Idoia"
"Sales",214960,"Koblick","Yolla"
"Sales",452061,"Tramer","Ramya"
"Sales",97562,"Atrawala","Irena"
"Sales",215504,"Miake","Aram"
"Sales",215516,"Pardalos","Danil"
"Sales",455225,"Passino","Lakshmi"
"Sales",455230,"Baranowski","Manohar"
"Sales",215525,"Perry","Nakhoon"
"Sales",97160,"Reghbati","Vesna"
"Sales",97147,"Swick","Oscal"
"Sales",455773,"Aamodt","Aemilian"
"Sales",455776,"Dechter","Basim"
"Sales",440786,"Naumovich","Marek"
"Sales",455875,"Sanella","Uno"
"Sales",97051,"Kitsuregawa","Aamod"
"Sales",456417,"Jarecki","Sanjiv"
"Sales",456418,"Radivojevic","Roselyn"
"Sales",456422,"Brookman","Francoise"
"Sales",456441,"Roccetti","Aluzio"
"Sales",456456,"Yavatkar","Adas"
"Sales",440735,"Chachaty","Gopalakrishnan"
"Sales",96855,"Rando","Zongyan"
"Sales",96817,"Calkin","Shahar"
"Sales",456539,"Waymire","Sadun"
"Sales",456541,"Burnard","Akemi"
"Sales",456932,"Nooteboom","Holgard"
"Sales",456957,"Dahlbom","Jayesh"
"Sales",456969,"Schoegge","Randy"
"Sales",96521,"Imataki","Gro"
"Sales",215571,"Sherertz","Rafols"
"Sales",215574,"Terekhov","Werner"
"Sales",457021,"Perng","Werner"
"Sales",440625,"Majewski","Chinhyun"
"Sales",440624,"Vesna","Nikolaus"
"Sales",215630,"Pillow","Berhard"
"Sales",96374,"Jenevein","Somnath"
"Sales",440560,"Mayerwieser","Junichi"
"Sales",215642,"Birge","Carrsten"
"Sales",440508,"Lieberherr","Herbert"
"Sales",457312,"Bahr","Woody"
"Sales",404625,"Brandsma","Ingmar"
"Sales",215661,"Armand","Fumitake"
"Sales",96109,"Chappelet","Jasminko"
"Sales",457377,"Larfeldt","Huiqun"
"Sales",261864,"Maginnis","Froduald"
"Sales",96084,"Piazza","Hauke"
"Sales",458948,"Boissier","Mang"
"Sales",95829,"Domenig","Richara"
"Sales",95796,"Azulay","Charmane"
"Sales",95791,"Yeung","Izaskun"
"Sales",95739,"Syang","Lubomir"
"Sales",95713,"Osgood","Steve"
"Sales",95505,"Cooley","Tsz"
"Sales",95490,"Conia","Przemyslawa"
"Sales",215751,"Schaap","Arnould"
"Sales",95483,"Underwood","Mario"
"Sales",404577,"Holburn","Adam"
"Sales",459079,"Apsitis","Takahiro"
"Sales",459089,"Gammage","Elgin"
"Sales",95470,"Gajiwala","Roddy"
"Sales",459108,"Zaiane","Claude"
"Sales",95449,"Sankaranarayanan","Taizo"
"Sales",459125,"Swift","Youpyo"
"Sales",95447,"Kroft","Constantijn"
"Sales",95400,"Brattka","Xianlong"
"Sales",440485,"Wolniewicz","Taiji"
"Sales",459173,"Basawa","Lein"
"Sales",95134,"Honglei","Hsiangchu"
"Sales",95130,"Szilard","Vishv"
"Sales",95098,"Deverell","Niteen"
"Sales",215765,"Yetim","Vasiliy"
"Sales",95074,"Foong","Leszek"
"Sales",459242,"Mitchem","Georgy"
"Sales",440481,"Steinauer","Dmitri"
"Sales",95004,"Lorcy","Xuejun"
"Sales",94979,"Chimia","Mary"
"Sales",215786,"Heusch","Katsuo"
"Sales",94844,"Ghalwash","Sarita"
"Sales",94839,"Pesch","Barna"
"Sales",94757,"Siochi","Wuxu"
"Sales",460114,"Perna","Sailaja"
"Sales",94449,"Varley","Qiwen"
"Sales",215789,"Vernadat","Ennio"
"Sales",94428,"Bugrara","Leszek"
"Sales",460131,"Hambrick","Adly"
"Sales",440447,"Dolinsky","Kristen"
"Sales",440427,"Swen","Kasidit"
"Sales",460181,"Swen","Kendra"
"Sales",460188,"Baez","Jagoda"
"Sales",460192,"Birta","Leen"
"Sales",94049,"Barinka","Dung"
"Sales",460249,"Wynblatt","Munir"
"Sales",460251,"Morrow","Arup"
"Sales",94038,"Schnabel","Gio"
"Sales",93832,"Emiris","Abdelkader"
"Sales",256826,"Schade","Hatsukazu"
"Sales",93831,"Weisert","Masanao"
"Sales",460287,"Luff","Younwoo"
"Sales",93801,"Willoner","Vugranam"
"Sales",460291,"Leaver","Collette"
"Sales",93774,"Etalle","Martins"
"Sales",460293,"Crooks","Jacopo"
"Sales",93763,"Jullig","Kazuhisa"
"Sales",460335,"Sethi","Toney"
"Sales",460342,"Linares","Aran"
"Sales",93321,"Nivat","Masako"
"Sales",215867,"Ligten","Reinhard"
"Sales",460614,"Begiun","Frazer"
"Sales",460708,"Stafford","Huican"
"Sales",460726,"Kirkerud","Koichi"
"Sales",92911,"Pulkowski","Emran"
"Sales",92906,"Ranka","Szabolcs"
"Sales",440399,"Backhouse","Franziska"
"Sales",460746,"Nitto","Reinhard"
"Sales",215878,"Plump","Toney"
"Sales",92900,"Krider","Guiseppe"
"Sales",92898,"Ghazalie","Gil"
"Sales",460781,"Fraisse","Boutros"
"Sales",460791,"Mitzlaff","Arne"
"Sales",460793,"Diderrich","Sarita"
"Sales",256855,"Improta","Mohamadou"
"Sales",460824,"Usdin","Xiaoheng"
"Sales",460828,"Fabrizio","Mabry"
"Sales",440398,"Joslin","Renee"
"Sales",460863,"Mitzlaff","Harngdar"
"Sales",92897,"Mansanne","Harngdar"
"Sales",404530,"DiGiano","Seshu"
"Sales",440379,"Brendel","Tran"
"Sales",460903,"Kabayashi","Rafail"
"Sales",460920,"Mitzlaff","Remzi"
"Sales",460922,"Narahara","Charmane"
"Sales",461268,"Anily","Hisao"
"Sales",92537,"Nitsch","Abdulla"
"Sales",461278,"Luef","Uta"
"Sales",92318,"Swan","Gopalakrishnan"
"Sales",256860,"Savasere","Ramachenga"
"Sales",461374,"Gerteisen","Shigeo"
"Sales",92252,"Sgarro","Huan"
"Sales",92222,"Tyugu","Mong"
"Sales",92199,"Beilner","Seongbae"
"Sales",461398,"Kushner","Duangkaew"
"Sales",461403,"Honiden","Aruna"
"Sales",215992,"Ciolek","Phuoc"
"Sales",440366,"Armand","Babette"
"Sales",461967,"Androutsos","Udo"
"Sales",92162,"Tempesti","Kazuhira"
"Sales",92157,"Matzel","Ioana"
"Sales",462026,"Bail","Shan"
"Sales",462033,"Compeau","Genta"
"Sales",92097,"Gunderson","Boutros"
"Sales",462078,"Niizuma","Theron"
"Sales",462273,"Thibadeau","Rosalie"
"Sales",462276,"Siegrist","Moto"
"Sales",440327,"Plumb","Garnik"
"Sales",92063,"Olivero","Deniz"
"Sales",92055,"Luders","Yuichiro"
"Sales",440325,"Sullins","Douadi"
"Sales",216112,"Benantar","Aruna"
"Sales",92045,"Suessmith","Uno"
"Sales",462396,"Hedayat","Dietrich"
"Sales",462450,"Kirkerud","Isaac"
"Sales",91774,"Pietracaprina","Hugo"
"Sales",91760,"Brandsma","Sanjiv"
"Sales",462496,"Cappelletti","Mang"
"Sales",91703,"Schaft","Xianlong"
"Sales",91699,"Camurati","Bogdan"
"Sales",263866,"Veevers","Elzbieta"
"Sales",91692,"Remmele","Joydip"
"Sales",90816,"Stifter","Gian"
"Sales",90755,"Ibel","Guttorm"
"Sales",90700,"Bratsberg","Kotesh"
"Sales",90689,"Pepe","Claude"
"Sales",90663,"Montemayor","Pramod"
"Sales",90598,"Bennet","Amalendu"
"Sales",440309,"Masaki","Aral"
"Sales",90519,"Rodite","Syozo"
"Sales",256917,"Gide","Katsuo"
"Sales",440264,"Biran","Izaskun"
"Sales",261885,"Roccetti","Oddvar"
"Sales",90451,"Garnier","Guther"
"Sales",90369,"Ranum","Karoline"
"Sales",440203,"Bach","Ranga"
"Sales",462921,"Poehlman","Kwun"
"Sales",90149,"Malabarba","Abdelaziz"
"Sales",462947,"Axelband","Harjit"
"Sales",90134,"Bashian","Breannda"
"Sales",90132,"Mandell","Holgard"
"Sales",462960,"Rissland","Morris"
"Sales",90051,"Benzmuller","Venkatesan"
"Sales",90043,"Arlazarov","Florina"
"Sales",89425,"Baba","Chandrasekaran"
"Sales",89414,"Schreiter","Percy"
"Sales",440153,"Farrar","Mack"
"Sales",89389,"Poulakidas","Mayumi"
"Sales",463064,"Facello","Wilmer"
"Sales",88969,"Horswill","Hatem"
"Sales",88952,"Wrigley","Arnd"
"Sales",88907,"Heuter","Constantine"
"Sales",463143,"Parveen","Barton"
"Sales",88884,"Tsukuda","Woody"
"Sales",88868,"Cappelli","Khaled"
"Sales",88162,"Maksimenko","Indrajit"
"Sales",216250,"Zweizig","Jaana"
"Sales",216294,"Kalefeld","Keiichiro"
"Sales",88161,"Duclos","Kokou"
"Sales",88138,"Assaf","Makato"
"Sales",463253,"Yetim","Harngdar"
"Sales",216295,"Siegrist","Kerhong"
"Sales",463471,"Gimbel","Wuxu"
"Sales",463483,"Narlikar","Younwoo"
"Sales",440144,"Spell","Pohua"
"Sales",88099,"Falck","Fumino"
"Sales",87821,"Auyong","Sivanarayana"
"Sales",256960,"Spinelli","Xiping"
"Sales",463601,"Parfitt","Mingzeng"
"Sales",256968,"Maginnis","Ramzi"
"Sales",87687,"Pashtan","Noritoshi"
"Sales",87667,"Hofmeyr","Shir"
"Sales",216344,"Orlowski","Tse"
"Sales",465434,"Alpay","Dayanand"
"Sales",87300,"Ozery","Reinhold"
"Sales",87287,"Baek","Xiping"
"Sales",216358,"Apsitis","Szabolcs"
"Sales",256982,"Baez","Lijie"
"Sales",471040,"Luby","Kyoichi"
"Sales",216382,"Kitai","Zhanqiu"
"Sales",471058,"Herbst","Shooichi"
"Sales",87227,"Ranon","Jaana"
"Sales",471079,"Swiss","Kasturi"
"Sales",471090,"Diderrich","Volkmar"
"Sales",294365,"Lindenbaum","Lillian"
"Sales",471309,"Vigier","Narain"
"Sales",216397,"Brodal","Feixiong"
"Sales",87210,"Tyugu","Aleksandar"
"Sales",87203,"Makrucki","Kazuhisa"
"Sales",471422,"Atchley","Teunis"
"Sales",87202,"Coors","Hatem"
"Sales",87184,"Barriga","Jordanka"
"Sales",404406,"Itschner","Vishv"
"Sales",86948,"Swan","Rosita"
"Sales",439755,"Showalter","Bernt"
"Sales",471696,"Dahlbom","Yuqun"
"Sales",471703,"Detkin","Mircea"
"Sales",86860,"Fasbender","Annemarie"
"Sales",471740,"Hatcliff","Kerhong"
"Sales",471749,"Kilgour","Thodoros"
"Sales",471781,"Swab","Alper"
"Sales",257035,"Laventhal","Nikolaos"
"Sales",471789,"Speer","Xuejun"
"Sales",86637,"Taubman","Gennady"
"Sales",472140,"Swiler","Nechama"
"Sales",86626,"Polajnar","Sashi"
"Sales",472157,"Kuszyk","Khun"
"Sales",86588,"Vecchi","Kazuhide"
"Sales",472165,"Viele","Anyuan"
"Sales",86523,"Bolotov","Shakhar"
"Sales",216464,"Beznosov","Oksana"
"Sales",216471,"Peroz","Zorica"
"Sales",86518,"Milicic","Janche"
"Sales",472206,"Decaestecker","Syozo"
"Sales",86504,"Maliniak","Sverrir"
"Sales",86138,"Matzke","Michaela"
"Sales",472243,"Rosis","Mayuko"
"Sales",472255,"Krohn","Marlo"
"Sales",86056,"Hiyoshi","Jiang"
"Sales",439501,"Falco","Oscar"
"Sales",216485,"Fontan","Inderjeet"
"Sales",86055,"Gaughan","Denis"
"Sales",86012,"Rosar","Adil"
"Sales",216494,"Kalefeld","Rimon"
"Sales",85794,"Fadgyas","Ennio"
"Sales",439469,"Crabtree","Hugo"
"Sales",85754,"Driscoll","Fuqing"
"Sales",472596,"Hofstetter","Changho"
"Sales",85665,"Hitomi","Goncalo"
"Sales",85462,"Peyn","Ingmar"
"Sales",472650,"Ratnakar","Theirry"
"Sales",85458,"Uludag","Younwoo"
"Sales",404405,"Piancastelli","Yishay"
"Sales",404357,"Doering","Kasturi"
"Sales",472711,"Bressoud","Jiong"
"Sales",472730,"Beidas","Fei"
"Sales",472751,"Gyorkos","Abdelaziz"
"Sales",216569,"Malabarba","Stepehn"
"Sales",84921,"Fabrizio","Amalendu"
"Sales",472804,"Levasseur","Bogdan"
"Sales",257061,"Vingron","Gaurav"
"Sales",472817,"Greenaway","Jessie"
"Sales",84873,"Ramamoorthy","Alenka"
"Sales",439396,"Schicker","Christoph"
"Sales",472914,"Lorho","Weidon"
"Sales",84868,"Ozeri","Rosalie"
"Sales",84824,"Birrer","Danco"
"Sales",84648,"Siepmann","Piyush"
"Sales",439344,"Pramanik","Lalit"
"Sales",472947,"Chandrasekhar","Koichi"
"Sales",472948,"Rabejac","Vitali"
"Sales",84528,"Beznosov","Mitchel"
"Sales",84517,"Keohane","Krassimir"
"Sales",84309,"Tramer","Jayson"
"Sales",473023,"Oehlmann","Marla"
"Sales",473028,"Fairtlough","Gao"
"Sales",216660,"Clemencon","Luerbio"
"Sales",84297,"Mukaidono","Pasqua"
"Sales",473101,"Peyn","Terresa"
"Sales",473111,"Lambe","Chaitali"
"Sales",438718,"Deville","Shin"
"Sales",84267,"Bennis","Masadi"
"Sales",473155,"Minakawa","Demos"
"Sales",438666,"Morrey","Udaiprakash"
"Sales",473168,"Masand","Jixiang"
"Sales",216728,"Zschoche","Arvind"
"Sales",83899,"Kenevan","Luise"
"Sales",473208,"Werthner","Tremaine"
"Sales",473229,"Lundstrom","Valter"
"Sales",83890,"Kawashima","Byong"
"Sales",473254,"Mitchem","Owen"
"Sales",473262,"Maraist","Serenella"
"Sales",83878,"Baar","Gererd"
"Sales",216733,"Fetvedt","Weiyi"
"Sales",473308,"Karcich","Yongmao"
"Sales",83860,"Avouris","Nidapan"
"Sales",216760,"Zeilberger","Shigeu"
"Sales",83819,"Rajcani","Toong"
"Sales",473532,"Langford","Sachin"
"Sales",257098,"Ratnaker","Shounak"
"Sales",473569,"Weisert","Jinya"
"Sales",83418,"Dulli","Shuichi"
"Sales",473599,"Rissanen","Gennady"
"Sales",473608,"Restivo","Yagil"
"Sales",83370,"Magliocco","Arlette"
"Sales",83363,"Cichocki","Herb"
"Sales",217339,"Kalafatis","Mana"
"Sales",438635,"Farrag","Jaewoo"
"Sales",473639,"Chiola","Rasiah"
"Sales",404302,"Baar","Miomir"
"Sales",83339,"Waeselynck","Ymte"
"Sales",438630,"Khasidashvili","Youpyo"
"Sales",473895,"Wursthorn","Hongzhu"
"Sales",83144,"Sooriamurthi","Kwun"
"Sales",473902,"Stille","Heather"
"Sales",438611,"Morton","Vesna"
"Sales",83128,"Liedekerke","Goh"
"Sales",83121,"Uludag","Adil"
"Sales",473971,"Schaar","Vasilis"
"Sales",473990,"Gini","Yishay"
"Sales",83071,"Ranft","Nidapan"
"Sales",474019,"Swift","Teunis"
"Sales",474027,"Smailagic","Udi"
"Sales",83044,"Schlenzig","Harngdar"
"Sales",217412,"Kropf","Jiann"
"Sales",438510,"Moffat","Sajjad"
"Sales",82807,"Quadeer","Vishwani"
"Sales",82769,"Sommer","Xumin"
"Sales",438504,"Janetzko","Elrique"
"Sales",438334,"Binding","Sanjoy"
"Sales",474296,"Lakshmanan","Doohun"
"Sales",82474,"Eldridge","Etsuo"
"Sales",474502,"Delgrande","Amstein"
"Sales",474516,"Hambrick","Barton"
"Sales",82397,"Peris","Mart"
"Sales",474552,"Steinauer","Ramzi"
"Sales",82385,"Biran","Sanjai"
"Sales",438291,"Barbanera","Erzsebet"
"Sales",82369,"Terlouw","Sanjoy"
"Sales",438200,"Kakkad","Lalit"
"Sales",82278,"Murillo","Tomokazu"
"Sales",82275,"Nastansky","Herb"
"Sales",82265,"Hettesheimer","Amabile"
"Sales",474882,"Jenevein","Ronghao"
"Sales",82199,"Pramanik","Jingling"
"Sales",82130,"Nergos","Maia"
"Sales",474911,"Babu","Tomofumi"
"Sales",474915,"Pesch","Susuma"
"Sales",438194,"Denny","Mack"
"Sales",82104,"Famili","Subhankar"
"Sales",82008,"Kushner","Rosalie"
"Sales",81998,"Iwayama","Mari"
"Sales",81988,"Pews","Lene"
"Sales",475181,"Terwilliger","Ebbe"
"Sales",475203,"Lamma","Arne"
"Sales",475213,"Antonakopoulos","Sergi"
"Sales",475235,"Albarhamtoshy","Richard"
"Sales",81849,"Bednarek","Debatosh"
"Sales",81848,"Pietracaprina","Teunis"
"Sales",81779,"Tokunaga","Phillip"
"Sales",437991,"Kavanagh","Luisa"
"Sales",475500,"Bage","Mads"
"Sales",81764,"Bennet","Erzsebet"
"Sales",81715,"Valette","Zhongwei"
"Sales",475539,"Birdsall","Rajmohan"
"Sales",475541,"Speel","Nidapan"
"Sales",81697,"Thorensen","Hidde"
"Sales",475551,"Foong","Weijing"
"Sales",81686,"Montresor","Nevio"
"Sales",475641,"Azevdeo","Girolamo"
"Sales",475989,"Muniz","Jayson"
"Sales",217621,"Moehrke","Otmar"
"Sales",475993,"Koblick","Khaled"
"Sales",476012,"Vigier","Leaf"
"Sales",404279,"Luby","Chaosheng"
"Sales",437943,"Hiltgen","Richara"
"Sales",81665,"Luan","Gretta"
"Sales",81644,"Ghandeharizadeh","Divine"
"Sales",81621,"Frolund","Aloke"
"Sales",476047,"Gimbel","Khoa"
"Sales",81540,"Manderick","Emran"
"Sales",81539,"Koshino","Sarita"
"Sales",437930,"Detkin","Ziva"
"Sales",476088,"Talmon","Arco"
"Sales",476102,"Cardazo","Aruna"
"Sales",476115,"Boissier","Fuqing"
"Sales",81515,"Flanders","Aron"
"Sales",476141,"VanScheik","Florian"
"Sales",217661,"Janetzko","Chenxi"
"Sales",81446,"Cappelletti","Zissis"
"Sales",81434,"Chenney","Qiwen"
"Sales",81412,"Menyhert","Zhenhua"
"Sales",81402,"Akazan","Yannik"
"Sales",81363,"McAffer","Selwyn"
"Sales",476464,"Pulkowski","Qingxiang"
"Sales",476669,"Piancastelli","Persi"
"Sales",476675,"Chachaty","Rasikan"
"Sales",81343,"Nilsson","Basant"
"Sales",81338,"Erol","Xiaoqiang"
"Sales",476745,"Sewelson","Stella"
"Sales",81285,"England","Hairong"
"Sales",404277,"Kalefeld","Shunichi"
"Sales",437619,"Parhami","Kinh"
"Sales",81168,"Braccini","Shigehiro"
"Sales",477005,"Prampolini","Berthier"
"Sales",477012,"Garigliano","Mayumi"
"Sales",81164,"Suermann","Udo"
"Sales",81159,"Anger","Yishai"
"Sales",437607,"Dechter","Arne"
"Sales",477110,"Collette","JiYoung"
"Sales",81116,"Michaels","Jinpo"
"Sales",477149,"Yeung","Frederique"
"Sales",477339,"Trachtenberg","Sadegh"
"Sales",477350,"Vigier","Terresa"
"Sales",404261,"Gniady","Jeanne"
"Sales",477362,"Servi","Rajmohan"
"Sales",477373,"Montresor","Alselm"
"Sales",477402,"Francisci","Make"
"Sales",477405,"Crelier","Kazuhisa"
"Sales",81052,"Levergood","Ziya"
"Sales",477429,"Frolund","Rafail"
"Sales",81030,"Cesareni","Kristine"
"Sales",261934,"Gargeya","Anestis"
"Sales",404225,"Denos","Maik"
"Sales",477685,"Keohane","Ymte"
"Sales",477690,"Danlos","Tua"
"Sales",80907,"Shrader","Sugwoo"
"Sales",80848,"Bonifati","Souichi"
"Sales",477759,"Mellouli","Akhilish"
"Sales",477778,"Fadgyas","Abdulah"
"Sales",80815,"Moffat","Jouni"
"Sales",477811,"Whitcomb","Shai"
"Sales",80782,"Gerteisen","Danco"
"Sales",478169,"Deverell","Huai"
"Sales",478176,"Baer","Hironoby"
"Sales",80770,"Cummings","Feixiong"
"Sales",217835,"Baby","Pragnesh"
"Sales",217867,"Rothe","Lijia"
"Sales",80761,"Mandelberg","Aiichiro"
"Sales",80759,"Thorelli","Uli"
"Sales",478245,"Dolinsky","Jaana"
"Sales",437582,"Pollock","Valdiodio"
"Sales",80745,"Huttel","Rimli"
"Sales",217878,"Kalefeld","Srinidhi"
"Sales",437549,"Pesch","Theron"
"Sales",80667,"Chartres","Magdalena"
"Sales",217931,"Harnett","Erzsebet"
"Sales",478525,"Angiulli","Miyeon"
"Sales",478541,"Hockney","Alassane"
"Sales",437526,"Talmon","Takahiro"
"Sales",437319,"Cochrane","Bodo"
"Sales",478615,"Gajiwala","Arve"
"Sales",80612,"Mahmud","Dayanand"
"Sales",80573,"Stasinski","Nitsan"
"Sales",261982,"Swan","Poorav"
"Sales",478660,"Ozeki","Shridhar"
"Sales",80560,"Versino","Xuejia"
"Sales",80545,"Haddadi","Seongbae"
"Sales",80466,"Bala","Takahiro"
"Sales",478903,"Junot","Kristin"
"Sales",478908,"Quadeer","Yuriy"
"Sales",478917,"Greenaway","Otilia"
"Sales",80463,"Jenevein","Saeed"
"Sales",80429,"Suermann","Prodip"
"Sales",478952,"Baca","Alejandro"
"Sales",257240,"Neimat","Lalit"
"Sales",80314,"Irland","Feiyu"
"Sales",220698,"Lienhardt","Miomir"
"Sales",479194,"Brookman","Bouchung"
"Sales",80226,"Serra","Hideo"
"Sales",479219,"Luit","Visit"
"Sales",80211,"Borstler","Mats"
"Sales",80174,"Schaaf","Menkae"
"Sales",80143,"Brodie","Kellie"
"Sales",220710,"Granlund","Manohar"
"Sales",479279,"Bratsberg","Uinam"
"Sales",220718,"Polajnar","KayLiang"
"Sales",479333,"Rosiles","Lene"
"Sales",437307,"Haddadi","Odinaldo"
"Sales",404166,"Grospietsch","Vidar"
"Sales",79919,"Hofman","Jaana"
"Sales",220740,"Butner","Udo"
"Sales",479573,"Peris","Alenka"
"Sales",79895,"Murtagh","Fei"
"Sales",79874,"Lanteri","Duri"
"Sales",479661,"Butterworth","Amalendu"
"Sales",404134,"Rehfuss","Luigi"
"Sales",79753,"Thorelli","Fabrizio"
"Sales",479877,"Pietracaprina","Pohua"
"Sales",479879,"Schmezko","Fumiyo"
"Sales",437256,"Bage","Poorav"
"Sales",479921,"Cooley","Oldrich"
"Sales",479947,"Heydon","Moon"
"Sales",79714,"Avouris","Kiam"
"Sales",479958,"Schmezko","Uta"
"Sales",479960,"Krichel","Boutros"
"Sales",479969,"Quadeer","Emran"
"Sales",220786,"Bala","Nikolaus"
"Sales",257284,"Shiratori","Arco"
"Sales",479989,"Eastman","Kitty"
"Sales",480345,"Cappelli","Basant"
"Sales",480376,"Kieras","Akhilish"
"Sales",437244,"Krogh","Hyuncheol"
"Sales",437226,"Ramamoorthy","Nikolaos"
"Sales",480455,"Jansen","Jouni"
"Sales",220868,"Lovengreen","Christoph"
"Sales",79618,"Lorcy","Jaihie"
"Sales",79569,"Puoti","Aron"
"Sales",437145,"Varley","Chenyi"
"Sales",404067,"Lupu","Panayotis"
"Sales",437115,"Cairo","Steve"
"Sales",79560,"Gadepally","Hinrich"
"Sales",79535,"Bauknecht","Heekeun"
"Sales",480683,"Wixon","Jayesh"
"Sales",480687,"Marzano","Susanna"
"Sales",79510,"Veccia","Elvia"
"Sales",480739,"Noriega","Jinxi"
"Sales",79493,"Varman","Vidya"
"Sales",79471,"Thombley","Limsoon"
"Sales",480780,"Anido","Akemi"
"Sales",79442,"McClurg","Yannis"
"Sales",480789,"Mahmud","Masami"
"Sales",220907,"McClure","Pramod"
"Sales",480795,"Ferriere","Etsuo"
"Sales",480805,"Deyuan","Sachio"
"Sales",79436,"Colorni","Theron"
"Sales",481016,"Skrikant","Toney"
"Sales",79233,"Andreotta","Prasadram"
"Sales",79121,"Greibach","Satoru"
"Sales",404055,"Belinskaya","Weiru"
"Sales",481106,"Rosen","Shaw"
"Sales",404042,"Ullian","Mohammad"
"Sales",481150,"Gonthier","Honglan"
"Sales",481170,"Gustavson","Ugo"
"Sales",481379,"Suppi","Yifei"
"Sales",437107,"Knightly","Phule"
"Sales",481400,"Antonisse","Lijie"
"Sales",78932,"Marquardt","Yannis"
"Sales",257352,"Deverell","Peternela"
"Sales",220956,"Beerel","Dannz"
"Sales",481475,"Danley","Jessie"
"Sales",78888,"Lung","Shimshon"
"Sales",437092,"Andreotta","Gal"
"Sales",220994,"Cyne","Gilbert"
"Sales",78782,"Redmiles","Arnould"
"Sales",78745,"Peris","Subbu"
"Sales",78719,"Pillow","Sverrir"
"Sales",220999,"Plessier","Arvin"
"Sales",78705,"Garnier","Urs"
"Sales",437076,"Lalonde","Arra"
"Sales",78664,"Kropp","Kannan"
"Sales",481797,"Panienski","Mori"
"Sales",78625,"Skrikant","Masami"
"Sales",481842,"Zeleznik","Zissis"
"Sales",482554,"Businaro","Fabrizio"
"Sales",482559,"Gimarc","Saniya"
"Sales",482579,"Bale","Basant"
"Sales",482592,"Mersereau","Naraig"
"Sales",78513,"Rosis","Kwangsub"
"Sales",482607,"Kroha","Arunas"
"Sales",78434,"Choobineh","Akemi"
"Sales",78322,"Hennings","Monique"
"Sales",221018,"Noriega","Gro"
"Sales",436792,"Luca","Taizo"
"Sales",78304,"Stiles","Hideo"
"Sales",78292,"Casley","Xiping"
"Sales",221046,"Baer","Jiakeng"
"Sales",436769,"Veccia","Dmitry"
"Sales",483223,"Usery","Gadiel"
"Sales",78166,"Kuszyk","Eckart"
"Sales",483262,"Billawala","Vivian"
"Sales",78116,"Beerel","Tokuyasu"
"Sales",483311,"Katzenelson","Xiping"
"Sales",78084,"Rouquie","Bernardo"
"Sales",484051,"Nishimukai","Mads"
"Sales",484100,"Matzen","Salvador"
"Sales",78032,"Farrar","Gen"
"Sales",484121,"Mundy","Yagil"
"Sales",484160,"Genther","Samphel"
"Sales",77973,"Zuberek","Zine"
"Sales",404029,"Zizka","Yinlin"
"Sales",77912,"Luit","Mong"
"Sales",436622,"Redmiles","Gaetan"
"Sales",77867,"Streng","Kasturi"
"Sales",484401,"Nannarelli","Yahiko"
"Sales",77795,"Conti","Abdelkader"
"Sales",484416,"Rehfuss","Harjit"
"Sales",77761,"Pauthner","Tua"
"Sales",436605,"Duclos","Piyawadee"
"Sales",484468,"Fargier","Lobel"
"Sales",77714,"Compeau","Fen"
"Sales",221362,"Cardazo","Vugranam"
"Sales",484514,"Madeira","Malu"
"Sales",77701,"Kalorkoti","Marie"
"Sales",436598,"Schlenzig","Leen"
"Sales",484522,"Paciorek","Denis"
"Sales",484887,"Gide","Yongqiao"
"Sales",484893,"Bressoud","Kannan"
"Sales",221412,"Ciolek","Kinh"
"Sales",484910,"Kirkerud","Izaskun"
"Sales",77662,"Kohling","Byong"
"Sales",484941,"Herber","Mikhail"
"Sales",77632,"Pluym","Xiping"
"Sales",77564,"Matzen","Susumu"
"Sales",484981,"Anger","Toshiko"
"Sales",221424,"Polajnar","Kwangho"
"Sales",221452,"Bednarek","Billie"
"Sales",485089,"Mattern","Nahla"
"Sales",485093,"Porotnikoff","Marie"
"Sales",77468,"Rabehasaina","Munir"
"Sales",77410,"Ranka","Kazuhiko"
"Sales",77379,"Fairtlough","Geoffrey"
"Sales",485361,"Biran","Yonghoan"
"Sales",77354,"Vendrig","Hironoby"
"Sales",77269,"Penz","Yuguang"
"Sales",403959,"Androutsos","Aleksander"
"Sales",485415,"Nooteboom","Arto"
"Sales",77251,"Michaels","Barry"
"Sales",485428,"Moehrke","Kazunori"
"Sales",257448,"DasSarma","Sachin"
"Sales",77164,"Gelosh","Lena"
"Sales",77138,"Karner","Haldun"
"Sales",436514,"Fritzsche","Mahendra"
"Sales",485554,"Soloway","Wonhee"
"Sales",77021,"Butterworth","Tayeb"
"Sales",403952,"Rosti","Kersti"
"Sales",436206,"Valtorta","Lucian"
"Sales",221551,"Grabner","Leszek"
"Sales",485710,"Horswill","Shuzo"
"Sales",257455,"Dratva","Maris"
"Sales",76735,"Bashian","Hidekazu"
"Sales",76711,"Kropatsch","Dietrich"
"Sales",76609,"Swick","Boguslaw"
"Sales",485770,"Erman","Xianlong"
"Sales",436111,"Avouris","Susumu"
"Sales",485794,"Gulak","Kersti"
"Sales",75995,"Hebert","Bodh"
"Sales",485798,"Georgakopoulos","Barun"
"Sales",485800,"Irland","Pranas"
"Sales",75961,"Dusink","Moriyoshi"
"Sales",257456,"Beilner","Tadahiro"
"Sales",75955,"Dymetman","Erzsebet"
"Sales",486384,"dAstous","Jinya"
"Sales",403910,"Leppanen","Dhritiman"
"Sales",221615,"Bultermann","Alselm"
"Sales",75763,"Ratnaker","Chinho"
"Sales",75756,"Herath","Giao"
"Sales",221618,"Schaad","Piyush"
"Sales",75752,"Massonet","Richara"
"Sales",486486,"Rosar","Bokyung"
"Sales",486494,"Vural","Gererd"
"Sales",75686,"Rattan","Leucio"
"Sales",486516,"Kitsuregawa","Shih"
"Sales",486520,"Kusakari","Xiaopeng"
"Sales",75625,"Snedden","Neelam"
"Sales",75623,"Panangaden","Gilbert"
"Sales",436056,"Muchinsky","Karsten"
"Sales",436047,"Oskamp","Billur"
"Sales",486557,"Erde","Arve"
"Sales",486583,"Suri","LiMin"
"Sales",486590,"Lanteri","Utpal"
"Sales",486645,"Pavlopoulou","Kristof"
"Sales",75370,"Alameldin","Kwee"
"Sales",221660,"Kinley","Phuoc"
"Sales",486712,"Zirintsis","Jingling"
"Sales",75109,"Angiulli","Paraskevi"
"Sales",75102,"Koyama","Szabolcs"
"Sales",486727,"Pusterhofer","Przemyslawa"
"Sales",436012,"Shimshoni","Koldo"
"Sales",75081,"Gien","Vesna"
"Sales",486742,"Butterworth","Uno"
"Sales",75076,"Ratnakar","Licheng"
"Sales",435994,"Naudin","Tadahiro"
"Sales",75050,"Streng","Hironobu"
"Sales",486833,"Puppo","Mostafa"
"Sales",486834,"Basart","Sibyl"
"Sales",75024,"Ermel","Roded"
"Sales",486861,"Kusakabe","Udaiprakash"
"Sales",487035,"Salinas","Theron"
"Sales",221915,"Chleq","Tse"
"Sales",75013,"Tsukune","Luisa"
"Sales",403883,"Gladwell","Ute"
"Sales",75005,"Schapiro","Kellie"
"Sales",74993,"Marrevee","Felicidad"
"Sales",435762,"Guenter","Douadi"
"Sales",487150,"Harbusch","Mariangiola"
"Sales",74513,"Rajcani","Zhigen"
"Sales",74501,"Velardi","Nathan"
"Sales",74473,"Deville","Alenka"
"Sales",74386,"Dayang","Navid"
"Sales",435726,"Kermarrec","JoAnna"
"Sales",487375,"Beeson","Cullen"
"Sales",74372,"Cincotta","Gererd"
"Sales",487438,"Chaudhuri","Arvind"
"Sales",74245,"Nastansky","Vishwani"
"Sales",487525,"Buescher","Irena"
"Sales",487543,"Menhoudj","Xiping"
"Sales",487561,"Fontet","Kersti"
"Sales",257475,"Maierhofer","Sashi"
"Sales",74228,"Zucker","Fai"
"Sales",74225,"Figueira","Bangqing"
"Sales",434817,"Androutsos","JoAnna"
"Sales",74148,"Sabnani","Nalini"
"Sales",434734,"Fordan","Howell"
"Sales",73883,"Comellas","Lihong"
"Sales",487685,"Mansanne","Erzsebet"
"Sales",73863,"Aloisi","Somnath"
"Sales",434726,"Zambonelli","Haldon"
"Sales",73844,"Perl","Tomofumi"
"Sales",222022,"Mayerwieser","Dung"
"Sales",73789,"Stafford","Menkae"
"Sales",73770,"Melski","Goh"
"Sales",222023,"Saoudi","Gian"
"Sales",487821,"Parveen","Gonzalo"
"Sales",73761,"Birge","Mark"
"Sales",487841,"Claffy","Taisook"
"Sales",222054,"Sherertz","Chinho"
"Sales",487865,"Hanabata","Sivanarayana"
"Sales",73618,"Tsukune","Kiyotoshi"
"Sales",488089,"Tsukuda","Christoper"
"Sales",488103,"Brookner","Udaiprakash"
"Sales",73429,"Vesna","Mayuko"
"Sales",488117,"Stranks","Serap"
"Sales",488142,"Narlikar","Denis"
"Sales",403864,"Siksek","Abdelghani"
"Sales",73416,"Karnin","Tzu"
"Sales",222095,"Rotem","Tsz"
"Sales",73387,"Axelband","Noritoshi"
"Sales",73373,"Moehrke","Feixiong"
"Sales",488410,"Picci","Guther"
"Sales",73348,"Schauser","Jeane"
"Sales",73279,"Beausoleil","Cordelia"
"Sales",434453,"Swen","Zhilian"
"Sales",488448,"Genther","Yongqiao"
"Sales",488462,"Demizu","Subhrajyoti"
"Sales",488463,"Hettesheimer","Yuichiro"
"Sales",72814,"Brlek","Gererd"
"Sales",434374,"Eickenmeyer","Alper"
"Sales",222123,"Karcich","Freyja"
"Sales",488548,"Vandervoorde","Percy"
"Sales",434363,"Ghelli","Zita"
"Sales",72794,"Awdeh","Kazuhisa"
"Sales",488584,"Mungall","Sham"
"Sales",222128,"Alvarado","Isaac"
"Sales",488612,"Bernini","Sachio"
"Sales",488631,"Noriega","Marsha"
"Sales",222130,"Stellhorn","Vincent"
"Sales",222135,"Stavenow","Leandro"
"Sales",488680,"Munos","Fan"
"Sales",434336,"Ghemri","Paraskevi"
"Sales",72322,"Ladret","Haldun"
"Sales",488699,"Caine","Masali"
"Sales",222149,"Bondorf","Arto"
"Sales",72267,"Pettit","Debaprosad"
"Sales",434334,"Malinowski","Reuven"
"Sales",72233,"Herber","Jaewoo"
"Sales",488922,"Greenaway","Visit"
"Sales",222156,"Morton","Satyanarayana"
"Sales",434134,"Langford","Gen"
"Sales",488953,"Dichev","Jeong"
"Sales",72101,"Barbanera","Guoxiang"
"Sales",434128,"Tomescu","Vesna"
"Sales",403839,"Vecchio","Fai"
"Sales",71896,"Zobel","Magdalena"
"Sales",257488,"Lamma","Shaw"
"Sales",71880,"Noriega","Yinlin"
"Sales",257493,"Brender","Feiyu"
"Sales",222189,"Papsdorf","Nigel"
"Sales",434058,"Eterovic","Masami"
"Sales",71829,"Schwaller","Hidefumi"
"Sales",71815,"Kavvadias","Fay"
"Sales",71765,"Hanratty","Dung"
"Sales",403836,"Syrotiuk","Heng"
"Sales",489624,"Malabarba","Odoardo"
"Sales",71736,"Koyama","Munenori"
"Sales",71708,"Viele","Ult"
"Sales",71686,"Schicker","Licheng"
"Sales",71665,"Lukaszewicz","Mostafa"
"Sales",263610,"Stanfel","Aksel"
"Sales",403832,"Roccetti","Brigham"
"Sales",403823,"Falco","Jolita"
"Sales",71631,"Sidhu","Nadjib"
"Sales",489905,"Bednarek","Stella"
"Sales",433986,"Varman","Volkmar"
"Sales",489963,"Schade","Geoffrey"
"Sales",257521,"Michaeli","Moie"
"Sales",71437,"Puoti","Hironoby"
"Sales",222317,"Cannard","Rafols"
"Sales",490012,"Riesenhuber","Rosalie"
"Sales",490015,"Diderrich","Subhash"
"Sales",71188,"Schapiro","Pranjal"
"Sales",222338,"Redmiles","Henk"
"Sales",490044,"Ginneken","Huiqun"
"Sales",71132,"Kinley","Sanjit"
"Sales",490063,"Fontan","Zhenhua"
"Sales",71118,"Tasistro","Chirstian"
"Sales",490083,"Schoegge","Kwok"
"Sales",71013,"Gubsky","Mrinalini"
"Sales",490114,"Picel","Steen"
"Sales",70923,"Broder","Shunichi"
"Sales",490130,"Roohalamini","Tesuya"
"Sales",490145,"Montresor","Claude"
"Sales",70922,"Rande","Eberhardt"
"Sales",70909,"Wossner","Shir"
"Sales",70901,"Knightly","Yonghoan"
"Sales",490187,"Lubachevsky","Masaru"
"Sales",490202,"Beetstra","Vincent"
"Sales",294332,"Ranft","Adit"
"Sales",490226,"Syang","Kristinn"
"Sales",490234,"Perz","Dipankar"
"Sales",490251,"Zweizig","Youssef"
"Sales",70868,"Demri","Eberhardt"
"Sales",490260,"Hiyoshi","Khedija"
"Sales",490270,"Luft","Minghong"
"Sales",70851,"Rindone","Wonhee"
"Sales",222551,"Rissland","Sungwon"
"Sales",70804,"Maksimenko","Shih"
"Sales",490335,"Figueira","JoAnna"
"Sales",222563,"Angelov","Radhakrishnan"
"Sales",490371,"Taneja","Morris"
"Sales",70331,"Bael","Mostafa"
"Sales",70316,"Roccetti","Dietrich"
"Sales",222576,"Munawer","Gunilla"
"Sales",490583,"Sluis","Huai"
"Sales",490596,"Ghelli","Waiman"
"Sales",490599,"Yoshizawa","Badri"
"Sales",490601,"Lortz","Uriel"
"Sales",70302,"Koyama","Evgueni"
"Sales",490640,"Puoti","JoAnna"
"Sales",70198,"Savasere","Zsolt"
"Sales",70161,"Servieres","Remmert"
"Sales",490662,"Siegrist","Xuedong"
"Sales",490663,"Pashtan","Mitchel"
"Sales",403745,"Taubenfeld","Kerryn"
"Sales",490674,"Stifter","Jaihie"
"Sales",490675,"Famili","Murthy"
"Sales",490712,"Ecklund","Horward"
"Sales",433123,"Weedon","Xumin"
"Sales",69677,"Kalafatis","Zhongwei"
"Sales",69674,"Rabehasaina","Luerbio"
"Sales",69602,"Litzkow","Naftaly"
"Sales",490982,"Feinberg","Mountaz"
"Sales",433105,"Cmelik","Leif"
"Sales",69186,"Thimonier","Arto"
"Sales",491026,"Pietracaprina","Khalid"
"Sales",491028,"Kaltofen","Deniz"
"Sales",68524,"Erde","Alenka"
"Sales",68500,"Stellhorn","Leah"
"Sales",68486,"Antonisse","Shay"
"Sales",68464,"Millington","Nikolaus"
"Sales",491494,"Broomell","Saniya"
"Sales",294322,"Morris","Takahito"
"Sales",403710,"Rothe","Naftaly"
"Sales",403683,"Baaz","Kerhong"
"Sales",491601,"Lampe","Bader"
"Sales",491611,"Conde","Jagoda"
"Sales",67923,"Dayang","Paddy"
"Sales",257614,"Kading","Joydip"
"Sales",433069,"Leslie","Waiman"
"Sales",67303,"Eterovic","Sudhanshu"
"Sales",491754,"Rouquie","Kiyokazu"
"Sales",67301,"Danlos","Xuedong"
"Sales",433058,"Staylopatis","Mayuri"
"Sales",262234,"Valtorta","Atreyi"
"Sales",66854,"Glinert","Uno"
"Sales",66810,"Denos","Sanjeeva"
"Sales",222796,"Simmel","Arumugam"
"Sales",491878,"Shackel","Georg"
"Sales",491883,"Chenney","Huican"
"Sales",433057,"Takanami","Tommaso"
"Sales",66793,"Kambil","Lansing"
"Sales",66745,"Chvatal","Arno"
"Sales",66207,"Baek","Lansing"
"Sales",491988,"Magliocco","Perla"
"Sales",491993,"Rassart","Odysseas"
"Sales",66188,"Rijckaert","Kwangjo"
"Sales",257621,"Ishibashi","Kiam"
"Sales",492058,"Menyhert","Jaques"
"Sales",492068,"Kakkar","Chuanti"
"Sales",66152,"Takkinen","Aruna"
"Sales",492104,"Crelier","Shahaf"
"Sales",432992,"Karcich","Oksana"
"Sales",432974,"Pauthner","Hinrich"
"Sales",66144,"Kading","Turgut"
"Sales",65529,"Panienski","Yoshimitsu"
"Sales",492149,"Krzyzanowski","Collette"
"Sales",65515,"Teitelbaum","Phillip"
"Sales",492160,"Gluchowski","Shawna"
"Sales",492166,"Atrawala","Xiaoshan"
"Sales",432811,"Tomescu","Aran"
"Sales",65493,"Cummings","Zeydy"
"Sales",65452,"Xiaoshan","Mansur"
"Sales",65434,"Blokdijk","Abdelaziz"
"Sales",222857,"Bressoud","Annemarie"
"Sales",222892,"Ranai","Shuichi"
"Sales",222904,"Sury","Giri"
"Sales",492278,"Delgrange","Chinhyun"
"Sales",492283,"Baak","Elgin"
"Sales",492284,"Perng","Howell"
"Sales",492303,"Reistad","Fun"
"Sales",492353,"Bonifati","Dines"
"Sales",64951,"Erol","Charmane"
"Sales",64931,"Luef","Rosli"
"Sales",64921,"Czap","Palash"
"Sales",492409,"Slaats","Abdelaziz"
"Sales",222923,"Hmelo","Valeri"
"Sales",64903,"Kakkar","Larisa"
"Sales",432492,"Lovengreen","Moty"
"Sales",222951,"Uludag","Jouni"
"Sales",222954,"Pleszkun","Persi"
"Sales",492524,"Setlzner","Billur"
"Sales",64484,"Zaccaria","Mabhin"
"Sales",64427,"Marquardt","Venkatesan"
"Sales",432490,"Levasseur","Guther"
"Sales",64380,"Rando","Persi"
"Sales",64374,"Matteis","Heng"
"Sales",492586,"Knightly","Aamod"
"Sales",64354,"Danley","Rimon"
"Sales",492626,"Brizzi","Suzette"
"Sales",492647,"Madeira","Leen"
"Sales",64290,"Merro","Hirochika"
"Sales",222972,"DasSarma","Gro"
"Sales",492678,"Pettis","Kazuyasu"
"Sales",432286,"Mitsuhashi","Sanjay"
"Sales",222989,"Rahier","Sorina"
"Sales",222993,"Peac","Satoru"
"Sales",492735,"Reistad","Jacopo"
"Sales",64128,"Pollacia","Masaki"
"Sales",64008,"Merey","Mokhtar"
"Sales",64001,"Gniady","Duke"
"Sales",63999,"Whitcomb","Toshimi"
"Sales",492783,"Hammerschmidt","Oldrich"
"Sales",63949,"Willoner","Flemming"
"Sales",492835,"Khalil","Khaled"
"Sales",492861,"Ermel","Shen"
"Sales",432194,"Zizka","Duangkaew"
"Sales",63711,"Rouquie","Mohamadou"
"Sales",63709,"Back","Subir"
"Sales",63695,"Schreiter","Howell"
"Sales",432187,"Merro","Feipei"
"Sales",63614,"Willoner","Berna"
"Sales",63603,"Garrabrants","Marin"
"Sales",63594,"Luiz","Niranjan"
"Sales",63588,"Curless","Pintsang"
"Sales",63376,"Peir","Kiyotoshi"
"Sales",492958,"Nitsch","Georgy"
"Sales",492962,"Vasanthakumar","Kiyomitsu"
"Sales",492968,"Riexinger","Ramya"
"Sales",432179,"Ohori","Dipayan"
"Sales",493002,"Comellas","Berry"
"Sales",403675,"Armand","Sachar"
"Sales",493040,"Shimshoni","Navin"
"Sales",63267,"Katalagarianos","Mariangiola"
"Sales",493081,"Eldridge","Abdelwaheb"
"Sales",493086,"Rosay","Xinyu"
"Sales",62997,"Cronau","Shigeaki"
"Sales",493181,"Belinskaya","Kwangjo"
"Sales",62975,"Portugali","Mantis"
"Sales",62952,"Miyakawa","Huan"
"Sales",62947,"Pillow","Rosli"
"Sales",493262,"Fiebach","Pintsang"
"Sales",62544,"Serdy","Kazuhira"
"Sales",493273,"Restivo","Shounak"
"Sales",62434,"Angelov","Uta"
"Sales",60521,"Uhrik","Henk"
"Sales",60512,"Marwedel","Ziyad"
"Sales",257655,"Marakhovsky","Hitofumi"
"Sales",60489,"Rebaine","Syozo"
"Sales",60487,"Borstler","Kiyotoshi"
"Sales",60453,"Gammage","Larisa"
"Sales",60441,"Capobianchi","Yakkov"
"Sales",223334,"Monkewich","Randy"
"Sales",60414,"Vitiello","Xuejia"
"Sales",493403,"Christianini","Garnet"
"Sales",493423,"Luit","Magdalena"
"Sales",60387,"Seuren","Genta"
"Sales",493454,"Alvarado","Muzhong"
"Sales",493467,"Bade","Susuma"
"Sales",257659,"Kadhim","Danae"
"Sales",60201,"Aingworth","Gregory"
"Sales",493488,"Tsunoo","Mansur"
"Sales",431930,"Schapiro","Jaques"
"Sales",60126,"Orsini","Alair"
"Sales",223344,"Eiter","Perla"
"Sales",431895,"Speel","Xiaoqiang"
"Sales",60095,"Garnier","Bartek"
"Sales",60093,"Felder","Zhensheng"
"Sales",431886,"Frolund","Chaitali"
"Sales",493624,"Businaro","Dmitri"
"Sales",431868,"Dalphin","Eckart"
"Sales",60090,"Stasinski","Noritoshi"
"Sales",223388,"Vigier","Katsuo"
"Sales",493640,"Kermarrec","Sahrah"
"Sales",60065,"Walstra","Berthier"
"Sales",493690,"Pearson","Tua"
"Sales",60046,"Anandan","Mary"
"Sales",493729,"Dratva","Manton"
"Sales",493735,"Eickenmeyer","Urs"
"Sales",493793,"Schmezko","Chirstian"
"Sales",59324,"Anido","Kazuhide"
"Sales",493828,"Merle","Marla"
"Sales",493837,"Tetzlaff","Yucel"
"Sales",493862,"Radivojevic","Weiye"
"Sales",493881,"Whitcomb","Edwin"
"Sales",59238,"Braunschweig","Moni"
"Sales",493896,"Krone","Dante"
"Sales",223421,"Vickson","Nakhoon"
"Sales",431078,"Ananiadou","Adib"
"Sales",493951,"Sidje","Vugranam"
"Sales",431051,"Yoshimura","Subhrajyoti"
"Sales",59000,"Barvinok","Yuriy"
"Sales",58998,"Gecseg","Apostol"
"Sales",493985,"Jakobus","Weidon"
"Sales",58981,"Kushner","Kazuhiko"
"Sales",494037,"Binkley","Shay"
"Sales",58942,"Junot","Cathie"
"Sales",494085,"Negoita","Pascal"
"Sales",431030,"Nilsson","Doowon"
"Sales",494107,"Vuskovic","Yucel"
"Sales",223444,"Masaki","Martine"
"Sales",223445,"Thimonier","Fumiyo"
"Sales",58665,"Marquardt","Mabhin"
"Sales",257696,"Strooper","Kazunori"
"Sales",58664,"Dalphin","Teiji"
"Sales",494177,"Pocchiola","Guoxiang"
"Sales",223455,"Erdi","Inderjeet"
"Sales",494210,"Jayawardene","Sreekrishna"
"Sales",494228,"Asrin","Erez"
"Sales",494237,"Pulkowski","Chinhyun"
"Sales",494258,"Pollacia","Djelloul"
"Sales",58032,"Kropf","Neven"
"Sales",58015,"Lally","Shunichi"
"Sales",494274,"Clouatre","Aron"
"Sales",494325,"Ferretti","Shin"
"Sales",494328,"Isaac","Moheb"
"Sales",57904,"Litvinov","Youjian"
"Sales",57888,"Ballarin","Emdad"
"Sales",494351,"Maginnis","Boriana"
"Sales",494352,"Salvesen","Zine"
"Sales",263632,"Vernadat","Shuky"
"Sales",223482,"Piveteau","Lidong"
"Sales",57871,"Hmelo","Pramod"
"Sales",494391,"Famili","Aram"
"Sales",430970,"Solares","Elzbieta"
"Sales",57525,"Dechter","Herbert"
"Sales",494475,"Sluis","Hatsukazu"
"Sales",57458,"Rissanen","Taegyun"
"Sales",223507,"Beerel","Gurbir"
"Sales",494491,"Badache","Masaki"
"Sales",494523,"Walstra","Fumiyo"
"Sales",57416,"Mikschl","Val"
"Sales",403531,"Vickson","Snehasis"
"Sales",262275,"Theuretzbacher","Gopalakrishnan"
"Sales",57178,"Rousseau","Oldrich"
"Sales",57173,"Qiwen","Gererd"
"Sales",57161,"Gaughan","Khedija"
"Sales",429563,"Pews","Surveyors"
"Sales",294139,"Fritzsche","Kannan"
"Sales",494887,"Huttel","Xudong"
"Sales",57035,"Zongker","Boaz"
"Sales",495107,"Schiper","George"
"Sales",495118,"Pokrovskii","Kristen"
"Sales",56779,"Slobodova","Lansing"
"Sales",495136,"Sherertz","Barna"
"Sales",495140,"Erman","Lubomir"
"Sales",56763,"Cangellaris","Mahendra"
"Sales",495415,"Lammel","Tadanori"
"Sales",56726,"Schmiedel","Chuanti"
"Sales",56723,"Coorg","Seongbin"
"Sales",495426,"Pellegrinelli","Leon"
"Sales",495438,"Zedlitz","Kirk"
"Sales",223768,"Stifter","Mani"
"Sales",56704,"Jarecki","Jaewon"
"Sales",223778,"Luders","Leszek"
"Sales",56511,"Siksek","Debatosh"
"Sales",495543,"Cangellaris","Lorien"
"Sales",56509,"Genin","Goa"
"Sales",429521,"Badache","Moty"
"Sales",495555,"Casperson","Narain"
"Sales",56500,"Makrucki","Toney"
"Sales",56458,"Dratva","Bedir"
"Sales",56417,"Impagliazzo","Xudong"
"Sales",56387,"Tibblin","Faiza"
"Sales",56385,"Stiles","Khaled"
"Sales",495626,"Provine","Alagu"
"Sales",495629,"Anger","Ute"
"Sales",223801,"Kornyak","Genki"
"Sales",403500,"Rosay","Toshimi"
"Sales",495654,"Redmiles","Shahaf"
"Sales",223814,"Montemayor","Billur"
"Sales",56137,"Ellozy","Stepehn"
"Sales",495672,"Sewelson","Zissis"
"Sales",495673,"Kaelbling","Mana"
"Sales",56097,"Ranft","Kamakshi"
"Sales",495690,"Porenta","Jamaludin"
"Sales",495691,"Barbanera","Parto"
"Sales",403469,"Poehlman","Moon"
"Sales",56085,"Kusalik","Shigenori"
"Sales",403465,"Curless","Supot"
"Sales",56072,"Frolund","Aruna"
"Sales",56067,"Lammel","Tse"
"Sales",429460,"Savasere","Kyoichi"
"Sales",223842,"Braccini","Shushma"
"Sales",495809,"Peck","Valeska"
"Sales",495812,"Przulj","Pranas"
"Sales",56038,"Murthy","Herbert"
"Sales",223844,"Masamoto","Mariangiola"
"Sales",429437,"Chinal","Deniz"
"Sales",495869,"Pluym","Shai"
"Sales",495885,"Zizka","Weijing"
"Sales",55763,"Picht","Hongzue"
"Sales",495896,"Hemaspaandra","Udaiprakash"
"Sales",429382,"Schwabacher","Domenico"
"Sales",223877,"Gomatam","Martine"
"Sales",495955,"Munos","Make"
"Sales",495967,"Oxenboll","Amstein"
"Sales",257813,"Marakhovsky","Xinglin"
"Sales",55756,"Warwick","Alair"
"Sales",55691,"Kusakari","Xuejun"
"Sales",223901,"Slaats","Aimee"
"Sales",496083,"Erni","Marit"
"Sales",496119,"Wuwongse","Gal"
"Sales",496139,"Setiz","Siamak"
"Sales",263638,"Nyrup","Subir"
"Sales",496144,"Blokdijk","Kerhong"
"Sales",54975,"Katiyar","Maris"
"Sales",54920,"Lally","Shrikanth"
"Sales",496205,"Narwekar","Hatim"
"Sales",54917,"Demian","Kauko"
"Sales",54900,"Stemann","Khalil"
"Sales",403429,"Cullers","Taiji"
"Sales",54887,"Vandervoorde","Shooichi"
"Sales",223948,"Stanfel","Heekeun"
"Sales",54878,"Guenter","Baziley"
"Sales",496296,"Burnard","Tadahiko"
"Sales",496303,"Provine","Phuoc"
"Sales",257823,"Gewali","Bouchung"
"Sales",496311,"Schaaf","Josyula"
"Sales",54616,"Kavraki","Tsz"
"Sales",54613,"Heiserman","Huan"
"Sales",54602,"Lortz","Diederik"
"Sales",496400,"Eiter","Naftaly"
"Sales",54565,"Hebden","Masoud"
"Sales",54538,"Lienhardt","Irene"
"Sales",223977,"Rossi","Greger"
"Sales",54306,"Beilner","Vesna"
"Sales",496451,"Glowinski","Aleksander"
"Sales",496456,"Impagliazzo","Karlis"
"Sales",496472,"Carrere","Gilbert"
"Sales",429311,"Caine","Mircea"
"Sales",224001,"Kopetz","Goetz"
"Sales",429238,"Luck","Mona"
"Sales",53966,"Ventosa","Lobel"
"Sales",496558,"Niizuma","Yahiko"
"Sales",224021,"Pepe","Minghong"
"Sales",403420,"Heystek","Barry"
"Sales",53895,"Shrader","Georgi"
"Sales",257851,"Gadepally","Georgi"
"Sales",53880,"Klyachko","Mechthild"
"Sales",496643,"Junot","Flemming"
"Sales",429188,"Passafiume","Vesna"
"Sales",496668,"Hockney","Sakthirel"
"Sales",496684,"Wossner","Odysseas"
"Sales",53875,"Ramsay","Zissis"
"Sales",224062,"Makinen","Boutros"
"Sales",53860,"Masamoto","Nahid"
"Sales",429187,"Skogmar","Luise"
"Sales",496744,"Raney","Bingning"
"Sales",53478,"Rande","Ortrun"
"Sales",53464,"Andreotta","Odoardo"
"Sales",496863,"Rubsam","Phule"
"Sales",53423,"Walstra","Xianlong"
"Sales",224067,"Ruther","Lene"
"Sales",496868,"Klyachko","Fun"
"Sales",53364,"Hertweck","Isaac"
"Sales",496889,"Fairtlough","Shuzo"
"Sales",429175,"Detkin","Itzchak"
"Sales",53168,"Ohori","Yunming"
"Sales",496911,"Decleir","Tiina"
"Sales",496930,"Mersereau","Mart"
"Sales",53129,"dAstous","Sampalli"
"Sales",53035,"Koshiba","Mariusz"
"Sales",497016,"Speel","Breannda"
"Sales",53030,"Farrag","Aram"
"Sales",497041,"Bashian","Abdelaziz"
"Sales",52844,"Grospietsch","Frazer"
"Sales",429129,"Segond","Hilari"
"Sales",497088,"Picco","Alassane"
"Sales",403401,"Picel","Christoph"
"Sales",52711,"Shackel","Geoffrey"
"Sales",52487,"Shackel","Candido"
"Sales",52402,"Rettelbach","Basant"
"Sales",52381,"Anick","Berry"
"Sales",52380,"Conte","Faiza"
"Sales",52113,"Hiroyama","Feixiong"
"Sales",429128,"Range","Uno"
"Sales",428959,"Prenel","DeForest"
"Sales",224137,"Staudhammer","Candida"
"Sales",497438,"Birjandi","Trygve"
"Sales",428909,"Serot","Arve"
"Sales",497448,"Suwa","Karsten"
"Sales",497459,"Gimbel","Roded"
"Sales",262347,"Nannarelli","Gretta"
"Sales",51791,"Kroft","Marjo"
"Sales",497501,"Perz","Xianlong"
"Sales",497538,"Kuhnemann","Zhiwei"
"Sales",497571,"Schrooten","Geraldo"
"Sales",51684,"Seghrouchni","Yuuichi"
"Sales",497917,"Khalil","Idoia"
"Sales",51679,"Vickson","Tianruo"
"Sales",497952,"Plotkin","Valeri"
"Sales",51322,"Danlos","Aleksander"
"Sales",262368,"Masamoto","Shir"
"Sales",51268,"Selenyi","Berhard"
"Sales",224367,"Andreotta","Remzi"
"Sales",51267,"Improta","Deniz"
"Sales",51228,"Avouris","Jinxi"
"Sales",428823,"Dengi","Gianluca"
"Sales",50995,"Bala","Ugo"
"Sales",50976,"Kropp","Nectarios"
"Sales",498316,"Schnabel","Huei"
"Sales",50952,"Rathonyi","Abdulah"
"Sales",498339,"Aingworth","Naraig"
"Sales",403399,"Iwayama","Jaewon"
"Sales",498359,"Gips","Khedija"
"Sales",224416,"Ratnakar","Junichi"
"Sales",224420,"Berendt","Karoline"
"Sales",498380,"Ratnaker","Nidapan"
"Sales",498398,"Marzano","Nobuyoshi"
"Sales",498411,"Reutenauer","Khatoun"
"Sales",50896,"Lowrie","Shaleah"
"Sales",50875,"Skafidas","Marjo"
"Sales",498592,"Zielinski","Fumitake"
"Sales",498640,"Szmurlo","Kwangyoen"
"Sales",428597,"Schreiter","Leni"
"Sales",50848,"Parveen","Chuanti"
"Sales",498733,"Spelt","Yongmin"
"Sales",224438,"Luiz","Matk"
"Sales",50838,"Skogmar","Adil"
"Sales",224443,"Desikan","Tadahiko"
"Sales",498927,"Tsunoo","Arno"
"Sales",294087,"Mansanne","Gadiel"
"Sales",50654,"Rodier","Sreekrishna"
"Sales",499005,"Fujisawa","Juichirou"
"Sales",50571,"Zwicker","Zhongwei"
"Sales",50526,"Varman","Susumu"
"Sales",50520,"Isaak","Petter"
"Sales",428549,"Teitelbaum","Brendon"
"Sales",499109,"Laurillard","Adel"
"Sales",224579,"Masada","Wanqing"
"Sales",402644,"Angiulli","Gianluca"
"Sales",402641,"Vitiello","Khalid"
"Sales",50331,"Maquelin","Toshiko"
"Sales",224590,"Vural","Wilmer"
"Sales",50239,"Erni","Yinlin"
"Sales",499166,"Gini","Kiyomitsu"
"Sales",224634,"Pramanik","Oscal"
"Sales",50205,"Cherinka","Xiaobin"
"Sales",49976,"Peternell","Miyeon"
"Sales",499288,"Copas","Atreye"
"Sales",499310,"Akaboshi","Masanao"
"Sales",499337,"Antonisse","Werner"
"Sales",499347,"Schwartzbauer","Ugo"
"Sales",499380,"Selenyi","Wonhee"
"Sales",49861,"Zykh","Rosalyn"
"Sales",257975,"Hanratty","Xiaopeng"
"Sales",49859,"Camurati","Sreenivas"
"Sales",499412,"Butner","Georgy"
"Sales",49487,"Cunliffe","Hatim"
"Sales",499416,"Riefers","Spyrose"
"Sales",49421,"Boudaillier","Susanna"
"Sales",49420,"Luiz","Xiaoqiu"
"Sales",49405,"Birge","Gila"
"Sales",499454,"Cannane","Sachio"
"Sales",49375,"Danner","Gennady"
"Sales",499546,"Bernardeschi","Guadalupe"
"Sales",428467,"Siepmann","Ewing"
"Sales",49343,"Rosch","Moni"
"Sales",49151,"Zaccaria","Padma"
"Sales",499595,"Stamatiou","Nagui"
"Sales",499631,"Bergere","Fumiya"
"Sales",427992,"Lalonde","George"
"Sales",49085,"Mitchem","Isaac"
"Sales",499671,"Ambroszkiewicz","Jayesh"
"Sales",227563,"Yamaashi","Peternela"
"Sales",499700,"Ulupinar","Divine"
"Sales",499701,"Bergere","Shietung"
"Sales",499733,"Puppo","Shounak"
"Sales",227576,"Katiyar","Gor"
"Sales",49051,"Pappas","Almudena"
"Sales",499787,"Wroclawski","Michaela"
"Sales",499804,"Emmart","Leen"
"Sales",427988,"Barvinok","Martial"
"Sales",49006,"Rosay","Ashish"
"Sales",49005,"Vadhan","Matk"
"Sales",48993,"Hainaut","Youssef"
"Sales",227630,"Cichocki","Djenana"
"Sales",499901,"Terekhov","Make"
"Sales",48777,"Copas","Christ"
"Sales",227642,"Baaz","Debaprosad"
"Sales",402618,"Grospietsch","Bedir"
"Sales",48753,"Mitzlaff","Nitsan"
"Sales",499987,"Dusink","Rimli"
"Sales",48742,"Hammerschmidt","Genta"
"Sales",10016,"Cappelletti","Kazuhito"
"Sales",227674,"Gischer","Sajjad"
"Sales",48713,"Lorie","Kayoko"
"Sales",48682,"Sessa","Karoline"
"Sales",427758,"Eugenio","Mikhail"
"Sales",10034,"Swan","Bader"
"Sales",48662,"Crouzet","Mabo"
"Sales",227694,"Chandrasekhar","Paloma"
"Sales",48489,"Nyanchama","Danae"
"Sales",48441,"Ratzlaff","Becky"
"Sales",10107,"Baca","Dung"
"Sales",48378,"McFarlin","Moty"
"Sales",48369,"Shimshoni","Rimon"
"Sales",48344,"Mellouli","Alassane"
"Sales",10149,"Perry","Xiadong"
"Sales",48004,"Foong","Faiza"
"Sales",10355,"Cochrane","Satyanarayana"
"Sales",10361,"Sidou","Seshu"
"Sales",10388,"Kaiser","Hironoby"
"Sales",10398,"Escriba","Shooichi"
"Sales",427691,"Rothe","Fusako"
"Sales",257997,"Polajnar","Karlis"
"Sales",10454,"Badr","Wonhee"
"Sales",47740,"Linares","Tamiya"
"Sales",47720,"Eugenio","Renny"
"Sales",427678,"Benveniste","Zdislav"
"Sales",10537,"Benzmuller","Stella"
"Sales",10555,"Picci","Vitaly"
"Sales",47707,"Huhdanpaa","Hyuncheol"
"Sales",47696,"Rissland","Gudjon"
"Sales",227771,"Einsfeld","Zhenbing"
"Sales",227774,"Edelhoff","Guozhong"
"Sales",10600,"Rettelbach","Emran"
"Sales",10633,"Herber","Sorina"
"Sales",258003,"Rubsam","Abdelghani"
"Sales",47683,"Lund","Jenwei"
"Sales",47674,"Thambidurai","Jianwen"
"Sales",10644,"Benaini","Pranas"
"Sales",262381,"Diderrich","Berna"
"Sales",47285,"Uhrik","Tsutomu"
"Sales",292090,"Schoegge","Pascal"
"Sales",47261,"Pearson","Barry"
"Sales",47255,"Nastansky","IEEE"
"Sales",10744,"Syang","Yaghout"
"Sales",47240,"Theuretzbacher","Moni"
"Sales",10804,"Benantar","Terresa"
"Sales",10807,"Zallocco","Munehiro"
"Sales",10810,"Lunn","Lijie"
"Sales",47234,"Savasere","Lansing"
"Sales",47217,"Tiemann","Adel"
"Sales",10814,"Dymetman","Nidapan"
"Sales",227844,"Kavvadias","Shiv"
"Sales",11024,"Collavizza","Manton"
"Sales",11049,"Apsitis","Gift"
"Sales",294085,"Fujisawa","Mong"
"Sales",47169,"Nourani","Cheong"
"Sales",11097,"Rissanen","Jovan"
"Sales",46966,"Perko","Emran"
"Sales",227870,"Zhiwei","Dines"
"Sales",427530,"Chvatal","Gay"
"Sales",11146,"Masand","Ishfaq"
"Sales",11519,"Chinen","Halsur"
"Sales",11530,"Jarecki","Oscar"
"Sales",11535,"Ohori","Aemilian"
"Sales",11546,"Vuskovic","Duro"
"Sales",262411,"Warwick","Ronghao"
"Sales",46874,"Rabehasaina","Naraig"
"Sales",46865,"Feldmann","Gererd"
"Sales",11579,"Merel","Jinxi"
"Sales",46827,"Talmon","Sachin"
"Sales",427516,"Gecsei","Makato"
"Sales",46826,"Ladret","Christoper"
"Sales",46584,"Sessa","Kerhong"
"Sales",427480,"Lichtner","Xiaoheng"
"Sales",46556,"Peac","Hirochika"
"Sales",11859,"Muhlberg","Ipke"
"Sales",11884,"Moehrke","Patricia"
"Sales",427475,"Wrigley","Hatim"
"Sales",46312,"Improta","Yonghong"
"Sales",427473,"Reinhart","Boguslaw"
"Sales",258042,"Sankaranarayanan","Takushi"
"Sales",46307,"Braccini","Jeanna"
"Sales",11927,"Aingworth","Mana"
"Sales",46302,"Pezzoli","Susanta"
"Sales",46288,"Genther","Naftali"
"Sales",11961,"Birdsall","Sumant"
"Sales",46271,"Bazelow","Masadi"
"Sales",427459,"Weedman","Yuqun"
"Sales",12011,"Coorg","Zhilian"
"Sales",46250,"Decleir","Yefim"
"Sales",46234,"Rosch","Shahaf"
"Sales",46222,"Strooper","Mrinalini"
"Sales",46207,"Juneja","Bernice"
"Sales",12098,"Eugenio","Pranay"
"Sales",12100,"Beznosov","Nevio"
"Sales",12102,"Erde","Aron"
"Sales",46180,"Ghazalie","Yuriy"
"Sales",46166,"Boudaillier","Yishai"
"Sales",12160,"Garrabrants","Aamer"
"Sales",227979,"Dusink","Shietung"
"Sales",427433,"Francisci","Serif"
"Sales",12232,"Ratnakar","Subhankar"
"Sales",12259,"Hofting","Juichirou"
"Sales",12261,"Hardjono","Udi"
"Sales",12295,"Lammel","Weicheng"
"Sales",12297,"Krone","Yoshimitsu"
"Sales",45873,"Azulay","Shan"
"Sales",427418,"Baja","Rayond"
"Sales",12521,"Ranka","Geoffry"
"Sales",12523,"Casley","Tonia"
"Sales",258084,"Setia","Juichirou"
"Sales",228106,"Chachaty","Saddek"
"Sales",12582,"Herath","Saniya"
"Sales",12590,"Rosenbaum","Gita"
"Sales",12622,"Kobara","Jiafu"
"Sales",45514,"Alpin","Jessie"
"Sales",45488,"Shackel","Shigehiro"
"Sales",12870,"Pfau","Elvis"
"Sales",12875,"Validov","Giri"
"Sales",45454,"Zeleznik","Yolla"
"Sales",12931,"Hutton","Spyrose"
"Sales",45419,"Plesums","Yechiam"
"Sales",427310,"Benveniste","Tommaso"
"Sales",45370,"Aumann","Kristen"
"Sales",45368,"Ratzlaff","Kristen"
"Sales",228170,"Jeong","Jasminko"
"Sales",13259,"Dredge","Cheong"
"Sales",13261,"Peternell","Martial"
"Sales",45356,"Zallocco","Subhrajyoti"
"Sales",45348,"Nivat","Georgi"
"Sales",13264,"Hofting","Oguz"
"Sales",258110,"Cullers","Yuping"
"Sales",45347,"Langford","Caolyn"
"Sales",13303,"Rissanen","Koldo"
"Sales",13349,"Danner","Zeydy"
"Sales",45307,"Comyn","Krassimir"
"Sales",45255,"Rosar","Guangming"
"Sales",13431,"Sidje","Danco"
"Sales",45202,"Hebden","Xudong"
"Sales",45186,"Vernadat","Mong"
"Sales",45158,"Marshall","Chenxi"
"Sales",13479,"Besselaar","Youjian"
"Sales",13503,"Milicia","Renee"
"Sales",44960,"Joslin","Shih"
"Sales",13863,"Baig","Reinhard"
"Sales",44946,"Porenta","Parviz"
"Sales",44918,"Perko","Shuzo"
"Sales",44856,"Seuren","Amabile"
"Sales",427239,"Pelz","Duke"
"Sales",13902,"Kilgore","Greger"
"Sales",44637,"Serdy","Alassane"
"Sales",427212,"Dulin","Nitsan"
"Sales",228499,"Famili","Susuma"
"Sales",44607,"Valtorta","Sachem"
"Sales",13978,"Bardell","Mayuko"
"Sales",13986,"Ramsey","Geraldo"
"Sales",44465,"Teitelbaum","Brigham"
"Sales",44438,"Lakshmanan","Harjit"
"Sales",228500,"Fontet","Martial"
"Sales",44419,"Bernick","Leszek"
"Sales",44380,"Crooks","Valery"
"Sales",44373,"Flowers","Avishai"
"Sales",44351,"Siepmann","Lunjin"
"Sales",262428,"Gerlach","Changho"
"Sales",14238,"Puoti","Barton"
"Sales",44349,"Lanphier","Evgueni"
"Sales",14252,"Fargier","Weiyi"
"Sales",258134,"Straney","Dzung"
"Sales",14282,"Aumann","Claudi"
"Sales",228732,"Pouyioutas","Geoffry"
"Sales",44299,"Feldhoffer","Shih"
"Sales",44290,"Babu","Prasadram"
"Sales",14705,"Leonhardt","Stella"
"Sales",14742,"Renear","Hairong"
"Sales",426931,"Rossi","Indrajit"
"Sales",426926,"Fioravanti","Khalil"
"Sales",44241,"Czap","Muneo"
"Sales",228754,"Dulin","Gio"
"Sales",14830,"Trachtenberg","Tsz"
"Sales",14836,"Paludetto","Chiradeep"
"Sales",14845,"Homond","Theron"
"Sales",15214,"Bernatsky","Shahid"
"Sales",44199,"Vickson","Jagoda"
"Sales",44175,"Laurillard","Sanjai"
"Sales",15271,"Bernardeschi","Shiv"
"Sales",44173,"Gopalakrishnan","Kamran"
"Sales",15292,"Lammel","Miyeon"
"Sales",15326,"Mersereau","Bogdan"
"Sales",15341,"Farrow","Shigehiro"
"Sales",44137,"Karlin","Changho"
"Sales",44083,"Boreale","Kristof"
"Sales",44025,"Thebaut","Dines"
"Sales",426799,"Keirsey","Hatim"
"Sales",258164,"Stemann","Heather"
"Sales",15761,"Gulik","Ipke"
"Sales",43874,"Naumovich","Niteen"
"Sales",15763,"Narahari","Barun"
"Sales",15776,"Simkin","Vasilii"
"Sales",43873,"Eugenio","Eirik"
"Sales",43855,"Pell","Luigi"
"Sales",15805,"Montresor","Gretta"
"Sales",229052,"Poehlman","Kitty"
"Sales",426788,"Gini","Gay"
"Sales",43834,"Mundy","Suebskul"
"Sales",15857,"Kuhnemann","Lorien"
"Sales",43815,"Asmuth","Conrado"
"Sales",43741,"Oberman","Jianhao"
"Sales",16205,"Radivojevic","Kerhong"
"Sales",229066,"Bernardeschi","Kristinn"
"Sales",16226,"Luan","Fay"
"Sales",43689,"Bugrara","Almudena"
"Sales",43672,"Schurmann","Utpal"
"Sales",16257,"Masaki","Zhenhua"
"Sales",16266,"Sethi","Mikhail"
"Sales",43445,"Calkin","Sudhanshu"
"Sales",16304,"Hiroyama","Stepehn"
"Sales",16307,"Setia","Marlo"
"Sales",258184,"Kaiserswerth","Yoshinari"
"Sales",426528,"Basagni","Paraskevi"
"Sales",43377,"Mateescu","Froduald"
"Sales",43324,"Nyanchama","Oscar"
"Sales",16705,"Stille","Sajjad"
"Sales",16710,"Escriba","Arumugam"
"Sales",43276,"Waymire","Rosella"
"Sales",262456,"Stifter","Xiaobin"
"Sales",16749,"Demir","Katsuo"
"Sales",16774,"Marchesini","Satyanarayana"
"Sales",16788,"Huttel","Hugh"
"Sales",229116,"Oehlmann","Moty"
"Sales",426526,"Genther","Supot"
"Sales",43232,"Riefers","Hugo"
"Sales",43221,"Warwick","Yurij"
"Sales",17545,"Mitchem","Marjo"
"Sales",426518,"Turnbull","Marek"
"Sales",402161,"Dahlbom","Radoslaw"
"Sales",42964,"Plumb","Yahiko"
"Sales",42956,"Bahr","Steen"
"Sales",17644,"Akazan","Mats"
"Sales",42934,"Panwar","Masasuke"
"Sales",17671,"England","Arunachalam"
"Sales",17695,"Chvatal","Kazuhiro"
"Sales",17881,"Pavlopoulou","Sushant"
"Sales",42908,"Azumi","Jordanka"
"Sales",42864,"Pearson","Menkae"
"Sales",17951,"Merks","Ferdinand"
"Sales",17979,"Hedayat","Bokyung"
"Sales",426477,"Leuchs","Reinhard"
"Sales",18024,"Casperson","Uzi"
"Sales",42611,"Gien","Odysseas"
"Sales",229195,"Mateescu","Elzbieta"
"Sales",42604,"Miake","Panayotis"
"Sales",42551,"Pagter","Yakichi"
"Sales",42549,"Pell","Mitchel"
"Sales",42513,"Blokdijk","Genki"
"Sales",229229,"Plavsic","Taizo"
"Sales",229251,"Bugaenko","Tze"
"Sales",229253,"Stille","Sushant"
"Sales",229262,"Shackel","Kendra"
"Sales",42486,"Mitchem","Mitchel"
"Sales",426445,"Turnbull","Anwar"
"Sales",42401,"Chorvat","Kayoko"
"Sales",18419,"Antonisse","Aruna"
"Sales",42345,"Avouris","Hiroyasu"
"Sales",262459,"Welham","Masako"
"Sales",42333,"Hainaut","Woody"
"Sales",18492,"Brickell","Turgut"
"Sales",18496,"Pileggi","Boalin"
"Sales",42291,"Talmor","Girolamo"
"Sales",42232,"Cronan","Sham"
"Sales",18519,"Peltason","Chikara"
"Sales",229276,"Gihr","Jiann"
"Sales",426404,"Leijenhorst","Hugh"
"Sales",18725,"Marchegay","Cullen"
"Sales",18729,"Camurati","Shaowen"
"Sales",18771,"Haraldson","Domenick"
"Sales",41958,"Chiodo","Branimir"
"Sales",18792,"Zielinski","Rayond"
"Sales",41919,"Basart","Babette"
"Sales",229299,"Matzat","Giao"
"Sales",426383,"Otillio","Jeong"
"Sales",258306,"Bain","Tru"
"Sales",41905,"Badr","Roselyn"
"Sales",18859,"Murillo","Ekawit"
"Sales",19065,"Birdsall","Mabry"
"Sales",19105,"Oehlmann","Etsuo"
"Sales",19125,"Zizka","Tuval"
"Sales",19127,"Munawer","Matt"
"Sales",19128,"Schwartzburd","Roddy"
"Sales",426307,"Sundgren","Fumiya"
"Sales",41885,"Validov","Val"
"Sales",19190,"Farrag","Giordano"
"Sales",19198,"Remmele","Moty"
"Sales",41884,"Kavanagh","Marek"
"Sales",19207,"Validov","Shiv"
"Sales",41857,"Beznosov","Munehiko"
"Sales",41848,"Cronan","Jagoda"
"Sales",41803,"Straney","Kankanahalli"
"Sales",41788,"Litecky","Jessie"
"Sales",41760,"Berztiss","Heon"
"Sales",19419,"Bernardeschi","Palash"
"Sales",41759,"Lagarias","Charmane"
"Sales",258329,"Whitcomb","Herbert"
"Sales",41684,"Parascandalo","Yakkov"
"Sales",41609,"Simmen","Yucai"
"Sales",41561,"Smeets","King"
"Sales",19473,"Khalid","Venkatesan"
"Sales",41555,"Schrooten","Kazuhiro"
"Sales",19489,"Papadias","Ramzi"
"Sales",41550,"Gladwell","Mizuhito"
"Sales",19500,"Plessier","Shaowen"
"Sales",41521,"Pauthner","Tzu"
"Sales",229416,"Ibel","Yolla"
"Sales",19532,"Gimbel","Mizuhito"
"Sales",19723,"Magalhaes","Xuejun"
"Sales",41515,"Baba","Leni"
"Sales",426273,"Siksek","Marke"
"Sales",229461,"Raczkowsky","Berto"
"Sales",19785,"Bolsens","Tiina"
"Sales",41481,"Harllee","Saniya"
"Sales",19813,"Jervis","Nevin"
"Sales",19822,"Fiutem","Zijian"
"Sales",41480,"Furudate","Gao"
"Sales",41442,"McFarlan","Godehard"
"Sales",20918,"Sullins","Annemarie"
"Sales",20921,"Breugel","Alper"
"Sales",41420,"Domenig","IEEE"
"Sales",20955,"DuCasse","Toshimitsu"
"Sales",20964,"Erez","Clyde"
"Sales",41379,"Rande","Sreekrishna"
"Sales",426244,"Savasere","Eckart"
"Sales",20979,"Kumaresan","Pradeep"
"Sales",41341,"Henders","Sukumar"
"Sales",41040,"Katalagarianos","Bezalel"
"Sales",41007,"Chartres","Herb"
"Sales",40989,"Foote","Fumitake"
"Sales",21031,"Melski","Margo"
"Sales",229505,"Gluchowski","Sorina"
"Sales",21240,"Schaaf","Vasilis"
"Sales",426159,"Cunliffe","Tadahiko"
"Sales",40572,"Porotnikoff","Felicidad"
"Sales",40559,"Holburn","Toshimo"
"Sales",21278,"Botman","Katsuo"
"Sales",258507,"Miculan","Nechama"
"Sales",21293,"Peir","Mohammad"
"Sales",21320,"Merlo","Gina"
"Sales",40514,"Jansen","Yannis"
"Sales",426155,"Journel","Shao"
"Sales",401728,"Danner","Dinkar"
"Sales",40252,"Gurbaxani","Hauke"
"Sales",40224,"Alpay","Genevieve"
"Sales",40217,"Shokrollahi","Padma"
"Sales",40180,"Serot","Masato"
"Sales",39946,"McAlpine","Mara"
"Sales",21587,"Cromarty","Marsha"
"Sales",262519,"Knightly","Jamaludin"
"Sales",39879,"Narwekar","Mohua"
"Sales",21611,"Chenoweth","Stevo"
"Sales",426087,"Eppinger","Demin"
"Sales",21617,"Makrucki","Diederik"
"Sales",39806,"Rosenbaum","Shuzo"
"Sales",426059,"Molenaar","Lihong"
"Sales",229606,"Dulli","Manibrata"
"Sales",39605,"Benzmuller","Tetsurou"
"Sales",39594,"Garrabrants","Sanjay"
"Sales",426044,"Hellwagner","Ulf"
"Sales",21697,"Luke","Billur"
"Sales",21702,"Camarinopoulos","Muneo"
"Sales",39504,"Kolinko","Magy"
"Sales",426028,"Fasbender","Nimmagadda"
"Sales",39485,"Bolsens","Shin"
"Sales",21735,"Setlzner","Odysseas"
"Sales",401697,"Gilg","Shigehiro"
"Sales",21746,"Czaja","Shai"
"Sales",229622,"Rissland","Nagui"
"Sales",39469,"Soloway","Toshimi"
"Sales",21763,"Beznosov","Nigel"
"Sales",426010,"Koblitz","Utpal"
"Sales",21777,"Staylopatis","Zsolt"
"Sales",21838,"Verhoeff","Vitali"
"Sales",21849,"Jenevein","Krister"
"Sales",21865,"Stiles","Lillian"
"Sales",258570,"Porenta","Sergi"
"Sales",425954,"Haldar","Zhaofang"
"Sales",39260,"Nations","Chrisa"
"Sales",39246,"Papadias","Rafols"
"Sales",22095,"Schlumberger","Breannda"
"Sales",39143,"Salverda","Flemming"
"Sales",38951,"Rijckaert","Terresa"
"Sales",38890,"Mellouli","Mohit"
"Sales",38848,"Fetvedt","Shalesh"
"Sales",23074,"DasSarma","Francesca"
"Sales",23118,"Tiemann","Wonhee"
"Sales",38375,"Teitelbaum","Tiina"
"Sales",230080,"Fujisawa","Dipayan"
"Sales",425873,"Conti","Visit"
"Sales",23285,"Bach","Mats"
"Sales",38106,"Conte","Ennio"
"Sales",23290,"Papsdorf","Parviz"
"Sales",23308,"Henders","Adib"
"Sales",23314,"Demizu","Krassimir"
"Sales",38095,"Beetstra","Soenke"
"Sales",38093,"Renear","Gaurav"
"Sales",38011,"Fadgyas","Jongsuk"
"Sales",425860,"Bakhtari","JoAnna"
"Sales",23412,"Covnot","Reinhard"
"Sales",23450,"Falck","Arve"
"Sales",23495,"Chiodo","Jiakeng"
"Sales",23529,"Birrer","Temple"
"Sales",23532,"Bardell","Duke"
"Sales",37382,"Valtorta","Xuejun"
"Sales",37347,"Fargier","Lech"
"Sales",37325,"Manders","Yinghua"
"Sales",37308,"Beerel","Iara"
"Sales",23591,"Piazza","Jolita"
"Sales",23599,"Biron","Rosli"
"Sales",36955,"Morrin","Lidong"
"Sales",230170,"Thummel","Yakichi"
"Sales",425834,"Oxman","Jayesh"
"Sales",23652,"Hardjono","Takahito"
"Sales",230187,"Figueira","Uma"
"Sales",292083,"McFarlan","Kayoko"
"Sales",425832,"Spell","Saddek"
"Sales",35599,"Bahk","Hilari"
"Sales",35594,"Ramalingam","Sreenivas"
"Sales",230550,"Vitiello","Jessie"
"Sales",23808,"Linnainmaa","Mabo"
"Sales",35266,"Lyonns","Armond"
"Sales",230561,"Chappelet","Shahid"
"Sales",230562,"Loncour","Ymte"
"Sales",23834,"Harllee","Bedir"
"Sales",35250,"Servieres","Zissis"
"Sales",35217,"Ducloy","Stamatina"
"Sales",23846,"Oxman","Hilary"
"Sales",35169,"Capobianchi","Bartek"
"Sales",23856,"Lamba","Lena"
"Sales",23864,"Brookman","Roded"
"Sales",23887,"Fairtlough","Shaibal"
"Sales",34930,"Dayana","Odinaldo"
"Sales",34889,"Haumacher","Diederik"
"Sales",23952,"Oehlmann","Valdiodio"
"Sales",34881,"Schapiro","Krister"
"Sales",34864,"Hatcliff","Lalit"
"Sales",24022,"Dengi","Anwar"
"Sales",24025,"Katalagarianos","Alselm"
"Sales",230572,"Gulak","Sudhanshu"
"Sales",24079,"Raney","Chinya"
"Sales",24106,"Brobst","Wanqing"
"Sales",34789,"Khalil","Francoise"
"Sales",230581,"Butner","Sampalli"
"Sales",34772,"Strandh","Pramod"
"Sales",34597,"Bolotov","Jouko"
"Sales",24147,"Piancastelli","Tsutomu"
"Sales",24164,"Sankaranarayanan","Eckart"
"Sales",24166,"Chinal","Niranjan"
"Sales",24190,"Porenta","Fumino"
"Sales",34493,"Olivero","Xinan"
"Sales",230597,"Kropatsch","Snehasis"
"Sales",425675,"Schlenzig","Toshiko"
"Sales",24229,"Ellozy","Tua"
"Sales",230624,"Munch","Barna"
"Sales",230634,"Mahnke","Gurbir"
"Sales",34097,"Haddadi","Srinidhi"
"Sales",258603,"Simmen","Shen"
"Sales",34048,"Calkin","Takanari"
"Sales",34043,"Chimia","Kristian"
"Sales",34030,"Rodiger","Nobuyoshi"
"Sales",230700,"Monarch","Vidya"
"Sales",24304,"Cyne","Xinan"
"Sales",230706,"Yurov","Zvonko"
"Sales",34011,"Cronau","Hugo"
"Sales",33987,"Qiwen","Guadalupe"
"Sales",232056,"Falck","Barna"
"Sales",33952,"DasSarma","Jaideep"
"Sales",425647,"Colorni","Caolyn"
"Sales",24414,"Gewali","Younwoo"
"Sales",33760,"Salvesen","Franziska"
"Sales",232062,"Salinas","Sham"
"Sales",24451,"Walston","Danel"
"Sales",33691,"Vidal","Armond"
"Sales",24730,"Norsworthy","Lillian"
"Sales",33638,"Hoppenstand","Tze"
"Sales",33627,"Duclos","Arif"
"Sales",33423,"Koblick","Jinpo"
"Sales",425617,"Hutter","Zhanqiu"
"Sales",293752,"Bail","Jungsoon"
"Sales",33414,"Bruckman","Youngkon"
"Sales",33403,"Motley","Susuma"
"Sales",425581,"Ramsey","Achilleas"
"Sales",33377,"Dulin","Zeljko"
"Sales",24876,"Budinsky","Almudena"
"Sales",24892,"Fasbender","Sham"
"Sales",33357,"Heusch","Rimli"
"Sales",24926,"Gire","Toshimori"
"Sales",33356,"Crelier","Cullen"
"Sales",24932,"Erbe","Charmane"
"Sales",232110,"Hebden","Changho"
"Sales",33319,"Yetim","Minghong"
"Sales",33317,"Quittner","Baoqiu"
"Sales",33278,"Boguraev","Kyoichi"
"Sales",33276,"Schueller","Rafols"
"Sales",33092,"Tanemo","Guenter"
"Sales",33050,"Majewski","Jungsoon"
"Sales",32999,"Prenel","Ramzi"
"Sales",425573,"Fortenbacher","Xuedong"
"Sales",32974,"Spinelli","Candida"
"Sales",32953,"Halevi","Sashi"
"Sales",32753,"Debuse","Kristen"
"Sales",32639,"Gihr","Christoph"
"Sales",25329,"Brodie","Berto"
"Sales",32607,"Valiente","Diederik"
"Sales",25382,"Sadowski","Sastry"
"Sales",25389,"Dratva","Sven"
"Sales",258624,"Swab","Dines"
"Sales",32411,"Uhrig","Kyoichi"
"Sales",25650,"Vrecion","Sanjit"
"Sales",25661,"Beausoleil","Saddek"
"Sales",25908,"Nations","Sachio"
"Sales",32339,"Strooper","Rasikan"
"Sales",32335,"Melichar","Khue"
"Sales",25953,"Felder","Mori"
"Sales",32315,"Erez","Tadahiko"
"Sales",25985,"Trachtenberg","Rafols"
"Sales",32284,"Coullard","Bikash"
"Sales",258625,"Ghelli","Shaz"
"Sales",26006,"Riexinger","Subhash"
"Sales",26031,"Iacovou","Kristine"
"Sales",425474,"England","Vishwani"
"Sales",26084,"Kalorkoti","Bodo"
"Sales",26099,"Beerel","Kerryn"
"Sales",31863,"Biros","Duro"
"Sales",26160,"Wendorf","Maja"
"Sales",26172,"Bahr","Sedat"
"Sales",31797,"Tramer","Stevo"
"Sales",26176,"Garnier","Waiman"
"Sales",31785,"Bottner","Maya"
"Sales",26186,"Litecky","Lalit"
"Sales",31578,"Suessmith","Shem"
"Sales",401606,"Wixon","Jingling"
"Sales",293642,"Kruskal","Joydip"
"Sales",401583,"Gips","Lucian"
"Sales",232445,"Llado","Khedija"
"Sales",26312,"Hatcliff","Gully"
"Sales",31443,"Panienski","Lena"
"Sales",31439,"Diderrich","Thanasis"
"Sales",31424,"Lamparter","Dulce"
"Sales",425462,"Sherertz","Keung"
"Sales",26382,"Zuberek","Aloke"
"Sales",26387,"Chaudhury","Domenico"
"Sales",425360,"Dratva","Hidefumi"
"Sales",31199,"Zuberek","Abdelwaheb"
"Sales",26791,"Sooriamurthi","Goetz"
"Sales",26832,"Bergere","Yifei"
"Sales",31173,"Couchot","Fumiya"
"Sales",232478,"Zastre","Leif"
"Sales",31154,"Hockney","Deborah"
"Sales",31137,"Ratnaker","Yolla"
"Sales",31131,"Zolotykh","Conal"
"Sales",232495,"Koyama","Amstein"
"Sales",232502,"Trelles","Marin"
"Sales",31130,"Velardi","Kazuhiko"
"Sales",30899,"Keirsey","Dannz"
"Sales",30861,"Cusworth","Mani"
"Sales",30848,"Baez","Valeska"
"Sales",30840,"Demeyer","Luise"
"Sales",27066,"Ishibashi","Isamu"
"Sales",30778,"Leuchs","Anyuan"
"Sales",28089,"Acton","Mahmut"
"Sales",30774,"Hettesheimer","Gunilla"
"Sales",425285,"Daescu","Tiina"
"Sales",28152,"Heusch","Palash"
"Sales",28161,"Nicolson","Kwan"
"Sales",28176,"Feinberg","Yannik"
"Sales",28211,"Giarratana","Debaprosad"
"Sales",232910,"Molenkamp","Persi"
"Sales",30559,"Neimat","Moss"
"Sales",28423,"Lanphier","Marc"
"Sales",28427,"Melton","Kenton"
"Sales",28428,"Apsitis","Sadegh"
"Sales",30490,"Wursthorn","Shir"
"Sales",30461,"Jervis","Badri"
"Sales",30422,"Pusterhofer","Masasuke"
"Sales",232933,"Solovay","Keung"
"Sales",28452,"Sgarro","Doohun"
"Sales",30196,"Erva","Sven"
"Sales",30153,"Tischendorf","Shirish"
"Sales",30129,"Debuse","Jiakeng"
"Sales",28557,"Moehrke","Bluma"
"Sales",258842,"Heiserman","Syozo"
"Sales",29905,"Koyama","Guther"
"Sales",29894,"Waleschkowski","Arco"
"Sales",232959,"Zeilberger","Ioana"
"Sales",28824,"Kavvadias","Aloke"
"Sales",29861,"Erni","Mechthild"
"Sales",258854,"Luff","Valeri"
"Sales",29860,"Ritcey","Premsyl"
"Sales",29755,"Perelgut","Giap"
"Sales",29750,"Cooley","Alair"
"Sales",401568,"Murillo","Vasilii"
"Sales",28902,"Veevers","Franziska"
"Sales",28945,"Varley","Serenella"
"Sales",28953,"Menhardt","Persi"
"Sales",29527,"Oaver","Adamantios"
"Sales",29056,"Ratzlaff","Brewster"
"Sales",233021,"Isaac","Basim"
"Sales",29301,"Fadgyas","Wanqing"
"Sales",29314,"Vecchio","Gro"
"Sales",29326,"Swiler","Badri"
"Sales",293617,"Smeets","Shiv"
"Sales",29462,"Pezzoli","Eldridge"
"Sales",29382,"Stentiford","Surveyors"
"Sales",424951,"Foong","Qunsheng"
"Sales",29186,"Waymire","Dannz"
"Sales",29596,"Lueh","Geoff"
"Sales",29637,"Vidal","Huan"
"Sales",29175,"Szmurlo","Ebru"
"Sales",401548,"Arlazarov","Sahrah"
"Sales",29118,"Zongker","Ult"
"Sales",29687,"Garnier","Leandro"
"Sales",401544,"Selvestrel","Avishai"
"Sales",29703,"Pehl","Ulf"
"Sales",29720,"Chinen","Rimon"
"Sales",28737,"Casperson","Erzsebet"
"Sales",29915,"Maquelin","JoAnne"
"Sales",28707,"Bail","Karsten"
"Sales",29962,"Thebaut","Hideo"
"Sales",28634,"Stille","Kwun"
"Sales",29988,"Carrera","Yuriy"
"Sales",258912,"Preusig","Chandrasekaran"
"Sales",28619,"Majewski","Pragnesh"
"Sales",28360,"Yurov","Mabhin"
"Sales",28358,"Salinas","Constantino"
"Sales",28307,"Ghelli","Zeydy"
"Sales",28293,"Ladret","Dipankar"
"Sales",28255,"Kambil","Taisook"
"Sales",28068,"Simmen","Taisook"
"Sales",28039,"Khasidashvili","Vishv"
"Sales",30591,"Ambroszkiewicz","Zijian"
"Sales",28007,"Danley","Hirochika"
"Sales",30623,"Siepmann","Jaroslava"
"Sales",424854,"Staylopatis","Georgy"
"Sales",27930,"Weedon","Lillian"
"Sales",27874,"Poupard","Kazuhide"
"Sales",233294,"Velasco","Vitaly"
"Sales",27814,"Angelov","Shigenori"
"Sales",27795,"Alpay","Anneli"
"Sales",27762,"Griswold","Boalin"
"Sales",424816,"Hitomi","Premal"
"Sales",27740,"Babb","Isamu"
"Sales",424739,"Undy","Maja"
"Sales",233348,"Renear","Ebbe"
"Sales",401543,"Shimshoni","Avishai"
"Sales",401325,"Fioravanti","Nishit"
"Sales",424705,"Falster","Achilleas"
"Sales",31076,"Puoti","Manu"
"Sales",31279,"Jahnichen","Perla"
"Sales",27713,"Azadmanesh","Demin"
"Sales",31307,"Vendrig","Souichi"
"Sales",258920,"Jiafu","Qiwen"
"Sales",27663,"Klyachko","Boaz"
"Sales",401307,"Bala","Abdelkader"
"Sales",27651,"Ulupinar","Ulises"
"Sales",31372,"Zaccaria","Padma"
"Sales",31411,"Zaumen","Moheb"
"Sales",27574,"Farris","Pantung"
"Sales",31414,"Erol","Arunachalam"
"Sales",31626,"Waeselynck","Selwyn"
"Sales",27559,"Zongker","Debaprosad"
"Sales",27553,"Penttonen","JoAnna"
"Sales",31665,"Slaats","Sanjoy"
"Sales",31668,"Wiegley","Vatsa"
"Sales",31690,"Back","Tremaine"
"Sales",27493,"Krone","Candida"
"Sales",424603,"Thiria","Huican"
"Sales",31951,"Ouhyoung","Masako"
"Sales",424591,"Yeung","Abdelwaheb"
"Sales",31987,"Bridgland","Jinpo"
"Sales",32001,"Attimonelli","Mari"
"Sales",424585,"Sewelson","Shay"
"Sales",401305,"Karcich","Mack"
"Sales",27306,"Benantar","Steen"
"Sales",32074,"Unni","Bezalel"
"Sales",401303,"Shokrollahi","Younwoo"
"Sales",32167,"Sury","Christophe"
"Sales",32188,"Leuchs","KayLiang"
"Sales",234625,"Rosca","Jaques"
"Sales",27217,"Takkinen","Kankanahalli"
"Sales",32220,"Cmelik","Genevieve"
"Sales",27157,"Eppinger","Arnould"
"Sales",32471,"Shumilov","Christoper"
"Sales",32487,"Hambrick","Neven"
"Sales",262573,"Parveen","Dines"
"Sales",32567,"Zaiane","Aram"
"Sales",26727,"Hoogerwoord","Luisa"
"Sales",26711,"McClurg","Takahiro"
"Sales",234706,"Lampe","Bodh"
"Sales",26706,"Lenart","Hironobu"
"Sales",401290,"Kugler","Guttorm"
"Sales",424491,"Munoz","Caolyn"
"Sales",32871,"Rullman","DeForest"
"Sales",32880,"Puoti","Djenana"
"Sales",32887,"Pesch","Remzi"
"Sales",32918,"Nicolson","Moty"
"Sales",26631,"Linnainmaa","Goh"
"Sales",26559,"Ligten","Ewing"
"Sales",26551,"Papastamatiou","Berthier"
"Sales",33154,"Katzenelson","Kwangjo"
"Sales",26534,"Radhakrishnan","Barun"
"Sales",33157,"Uhrig","Constantino"
"Sales",33172,"Conti","Mario"
"Sales",26405,"Koshiba","Adas"
"Sales",33198,"Auyong","Xiaopeng"
"Sales",25837,"Bugrara","Yonghoan"
"Sales",424454,"Bellone","Eirik"
"Sales",33455,"Merlo","Shounak"
"Sales",236093,"Lunt","Xianlong"
"Sales",33473,"Demeyer","Limsoon"
"Sales",258966,"Janocha","Xinan"
"Sales",33497,"Lortz","Minghong"
"Sales",25537,"Ibel","Akeel"
"Sales",33527,"Leppanen","Paloma"
"Sales",33555,"Kawashima","Wojceich"
"Sales",33560,"Ranon","Huiqun"
"Sales",33582,"Standera","Gil"
"Sales",25212,"Carrere","Poorav"
"Sales",25207,"Broder","Basil"
"Sales",236153,"Qiwen","Khedija"
"Sales",33824,"Peltason","Bedir"
"Sales",25185,"Chiodo","Zine"
"Sales",25169,"Kadhim","Herb"
"Sales",25143,"Vanwelkenhuysen","Peternela"
"Sales",34126,"Merel","Goh"
"Sales",25126,"Ressouche","Weiye"
"Sales",236165,"Pargaonkar","Khoa"
"Sales",34159,"Ramsay","Lunjin"
"Sales",263650,"Kuzuoka","Candida"
"Sales",25072,"Kalloufi","Takushi"
"Sales",424415,"Vigier","IEEE"
"Sales",34219,"Heiserman","Gao"
"Sales",24698,"Wixon","Aruna"
"Sales",34226,"Siksek","Gilbert"
"Sales",258986,"Zykh","Hailing"
"Sales",24655,"Yeung","Miquel"
"Sales",24634,"Butterworth","Martina"
"Sales",24629,"Pelz","Keiichiro"
"Sales",236189,"Binkley","Sigeru"
"Sales",258987,"Anguita","Baruch"
"Sales",424296,"Steinauer","Yakkov"
"Sales",258993,"Stranks","Fai"
"Sales",424275,"Lamparter","Kamran"
"Sales",34361,"Kalorkoti","Torsten"
"Sales",34380,"Showalter","Aloys"
"Sales",22894,"Casley","Muzhong"
"Sales",34405,"Schiper","Shuky"
"Sales",34412,"Itzigehl","Christ"
"Sales",236218,"Cmelik","Yannik"
"Sales",22890,"Kroha","Rosli"
"Sales",424257,"Zedlitz","Shmuel"
"Sales",22789,"Leuchs","Zhenbing"
"Sales",22773,"Kuszyk","Zhanqiu"
"Sales",22711,"Brattka","Sanjeeva"
"Sales",424225,"Bernardinello","Surveyors"
"Sales",22677,"Lyonns","Uri"
"Sales",34761,"Chaudhuri","Yinlin"
"Sales",34970,"Homond","Conor"
"Sales",22631,"Versino","Kristinn"
"Sales",22599,"Veeraraghavan","Ingmar"
"Sales",424162,"Kaminger","Anneke"
"Sales",35042,"Servieres","Nahid"
"Sales",236466,"Krohn","Yinghua"
"Sales",22503,"Rohrbach","Weidon"
"Sales",259178,"Ouhyoung","Laurentiu"
"Sales",22407,"Glinert","Magdalena"
"Sales",22406,"Bellmore","Vincent"
"Sales",22381,"Openshaw","Uma"
"Sales",22355,"Jiafu","Naftali"
"Sales",22347,"Perin","Yahiko"
"Sales",236509,"Dayang","Sibyl"
"Sales",236542,"Michaeli","Jackson"
"Sales",35417,"Schach","Gopalakrishnan"
"Sales",22338,"Heering","Masasuke"
"Sales",35437,"Narwekar","Idoia"
"Sales",236548,"Swiler","Nakhoon"
"Sales",35638,"Munro","Bodo"
"Sales",35655,"Loncour","Maris"
"Sales",423937,"Denos","Barton"
"Sales",35691,"Awdeh","Tetsushi"
"Sales",22259,"Whitcomb","Boutros"
"Sales",22240,"Trachtenberg","Hugo"
"Sales",35729,"Schicker","Mingzeng"
"Sales",423923,"Leslie","Juyoung"
"Sales",22046,"Nilsson","Shao"
"Sales",35771,"Tokunaga","Arno"
"Sales",22043,"DuCasse","Bogdan"
"Sales",22016,"Feldhoffer","Divine"
"Sales",36004,"Spelt","Yahiko"
"Sales",21963,"Akazan","Shawna"
"Sales",21956,"Hambrick","Nigel"
"Sales",36035,"Malinowski","Alejandro"
"Sales",423921,"Terkki","Vugranam"
"Sales",238296,"Ritcey","Sajjan"
"Sales",36082,"Baalen","Sibyl"
"Sales",36102,"Ballarin","Dietrich"
"Sales",36135,"DeMori","Thanasis"
"Sales",21951,"Swen","Sailaja"
"Sales",21931,"Erdmenger","Shounak"
"Sales",36194,"Lichtner","Shih"
"Sales",36209,"Biron","Chenyi"
"Sales",36215,"Pietracaprina","Fabrizio"
"Sales",21898,"Driscoll","Mayuri"
"Sales",21519,"Acton","Xumin"
"Sales",238311,"Bahk","Mari"
"Sales",21509,"Rubsam","Udo"
"Sales",21486,"Pettit","Ioana"
"Sales",21481,"Senzako","Salvador"
"Sales",36328,"Luff","Nahid"
"Sales",423890,"Emden","Becky"
"Sales",21209,"Saoudi","Danny"
"Sales",36358,"Hiroyama","Khue"
"Sales",36384,"Quaggetto","Cordelia"
"Sales",36387,"Montemayor","Nahid"
"Sales",36397,"Perl","Maria"
"Sales",36403,"Cyre","Niranjan"
"Sales",400001,"Chinin","Rosalie"
"Sales",21143,"Hennings","Mayumi"
"Sales",36433,"Mikschl","Fumitaka"
"Sales",21137,"Crelier","Bedir"
"Sales",21061,"Ebeling","Froduald"
"Sales",36454,"Merel","Froduald"
"Sales",20878,"Kriebel","King"
"Sales",20871,"Picci","Shigeu"
"Sales",36511,"Chappelet","Hailing"
"Sales",20870,"Guenter","Clyde"
"Sales",20836,"Alameldin","Jingling"
"Sales",20824,"Himler","Brendon"
"Sales",238382,"Bennis","Chenye"
"Sales",20816,"Collavizza","Moie"
"Sales",36554,"Hopewell","Zsolt"
"Sales",20813,"Sinicrope","Srinidhi"
"Sales",423863,"Orsini","Alain"
"Sales",36626,"Genin","Fen"
"Sales",20770,"Serna","Anoosh"
"Sales",36681,"Gischer","Tesuro"
"Sales",20718,"Miara","Abdulah"
"Sales",20714,"Strooper","Koichi"
"Sales",20668,"Baer","Rafols"
"Sales",259241,"Setiz","Becky"
"Sales",20667,"Khalil","Ramachenga"
"Sales",20566,"Vakili","Aloke"
"Sales",20534,"Kalloufi","Rosita"
"Sales",238452,"Terlouw","Hilari"
"Sales",423588,"Guardalben","Narain"
"Sales",238477,"Lores","Tonny"
"Sales",36880,"Setlzner","Dzung"
"Sales",20458,"Miara","Nectarios"
"Sales",259247,"Przulj","Wayne"
"Sales",238483,"Munoz","Mabo"
"Sales",20396,"Baumann","Kerhong"
"Sales",238487,"Azadmanesh","Marin"
"Sales",20335,"Stavenow","Christ"
"Sales",20325,"England","Katsuyuki"
"Sales",37244,"Iacovou","Sampalli"
"Sales",37263,"Rotem","Aris"
"Sales",37454,"Bernardeschi","KayLiang"
"Sales",37467,"Cools","Maya"
"Sales",20254,"Krupka","Dinah"
"Sales",37476,"Isaak","Gita"
"Sales",37482,"McClurg","Masami"
"Sales",37485,"Lyonns","Nidapan"
"Sales",238541,"Azumi","Arno"
"Sales",299975,"Gadepally","Raimond"
"Sales",20209,"Jahnichen","Raimond"
"Sales",20190,"Genther","Nikolaos"
"Sales",238566,"Mandelberg","Marko"
"Sales",238572,"Keohane","Shin"
"Sales",37877,"Kampfer","Erzsebet"
"Sales",20160,"Gerteisen","Gaurav"
"Sales",20148,"Polupanov","Ibibia"
"Sales",37941,"Garnick","Adil"
"Sales",238599,"Breugel","Tokuyasu"
"Sales",38174,"Peron","Xiaobin"
"Sales",238606,"Veldwijk","Khun"
"Sales",20070,"Bellone","Tse"
"Sales",423363,"Miara","Shigeu"
"Sales",38241,"Felcyn","Stabislas"
"Sales",38255,"Flexer","Zine"
"Sales",423339,"Shihab","Khalil"
"Sales",20042,"Munck","Margareta"
"Sales",259302,"Speckmann","Bernice"
"Sales",20016,"Munoz","Carrsten"
"Sales",38538,"Gammage","Janalee"
"Sales",38544,"Harllee","Berni"
"Sales",19994,"Huttel","Alejandra"
"Sales",38589,"Krzyzanowski","Shahab"
"Sales",259317,"Kakkad","Debaprosad"
"Sales",19978,"Karunanithi","Weicheng"
"Sales",423295,"Tsukune","Bartek"
"Sales",19976,"Kitsuregawa","George"
"Sales",38646,"Mayerwieser","Remzi"
"Sales",19953,"Coney","Barun"
"Sales",19705,"Casperson","Roddy"
"Sales",19629,"Matzke","Stepehn"
"Sales",38699,"Kakkad","Sudharsan"
"Sales",423258,"Mamelak","Brendon"
"Sales",38731,"VanScheik","Ingmar"
"Sales",19601,"Lundstrom","Ibibia"
"Sales",423251,"Zolotykh","Maia"
"Sales",259318,"Baca","Monique"
"Sales",38954,"Luff","Huan"
"Sales",259320,"Garnick","Uzi"
"Sales",19321,"Benveniste","Stella"
"Sales",423243,"Lammel","Gill"
"Sales",19272,"Rusterholz","Kauko"
"Sales",19261,"Zambonelli","Shrikanth"
"Sales",19218,"Rahimi","Steve"
"Sales",19217,"Raoux","Rasikan"
"Sales",423234,"Porotnikoff","Kankanahalli"
"Sales",293591,"Ozeri","Alper"
"Sales",423224,"Stemann","Venkatesan"
"Sales",39077,"Erdmenger","Luisa"
"Sales",423217,"Pettis","Hongzue"
"Sales",39095,"Linares","Jeane"
"Sales",423171,"Mandell","Francesca"
"Sales",423163,"Ecklund","Mitsuyuki"
"Sales",18882,"Middleton","Gian"
"Sales",39329,"Benveniste","Yuichiro"
"Sales",39331,"Tramer","Evgueni"
"Sales",239112,"Shackel","Indrajit"
"Sales",18706,"Schicker","Debaprosad"
"Sales",39350,"Chenney","Fumitaka"
"Sales",423110,"Angiulli","Jaroslava"
"Sales",423042,"Dayana","Guangming"
"Sales",18652,"Ferretti","Kenroku"
"Sales",39419,"Swist","Van"
"Sales",39439,"Domenig","Lidong"
"Sales",18607,"Ozeri","Zita"
"Sales",423032,"Katiyar","Yolla"
"Sales",239143,"Radwan","Subhada"
"Sales",18603,"Rosiles","Xuejia"
"Sales",39638,"Zuberek","Masato"
"Sales",18581,"Ranai","Mitsuyuki"
"Sales",262607,"Buchter","Kendra"
"Sales",18040,"Nitsche","Franziska"
"Sales",39725,"Morton","Filipp"
"Sales",39737,"Boreale","Georg"
"Sales",423014,"Kobuchi","Jaihie"
"Sales",17794,"Baaleh","Duke"
"Sales",239169,"Motley","Aksel"
"Sales",39767,"Panienski","Munehiko"
"Sales",17706,"Pauthner","Candido"
"Sales",17482,"Bottner","Basant"
"Sales",17378,"Selvestrel","Trygve"
"Sales",17354,"Monkewich","Jasminko"
"Sales",17335,"Kusakabe","Shakhar"
"Sales",422751,"Kohling","Shakhar"
"Sales",40031,"Orlowski","Luerbio"
"Sales",40049,"Porenta","Patricia"
"Sales",40052,"Sichman","Fay"
"Sales",40059,"Crelier","Satyanarayana"
"Sales",40297,"Hagimont","Ingemar"
"Sales",422745,"Azuma","Sukumar"
"Sales",17300,"Zolotykh","Ortrun"
"Sales",422734,"Kampfer","Quingbo"
"Sales",422697,"Sessa","Karlis"
"Sales",17279,"Braccini","Pramod"
"Sales",239777,"Conia","Pranas"
"Sales",293579,"Cools","Armond"
"Sales",239798,"Trystram","Uzi"
"Sales",17173,"Cannard","Jamaludin"
"Sales",17105,"Gaughan","Nalini"
"Sales",40711,"Gien","Arvin"
"Sales",422634,"Eugenio","Tomoyuki"
"Sales",422618,"Serov","Rafael"
"Sales",40730,"Kropf","Yahiko"
"Sales",17064,"Harnett","Domenick"
"Sales",40739,"Itzfeldt","Kazuhiko"
"Sales",40741,"Nooteboom","Guiseppe"
"Sales",299949,"Lung","Serenella"
"Sales",17063,"Thiran","Anoosh"
"Sales",239847,"Isard","Make"
"Sales",40790,"Strooper","Jiann"
"Sales",17061,"Gomatam","Zhigen"
"Sales",40806,"Bratten","Utz"
"Sales",17042,"Gammage","Berna"
"Sales",40827,"Bouloucos","Yinghua"
"Sales",40837,"Merey","Mayuri"
"Sales",239859,"Keirsey","Adam"
"Sales",16980,"Reinhard","Visit"
"Sales",40857,"Snedden","Francoise"
"Sales",40864,"Pusterhofer","Ulises"
"Sales",16693,"Bojadziev","Chenyi"
"Sales",40882,"Auyong","Nimmagadda"
"Sales",16681,"Mitina","Gurbir"
"Sales",259446,"Selvestrel","Matk"
"Sales",422585,"DasSarma","Jovan"
"Sales",239890,"Lung","Chuanyi"
"Sales",40921,"Baar","Prodip"
"Sales",16671,"Orlowska","Kish"
"Sales",239900,"Brattka","Saddek"
"Sales",16540,"Hashii","Zengping"
"Sales",41160,"Kavraki","Shaowei"
"Sales",16495,"Czaja","Collette"
"Sales",41187,"Maquelin","Jacqueline"
"Sales",41197,"Stille","Vesna"
"Sales",239909,"Fujisawa","Murthy"
"Sales",299944,"Peris","Mara"
"Sales",41280,"Czap","Felicidad"
"Sales",41293,"Lorcy","Honglan"
"Sales",41982,"Luff","Candida"
"Sales",42007,"Pokrovskii","Tsz"
"Sales",16399,"Collette","Apostol"
"Sales",42072,"Basawa","Xiaoqiang"
"Sales",42074,"Aloisi","Georgy"
"Sales",16161,"Sinicrope","Juyoung"
"Sales",42085,"Hooghiemstra","Tonny"
"Sales",16113,"Baaleh","Ranan"
"Sales",16107,"Luit","Feiyu"
"Sales",42676,"Borovoy","Xiaoshan"
"Sales",16036,"Siksek","Alexius"
"Sales",16014,"Zizka","Rance"
"Sales",293499,"Lindqvist","Lucien"
"Sales",42755,"Rosenbaum","Heather"
"Sales",42970,"Businaro","Zijian"
"Sales",43013,"Petersohn","Mechthild"
"Sales",43014,"Olivero","Vitali"
"Sales",299909,"Gunderson","Narain"
"Sales",15932,"Angelopoulos","Zijian"
"Sales",43078,"Wuwongse","Radhia"
"Sales",15925,"Rosaz","Owen"
"Sales",240192,"Validov","Teunis"
"Sales",43095,"Giaccio","Pramod"
"Sales",15904,"Luff","Arno"
"Sales",422477,"Piveteau","Phule"
"Sales",240203,"Picaronny","Arve"
"Sales",43112,"Cunliffe","Huican"
"Sales",43117,"Broder","Heng"
"Sales",15875,"Halevi","Anwar"
"Sales",15614,"Slaats","Piyawadee"
"Sales",43523,"Speel","Pranav"
"Sales",43561,"Selenyi","Reinhard"
"Sales",43574,"Tagansky","Marc"
"Sales",15607,"Massonet","Ekawit"
"Sales",43594,"Hoogerwoord","Moni"
"Sales",15521,"Argence","Takahiro"
"Sales",43618,"Gecsei","Adamantios"
"Sales",43625,"Lanzelotte","Koichi"
"Sales",15404,"Sidhu","Insup"
"Sales",15188,"Weiland","Sudharsan"
"Sales",15184,"Sundgren","Sachem"
"Sales",292066,"Cronin","Tadanori"
"Sales",15105,"Itzigehl","Sudhanshu"
"Sales",44776,"Nyrup","Izaskun"
"Sales",44777,"Boissier","Alexius"
"Sales",44785,"Kriebel","Phule"
"Sales",45005,"Blokdijk","Tamiya"
"Sales",422414,"Seuren","Diederik"
"Sales",15007,"Sridhar","Visit"
"Sales",60245,"Henders","Jiakeng"
"Sales",60255,"Siochi","Danae"
"Sales",240244,"Brodie","Heping"
"Sales",259528,"Munck","Baocai"
"Sales",14904,"Ouhyoung","Chaitali"
"Sales",14898,"Jakobus","Gurbir"
"Sales",60333,"Vadhan","Guoxiang"
"Sales",14888,"Barriga","Temple"
"Sales",60378,"Erva","Khun"
"Sales",60580,"Shihab","Aiichiro"
"Sales",14865,"Serra","Ute"
"Sales",14864,"Hebert","Yannis"
"Sales",14686,"Deville","Oldrich"
"Sales",60643,"Tzvieli","Sudharsan"
"Sales",299879,"Bale","Kazuhisa"
"Sales",14673,"Pusterhofer","Dinkar"
"Sales",60651,"Velardi","Along"
"Sales",60664,"Panwar","Serenella"
"Sales",14662,"Maquelin","Maya"
"Sales",14648,"Lorys","IEEE"
"Sales",60730,"Atchley","Mokhtar"
"Sales",60763,"Mondadori","Augustine"
"Sales",422362,"Oppitz","Reinhard"
"Sales",60772,"Rijsenbrij","Atreyi"
"Sales",60788,"Reghbati","Valter"
"Sales",60800,"Grandbois","Flemming"
"Sales",259544,"Heping","Djelloul"
"Sales",299643,"Horswill","Qunsheng"
"Sales",60830,"Papastamatiou","Zvonko"
"Sales",14597,"Ritcey","Aloke"
"Sales",60842,"Menhoudj","Adam"
"Sales",14575,"Anick","Aluzio"
"Sales",61002,"Kolvik","Kaijung"
"Sales",61024,"Osgood","Reinhold"
"Sales",61046,"Herath","Becky"
"Sales",14527,"Kroha","Arne"
"Sales",14516,"Underwood","Kristian"
"Sales",14513,"Barreiro","Samphel"
"Sales",422343,"Diderrich","Lubomir"
"Sales",14478,"Boissier","Munehiro"
"Sales",61124,"Waymire","Nechama"
"Sales",14472,"Leuchs","Chinho"
"Sales",14465,"Mitzlaff","Sajjan"
"Sales",422292,"Ananiadou","Theron"
"Sales",14432,"Kalloufi","Tomoyuki"
"Sales",61198,"Boguraev","Lakshmi"
"Sales",61210,"Rehfuss","Itzchak"
"Sales",61259,"Puoti","Shao"
"Sales",61272,"Dulin","Kwee"
"Sales",14086,"Syrotiuk","Willard"
"Sales",61307,"Gniady","Yucai"
"Sales",299642,"Bratsberg","Chaosheng"
"Sales",61315,"Kalloufi","Kwun"
"Sales",14066,"Marrakchi","Gennadi"
"Sales",241051,"Staylopatis","Frazer"
"Sales",61368,"Krogh","Chinho"
"Sales",13845,"Ritcey","Alejandro"
"Sales",61416,"Milicic","Lijia"
"Sales",422246,"Kusakari","Francesca"
"Sales",61441,"Jayawardene","Yongqiao"
"Sales",259617,"Trelles","Chenyi"
"Sales",13763,"Tsukune","Etsuo"
"Sales",61481,"Vakili","Abdelkader"
"Sales",13720,"Braccini","Rildo"
"Sales",13700,"Weedon","Mingdong"
"Sales",13632,"Brattka","Teiji"
"Sales",13607,"Rusmann","Khedija"
"Sales",13577,"Penttonen","Tianruo"
"Sales",13542,"Budinsky","Fun"
"Sales",299632,"Schnelling","Martijn"
"Sales",13172,"Whittlesey","Mountaz"
"Sales",61671,"Boissier","Vojin"
"Sales",61710,"Rajcani","Padma"
"Sales",291892,"Nollmann","Babette"
"Sales",61743,"Nanard","Nadjib"
"Sales",13169,"Hasham","Fun"
"Sales",13154,"Soicher","Shan"
"Sales",422121,"Casley","Bernice"
"Sales",61791,"Hedayat","Ravishankar"
"Sales",293225,"Ranst","Ibibia"
"Sales",61800,"Millington","Arie"
"Sales",61806,"Eiron","Amalendu"
"Sales",13142,"Kowalchuk","Sanjiv"
"Sales",61867,"Gils","Tesuya"
"Sales",293214,"Undy","Domenico"
"Sales",241349,"Melter","Billie"
"Sales",61925,"Rosis","Peternela"
"Sales",13112,"Pouyioutas","Hiroyasu"
"Sales",13073,"Journel","Utpal"
"Sales",61942,"Deverell","Chanjung"
"Sales",61948,"Goodrum","Tsutomu"
"Sales",241367,"Covnot","Kazuhide"
"Sales",421845,"Zongker","Stevo"
"Sales",61976,"Pashtan","Minghong"
"Sales",13056,"Zirintsis","Arvind"
"Sales",259668,"Langford","Marek"
"Sales",259669,"Tomescu","Tran"
"Sales",13033,"Jansen","Satoru"
"Sales",12834,"Krohm","Tadahiro"
"Sales",12826,"Mandell","Claude"
"Sales",259672,"Lodder","Chinho"
"Sales",62088,"Besselaar","Youssef"
"Sales",62125,"Pokrovskii","Shahab"
"Sales",62126,"Baja","Cheong"
"Sales",62137,"Baalen","Rosalyn"
"Sales",12777,"Cichocki","Sreenivas"
"Sales",12708,"Syang","Hatem"
"Sales",12704,"Tetzlaff","Gino"
"Sales",12681,"Akaboshi","Rosalyn"
"Sales",62301,"Zumaque","Patricio"
"Sales",241489,"Porotnikoff","Hugo"
"Sales",12499,"Lamba","Izaskun"
"Sales",12457,"Pettis","Olivera"
"Sales",62571,"Scharstein","Khaled"
"Sales",11840,"Hofman","Jayson"
"Sales",62593,"Cochrane","Duangkaew"
"Sales",11781,"Pluym","Tua"
"Sales",62677,"Lorch","Alexius"
"Sales",11740,"Pero","Isaac"
"Sales",11718,"Marshall","Richard"
"Sales",11708,"Angot","Chenye"
"Sales",421542,"Kolvik","Xumin"
"Sales",11696,"Rothe","Dante"
"Sales",259752,"Rosch","Eberhardt"
"Sales",421529,"Wroclawski","Mamdouh"
"Sales",62742,"Murtagh","Bernice"
"Sales",259802,"Penn","Aemilian"
"Sales",11441,"Aingworth","Marlo"
"Sales",62790,"Leonhardt","Heng"
"Sales",62808,"Lorch","Manohar"
"Sales",259803,"Zielinski","Kensyu"
"Sales",259807,"Nyanchama","Dante"
"Sales",11372,"Vilarrasa","Susanta"
"Sales",241577,"Wendorf","Gao"
"Sales",62885,"Hempstead","Hatim"
"Sales",63073,"Mitina","Ingemar"
"Sales",259814,"Heijenga","Fumitaka"
"Sales",11197,"Fordan","Tadahiro"
"Sales",10968,"Kolinko","Lakshmi"
"Sales",10957,"Schnabel","Duke"
"Sales",10953,"Laventhal","Jahangir"
"Sales",241779,"Masand","Aleksandar"
"Sales",10923,"Maquelin","Younwoo"
"Sales",421502,"Merle","Brewster"
"Sales",63191,"Angel","Vincent"
"Sales",63194,"Schicker","Ipke"
"Sales",259826,"Rousseau","Manohar"
"Sales",421442,"Penttonen","Jiang"
"Sales",10922,"Wossner","Kyoichi"
"Sales",63437,"Lowrie","Boalin"
"Sales",10889,"Coors","Cheong"
"Sales",63497,"Griswold","Anneli"
"Sales",10304,"Erie","Bernt"
"Sales",10256,"Radhakrishnan","Irene"
"Sales",10237,"Mandell","Yannis"
"Sales",10226,"Plessier","Xinglin"
"Sales",63753,"Terkki","Giap"
"Sales",63771,"Benaini","Niclas"
"Sales",63777,"Braunschweig","Duri"
"Sales",498915,"Diderrich","Wonhee"
"Sales",421251,"Assaf","Fumitaka"
"Sales",63839,"Skafidas","Clyde"
"Sales",63845,"Conti","Aimee"
"Sales",498791,"Hiyoshi","Magdalena"
"Sales",241851,"Marzano","Domenico"
"Sales",498765,"Birke","Fan"
"Sales",498581,"Talmon","Kiyokazu"
"Sales",260018,"Cherinka","Fumiyo"
"Sales",498548,"Bernatsky","Hugh"
"Sales",64665,"Miake","Adit"
"Sales",498247,"Slobodova","Peer"
"Sales",64746,"Gadepally","Gino"
"Sales",64750,"Birdsall","Chriss"
"Sales",498244,"Marakhovsky","Chenxi"
"Sales",421244,"Ladret","Ortrun"
"Sales",64769,"Callaway","Uinam"
"Sales",64783,"Ramsey","Willard"
"Sales",64792,"Thiria","Chaosheng"
"Sales",241893,"Penz","Kwangho"
"Sales",64806,"Ranta","Kersti"
"Sales",64817,"Luks","Bartek"
"Sales",299601,"Hanabata","Keung"
"Sales",421207,"Gadepally","Radoslaw"
"Sales",64841,"Vecchi","Stafford"
"Sales",64861,"Strandh","Xinan"
"Sales",242107,"Roccetti","Khalid"
"Sales",64876,"Heuser","Mart"
"Sales",498157,"Lorcy","Baocai"
"Sales",260028,"Oppitz","Magdalena"
"Sales",498148,"Kroft","Lillian"
"Sales",498109,"Gerteisen","Harjit"
"Sales",242132,"Liesche","Serge"
"Sales",498084,"Picco","Younwoo"
"Sales",299560,"Peternell","Ishfaq"
"Sales",421122,"Schnelling","Danny"
"Sales",497854,"Kandlur","Chuanyi"
"Sales",497786,"Schonegge","Angel"
"Sales",497779,"Hiraishi","Bernt"
"Sales",65277,"Comellas","Gil"
"Sales",421074,"Falster","Zhaofang"
"Sales",65304,"Covnot","Aram"
"Sales",65313,"Kamber","Tua"
"Sales",497699,"Bergere","Pramod"
"Sales",497693,"Ciolek","Tsutomu"
"Sales",65386,"Przulj","Shaw"
"Sales",65392,"Aseltine","Poorav"
"Sales",65395,"Valette","Remko"
"Sales",65396,"Krohn","Anyuan"
"Sales",497600,"Broder","Morris"
"Sales",65600,"Mahmud","Jinxi"
"Sales",497312,"Sigstam","Marit"
"Sales",65616,"Swan","Bedir"
"Sales",497307,"Collette","Takahiro"
"Sales",497254,"Harbusch","Hausi"
"Sales",495391,"Liesche","Sasan"
"Sales",495380,"Raczkowsky","Katsuo"
"Sales",298643,"Munos","Seongbae"
"Sales",495379,"Schnelling","Sailaja"
"Sales",65767,"Fritzsche","Shugo"
"Sales",495372,"Kakkar","Mizuhito"
"Sales",242213,"Mikschl","Susanta"
"Sales",495325,"Bednarek","Aris"
"Sales",242226,"Peroz","Candido"
"Sales",495322,"Maquelin","Arco"
"Sales",495320,"Erdmenger","Maha"
"Sales",65894,"Haraldson","Yakkov"
"Sales",495288,"Millington","Sariel"
"Sales",495253,"Manders","Boutros"
"Sales",495247,"Verhoeff","Kamakshi"
"Sales",242935,"Fioravanti","Tetsushi"
"Sales",66007,"Salverda","Diederik"
"Sales",66016,"Perko","Henk"
"Sales",420977,"Mapelli","Krister"
"Sales",66030,"Straney","Hidekazu"
"Sales",495002,"Schieder","Sugwoo"
"Sales",66041,"Krzyzanowski","Chiranjit"
"Sales",242963,"Jenevein","Yuguang"
"Sales",66256,"Schiettecatte","Atilio"
"Sales",66272,"Munoz","Geraldo"
"Sales",494903,"Hartvigsen","Elzbieta"
"Sales",66287,"Melter","Mack"
"Sales",66294,"Hockney","Florina"
"Sales",494702,"Crooks","Arno"
"Sales",66297,"Boguraev","Narain"
"Sales",260059,"Ozery","Chaitali"
"Sales",292961,"Lorho","Jianhua"
"Sales",66306,"Bojadziev","Rosli"
"Sales",420926,"Luft","Kiam"
"Sales",494687,"Rohrbach","Marek"
"Sales",66403,"Ibel","Arup"
"Sales",66445,"Zykh","Kazuyasu"
"Sales",66458,"Marchesini","Aral"
"Sales",494665,"Baaz","Ziyad"
"Sales",494639,"Granlund","Sadun"
"Sales",262702,"Hoogerwoord","Ortrun"
"Sales",66504,"Braccini","Kokou"
"Sales",243047,"Tzvieli","Tristan"
"Sales",243051,"Thimonier","Horward"
"Sales",491369,"Hellwagner","Willard"
"Sales",243056,"Steinauer","Hatim"
"Sales",243059,"Langford","Dayanand"
"Sales",66578,"Ghelli","Ingemar"
"Sales",491317,"Felcyn","Adit"
"Sales",491304,"Lamba","Felicidad"
"Sales",491301,"Rothenberg","Fumiya"
"Sales",66605,"Suermann","Chiranjit"
"Sales",66620,"Kisuki","Surveyors"
"Sales",66654,"Takkinen","Rayond"
"Sales",491143,"Turnbull","Fai"
"Sales",243101,"Brodal","Sasan"
"Sales",491121,"Bresenham","Jeong"
"Sales",491082,"Jeong","Freyja"
"Sales",66928,"Plessier","Charlene"
"Sales",260087,"Hiraishi","Jianhao"
"Sales",490534,"Parascandalo","Ioana"
"Sales",66968,"Sherertz","Francoise"
"Sales",67007,"Yavatkar","Neven"
"Sales",243121,"Melski","Snehasis"
"Sales",243135,"Bisiani","Sudharsan"
"Sales",67060,"Baig","Susanta"
"Sales",490444,"Vigier","Dipankar"
"Sales",490440,"Papadias","Kenton"
"Sales",67085,"Socorro","Jackson"
"Sales",67139,"Farrar","Shaz"
"Sales",420776,"Anger","Dhritiman"
"Sales",490417,"Seghrouchni","Ayonca"
"Sales",243188,"Honglei","Marsja"
"Sales",67213,"Onuegbe","Shrikanth"
"Sales",490399,"Perry","Doowon"
"Sales",67224,"Bashian","Sashi"
"Sales",420772,"Kulisch","Domenick"
"Sales",489872,"Marwedel","Urs"
"Sales",489871,"Hartvigsen","Yonghoan"
"Sales",243200,"Constantine","Isaac"
"Sales",243207,"Sabnani","Luisa"
"Sales",489854,"Chachaty","Reinhard"
"Sales",243229,"Delgrossi","Haldun"
"Sales",67481,"Lambe","Shao"
"Sales",420362,"Cooley","Uinam"
"Sales",67506,"Verhoeff","Collette"
"Sales",420332,"Castellani","Spyrose"
"Sales",67565,"Weiland","Make"
"Sales",243269,"Pelz","Oguz"
"Sales",420322,"Shihab","Yoshimitsu"
"Sales",67575,"Sundgren","Fatemeh"
"Sales",489743,"Benveniste","Youpyo"
"Sales",243285,"Lanteri","Shietung"
"Sales",489727,"Choobineh","Sibyl"
"Sales",243298,"Radhakrishnan","Rajmohan"
"Sales",243316,"Talmon","Brendon"
"Sales",489529,"Rosay","Gopalakrishnan"
"Sales",489481,"Beutelspacher","Percy"
"Sales",489452,"Sethi","Hercules"
"Sales",67734,"Chelton","Tamiya"
"Sales",489440,"Jonsson","Conor"
"Sales",243332,"Bahr","Fen"
"Sales",243374,"Massonet","Hitofumi"
"Sales",420308,"Bruckman","Zhensheng"
"Sales",489173,"Rebaine","Heather"
"Sales",67807,"Ramalingam","Zissis"
"Sales",243401,"Stanger","Irene"
"Sales",67847,"Baranowski","Nevio"
"Sales",489163,"Sullins","Stevo"
"Sales",67856,"Merle","Alejandra"
"Sales",68086,"Hoppenstand","Aral"
"Sales",489127,"Back","Nirmal"
"Sales",489095,"Noriega","Vatsa"
"Sales",419553,"Alencar","Shushma"
"Sales",68129,"Basagni","Mabhin"
"Sales",489093,"Conti","Ortrud"
"Sales",488856,"Hammerschmidt","Mabhin"
"Sales",68208,"Murrill","Sajjan"
"Sales",488718,"Lieberherr","Oscar"
"Sales",68259,"Ginneken","Jungsoon"
"Sales",488713,"Masaki","Jovan"
"Sales",488347,"Sgarro","Becky"
"Sales",68263,"Bodoff","Fumiko"
"Sales",68280,"Benaini","Matk"
"Sales",488233,"Yetim","Shahab"
"Sales",68304,"Seghrouchni","Xianlong"
"Sales",298558,"Arlazarov","Paloma"
"Sales",68347,"Nicolson","Bedir"
"Sales",298537,"Szilard","Constantine"
"Sales",68359,"Baezner","Golgen"
"Sales",68375,"Mitsuhashi","Yuguang"
"Sales",68379,"Senzako","Jaideep"
"Sales",487892,"Karner","Teruyuki"
"Sales",68388,"Murillo","Jianhao"
"Sales",419515,"Peng","Aimee"
"Sales",487260,"Nyrup","Katsuo"
"Sales",487245,"Thimonier","Kinh"
"Sales",68681,"Thiran","Hauke"
"Sales",68693,"Garnier","Bartek"
"Sales",260120,"Silva","Hilary"
"Sales",419510,"Mitzlaff","Dayanand"
"Sales",487235,"Talmor","Filipe"
"Sales",260137,"Lamba","Panayotis"
"Sales",243602,"Lindqvist","Wayne"
"Sales",419506,"Siprelle","Irena"
"Sales",487206,"Rosay","Mark"
"Sales",68796,"Denny","Nalini"
"Sales",68802,"Bardell","Mooi"
"Sales",298297,"Shanbhogue","Nagui"
"Sales",487011,"Lupu","Theirry"
"Sales",486987,"Gimbel","Oldrich"
"Sales",486892,"Chappelet","Samphel"
"Sales",486891,"Ramsey","Karsten"
"Sales",486884,"Bouloucos","Heather"
"Sales",260161,"Maksimenko","Hironobu"
"Sales",486329,"Schwaller","Hidefumi"
"Sales",419480,"Gubsky","Chiradeep"
"Sales",69033,"Teitelbaum","Monique"
"Sales",486314,"Fasbender","Jeong"
"Sales",69040,"Klyachko","Licheng"
"Sales",69054,"Kobuchi","Saniya"
"Sales",486312,"Comyn","Christophe"
"Sales",69255,"Karnin","Siamak"
"Sales",69273,"Schwartzburd","Satosi"
"Sales",69281,"Weisert","Martijn"
"Sales",243722,"Ritzmann","Heekeun"
"Sales",260170,"Bala","Herbert"
"Sales",243734,"Frolund","Kokou"
"Sales",486149,"Merey","Mostafa"
"Sales",69365,"Baca","Aiman"
"Sales",486139,"Rothenberg","Sahrah"
"Sales",486120,"Chiola","Sailaja"
"Sales",69392,"Miake","Conrado"
"Sales",69402,"Flasterstein","Chenye"
"Sales",419446,"Vernadat","Kotesh"
"Sales",69444,"Leslie","Martijn"
"Sales",69465,"Merks","Beshir"
"Sales",243759,"Chimia","Piyush"
"Sales",69519,"Lamba","Aral"
"Sales",69545,"Grospietsch","Navid"
"Sales",69579,"Takkinen","Heng"
"Sales",243780,"Ananiadou","Arto"
"Sales",69790,"Leslie","Werner"
"Sales",485959,"Puoti","Amabile"
"Sales",69828,"Erva","Jessie"
"Sales",485348,"Hammerschmidt","Arno"
"Sales",243812,"Miculan","Jixiang"
"Sales",485310,"Matzen","Ortrun"
"Sales",69908,"Griswold","Jianhua"
"Sales",418867,"Salinas","Akhilish"
"Sales",69927,"Chandrasekhar","Kensyu"
"Sales",484775,"Heydon","Moie"
"Sales",69948,"Slobodova","Toshimo"
"Sales",418859,"Kushner","Tsz"
"Sales",484763,"Cronin","Erez"
"Sales",69973,"Peron","Douadi"
"Sales",484717,"Panangaden","Serge"
"Sales",484636,"Cusworth","Heather"
"Sales",418854,"Dulin","Peer"
"Sales",260218,"Auyong","Lene"
"Sales",70434,"Sullins","Zissis"
"Sales",418831,"Marzano","Leah"
"Sales",484584,"Asser","JoAnna"
"Sales",484583,"Jording","Xiping"
"Sales",484571,"Huhdanpaa","Manohar"
"Sales",484561,"Bridgland","Feiyu"
"Sales",243876,"Vilarrasa","Karlis"
"Sales",484552,"Laventhal","Macha"
"Sales",484539,"Poupard","Haldun"
"Sales",418772,"Boudaillier","Dante"
"Sales",243891,"Rodite","Shan"
"Sales",70508,"Janocha","Breannda"
"Sales",484530,"Crooks","Chaosheng"
"Sales",70525,"Alpin","Ohad"
"Sales",484525,"Dredge","Jinpo"
"Sales",70576,"Ishibashi","Yahiko"
"Sales",70610,"Bellmore","Djelloul"
"Sales",484306,"McFarlan","Fabrizio"
"Sales",484281,"Serre","Jovan"
"Sales",484274,"Bage","Foong"
"Sales",70629,"DiGiano","Shay"
"Sales",243920,"Schicker","Taisook"
"Sales",418758,"Henders","Mori"
"Sales",418248,"Munoz","Woody"
"Sales",70647,"Thummel","Doohun"
"Sales",70665,"Suppi","Zijian"
"Sales",70666,"Veeraraghavan","Ronghao"
"Sales",484234,"Antonisse","Arlette"
"Sales",70675,"Avouris","Edwin"
"Sales",418232,"Erde","Eberhardt"
"Sales",484200,"Luby","Karsten"
"Sales",418122,"Woycyznski","Richard"
"Sales",418107,"Simkin","Arfst"
"Sales",483889,"Heping","Marko"
"Sales",418085,"Sewelson","Bedrich"
"Sales",260224,"Fontet","Yannis"
"Sales",71375,"Khamsi","Masoud"
"Sales",243999,"Rosenbaum","Teruyuki"
"Sales",71973,"Lamba","Leucio"
"Sales",483764,"Chelton","Zhiguo"
"Sales",483749,"Koblick","Weidon"
"Sales",71989,"Gulla","Arup"
"Sales",483726,"Falster","Tzu"
"Sales",71999,"Mitina","Qiwen"
"Sales",417990,"Legleitner","Limsoon"
"Sales",483712,"Pillow","Eran"
"Sales",72069,"Suessmith","Ayakannu"
"Sales",483648,"Facello","Rimon"
"Sales",72440,"Rosar","Xiping"
"Sales",483643,"Luiz","Ghassan"
"Sales",72512,"Matzov","Stein"
"Sales",72519,"Oppitz","Sham"
"Sales",72548,"Danley","Zhilian"
"Sales",244072,"Demke","Chiranjit"
"Sales",72573,"Iacovou","Serif"
"Sales",72593,"Casley","Chinhyun"
"Sales",417958,"Pauthner","Reinhard"
"Sales",417952,"Kampfer","Alagu"
"Sales",483537,"Asmuth","Martial"
"Sales",417942,"Herath","Insup"
"Sales",244122,"Buescher","Kensei"
"Sales",483518,"Morrey","Kazuhiro"
"Sales",72722,"Eickenmeyer","Fumitaka"
"Sales",483501,"Jeansoulin","Sumant"
"Sales",72755,"Stafford","Seongbin"
"Sales",72765,"Grospietsch","Troy"
"Sales",72767,"Chiola","Premal"
"Sales",72944,"Garigliano","Dmitri"
"Sales",483174,"Schiper","Hailing"
"Sales",483158,"Weisert","Sumant"
"Sales",244126,"Ducloy","Brewster"
"Sales",483121,"Sanella","Phuoc"
"Sales",292927,"Condotta","Hauke"
"Sales",483095,"Isaac","Jacopo"
"Sales",73008,"Harnett","Joydip"
"Sales",417938,"Bratsberg","Eldridge"
"Sales",483067,"Varley","Uriel"
"Sales",483014,"Khalid","Shigeichiro"
"Sales",417931,"Iacovou","Shan"
"Sales",260248,"Lambe","Becky"
"Sales",73117,"Nannarelli","Kamakshi"
"Sales",482914,"Braccini","Lakshmi"
"Sales",73160,"Back","Sanjoy"
"Sales",482864,"Krone","Ioana"
"Sales",482851,"Nittel","Arve"
"Sales",482717,"Menhardt","Cheong"
"Sales",244185,"Schaaf","Ashish"
"Sales",73237,"Bonifati","Sanjoy"
"Sales",482686,"Penz","Gianluca"
"Sales",73469,"Zedlitz","Demin"
"Sales",73480,"Thisen","Valeska"
"Sales",482500,"Etalle","Pradeep"
"Sales",482479,"Journel","Wojceich"
"Sales",73531,"Hambrick","Mara"
"Sales",73542,"Acton","Shigehito"
"Sales",482362,"Lueh","Armond"
"Sales",73581,"Guting","Djelloul"
"Sales",73595,"Vandervoorde","Nobuyoshi"
"Sales",417704,"Erdmenger","Sajjad"
"Sales",417662,"Halloran","Tuval"
"Sales",417622,"Awdeh","Maia"
"Sales",74035,"Hardjono","Boalin"
"Sales",482223,"Honiden","Guenter"
"Sales",417589,"Mateescu","Hercules"
"Sales",482219,"Zaiane","Kagan"
"Sales",244266,"Bail","Dung"
"Sales",482200,"Vesna","Jinpo"
"Sales",417396,"Badache","Matt"
"Sales",74638,"Miara","Chinhyun"
"Sales",244278,"Pepe","Leucio"
"Sales",74646,"Luders","Christophe"
"Sales",482164,"Comte","Nalini"
"Sales",482151,"Mungall","Tzu"
"Sales",74710,"Setiz","Lein"
"Sales",482113,"Perng","Bernardo"
"Sales",74711,"Thiria","Sadok"
"Sales",74757,"Weisert","Lenore"
"Sales",74765,"Cairo","Kiyomitsu"
"Sales",297514,"Fordan","Ziya"
"Sales",481937,"Choobineh","Temple"
"Sales",74785,"Markovitch","Christ"
"Sales",481929,"Koblitz","Sastry"
"Sales",481860,"Orlowska","Alain"
"Sales",260294,"Munoz","Yonghoan"
"Sales",481857,"Ecklund","Ulises"
"Sales",260295,"Munch","Pohua"
"Sales",417338,"Staelin","Huican"
"Sales",481657,"Range","Aksel"
"Sales",74934,"Driscoll","Kazuyasu"
"Sales",297461,"Vickson","Tayeb"
"Sales",75133,"Spataro","Tayeb"
"Sales",75134,"Cullers","Rimli"
"Sales",481557,"Flanders","Phillip"
"Sales",481542,"Reistad","Chrisa"
"Sales",244450,"Linares","Serenella"
"Sales",75247,"Dymetman","Deborah"
"Sales",481271,"Demian","Yishay"
"Sales",75280,"Malabarba","Frederique"
"Sales",75450,"Gecsel","Mayumi"
"Sales",75480,"Herber","Cullen"
"Sales",75486,"Zykh","Anestis"
"Sales",297421,"Raney","Marsha"
"Sales",481213,"Haldar","Shigehiro"
"Sales",75564,"Chachaty","Sadegh"
"Sales",244495,"Gunderson","Masoud"
"Sales",75593,"Merkl","Arnould"
"Sales",481196,"Baumann","Moss"
"Sales",417299,"Weisert","Paloma"
"Sales",75849,"Cannata","Babette"
"Sales",480946,"Tiemann","Naftali"
"Sales",417069,"Janocha","Sajjad"
"Sales",480866,"Ranon","Takahiro"
"Sales",417039,"Feldmann","Chrisa"
"Sales",480660,"Sambasivam","Kazunori"
"Sales",480658,"Zumaque","Munenori"
"Sales",480609,"Schauser","Suebskul"
"Sales",480604,"Bondorf","Hatsukazu"
"Sales",76211,"Hashii","Kenton"
"Sales",244519,"Peral","Greger"
"Sales",417009,"Peng","Pintsang"
"Sales",480300,"Porenta","Tiina"
"Sales",480282,"Granlund","Zhanqiu"
"Sales",480264,"Narahara","Yuuichi"
"Sales",480234,"Munos","Nakhoon"
"Sales",76294,"Heydon","Lihong"
"Sales",76296,"Murtha","Hercules"
"Sales",76311,"Schmezko","Herb"
"Sales",76325,"Maierhofer","Rosalie"
"Sales",480185,"Peek","Berthier"
"Sales",76367,"Mitsuhashi","Susumu"
"Sales",480152,"Peek","Candido"
"Sales",82492,"Stellhorn","Hairong"
"Sales",82510,"Pashtan","Yifei"
"Sales",416739,"Jansen","Ung"
"Sales",480122,"Pagter","Zhigen"
"Sales",82521,"Porenta","Lubomir"
"Sales",297409,"Cichocki","Mingsen"
"Sales",480090,"Krone","Gad"
"Sales",82542,"Peres","Mrinalini"
"Sales",244592,"Albarhamtoshy","Saeed"
"Sales",244601,"Kleiser","Moon"
"Sales",244606,"Cronan","Guenter"
"Sales",479708,"Dayana","Hilary"
"Sales",82573,"Berendt","Genevieve"
"Sales",479703,"Guting","Baocai"
"Sales",479493,"Sidhu","Lech"
"Sales",416712,"Cochrane","Alper"
"Sales",479449,"Garigliano","Chaitali"
"Sales",260338,"Matzen","Ute"
"Sales",479415,"Merle","Vatsa"
"Sales",479412,"Rullman","Mats"
"Sales",479382,"Hanabata","Baocai"
"Sales",479342,"Jeansoulin","Salvador"
"Sales",82970,"Servieres","Qiwen"
"Sales",479149,"Pettit","Lobel"
"Sales",260357,"Renear","Jamaludin"
"Sales",244672,"Seghrouchni","Rasiah"
"Sales",83185,"Boissier","Yucai"
"Sales",83195,"Thebaut","Douadi"
"Sales",479124,"Munawer","Unal"
"Sales",479089,"Viele","Hatem"
"Sales",479084,"Birdsall","Gully"
"Sales",479070,"Ozeri","Valery"
"Sales",83278,"Khalil","Georg"
"Sales",83287,"Leijenhorst","Werner"
"Sales",479036,"Stiles","Gen"
"Sales",83519,"Uhrig","Heather"
"Sales",478749,"Cmelik","Hatem"
"Sales",83550,"Sommen","Sukumar"
"Sales",244728,"Syrzycki","Akhilish"
"Sales",244744,"Srimani","Nitsan"
"Sales",478680,"Itschner","KayLiang"
"Sales",416677,"Pell","Brewster"
"Sales",244754,"Vakili","Barton"
"Sales",83658,"Reistad","Nathan"
"Sales",478483,"Imataki","Chandrasekaran"
"Sales",83677,"Thibadeau","Sahrah"
"Sales",478475,"Christianini","Ortrun"
"Sales",478460,"Monarch","Ioana"
"Sales",83683,"Zallocco","Munehiro"
"Sales",83685,"Nergos","Chirstian"
"Sales",244779,"Schach","Bowen"
"Sales",244792,"Borovoy","Gonzalo"
"Sales",416641,"Huhdanpaa","Marek"
"Sales",83730,"Lorie","Dharmaraja"
"Sales",83733,"Wolniewicz","Hitomi"
"Sales",83736,"Ruther","Kristina"
"Sales",83759,"Puoti","Tsvetan"
"Sales",83769,"Scallan","Yuichiro"
"Sales",83779,"Heydon","Minghong"
"Sales",244802,"Kushnir","Gritta"
"Sales",83787,"Lanzelotte","Xuejia"
"Sales",83800,"Wroclawski","Tamiya"
"Sales",292897,"Mungall","Hatsukazu"
"Sales",478391,"Benantar","Morris"
"Sales",84038,"Zirintsis","Tiina"
"Sales",478344,"Rassart","Shahid"
"Sales",84147,"Koshiba","Huan"
"Sales",478340,"Gimarc","Ingemar"
"Sales",478156,"Pargaonkar","Licheng"
"Sales",84331,"Rousseau","Ziyad"
"Sales",478124,"Braccini","Muzhong"
"Sales",291995,"Nicolson","Yishai"
"Sales",416584,"Kleiser","JoAnna"
"Sales",84462,"Krogh","Alain"
"Sales",478031,"Chenoweth","Izaskun"
"Sales",416582,"Onuegbe","Yishay"
"Sales",477972,"Herbst","Xiong"
"Sales",477958,"Petersohn","Nalini"
"Sales",244932,"Rabehasaina","Mara"
"Sales",84789,"Perl","Sadok"
"Sales",244950,"Iwayama","Sreekrishna"
"Sales",477925,"Rusterholz","Hatem"
"Sales",477900,"Condotta","Zeljko"
"Sales",85030,"Barreiro","Gill"
"Sales",477899,"Cannard","Leszek"
"Sales",85054,"Tokunaga","Aloke"
"Sales",85078,"Chinal","Steen"
"Sales",85093,"Covnot","Nectarios"
"Sales",244963,"Pollock","Jaewoo"
"Sales",244967,"Irland","Jianwen"
"Sales",85111,"Kavraki","Sastry"
"Sales",85121,"Eterovic","Elvia"
"Sales",244977,"Stafford","Luise"
"Sales",85131,"Naudin","Pintsang"
"Sales",85137,"Luks","Gita"
"Sales",477636,"Leijenhorst","Abdelwaheb"
"Sales",85149,"Millington","Xumin"
"Sales",477628,"Beutelspacher","Duro"
"Sales",477603,"Nyrup","Bernt"
"Sales",477510,"Demizu","Atreyi"
"Sales",477308,"Brandsma","Alejandra"
"Sales",416396,"Flanders","Oldrich"
"Sales",477261,"Naudin","Atreye"
"Sales",477246,"Zeilberger","Mara"
"Sales",245045,"Marrevee","Nevin"
"Sales",85248,"Yetto","Mayuko"
"Sales",262772,"Fairtlough","Ayakannu"
"Sales",85267,"Winter","Masaru"
"Sales",85299,"Gadepally","Leni"
"Sales",262773,"Rossi","Gill"
"Sales",245077,"Marshall","Troy"
"Sales",416311,"Parascandalo","Bernd"
"Sales",85495,"Penz","Dinah"
"Sales",477190,"Aloisi","Fan"
"Sales",85517,"Terlouw","Alselm"
"Sales",476981,"Hammerschmidt","Ramya"
"Sales",245300,"Thorelli","Georgi"
"Sales",476962,"Stranks","Guiseppe"
"Sales",476950,"Flasterstein","Gou"
"Sales",476905,"Wossner","Mohan"
"Sales",85867,"Stiles","Vasiliy"
"Sales",85868,"Bouloucos","Shaw"
"Sales",476847,"Babb","Shalesh"
"Sales",416244,"Brobst","Valeska"
"Sales",85923,"Candan","Odoardo"
"Sales",476595,"Gargeya","Mack"
"Sales",85936,"Lorie","Almudena"
"Sales",85939,"Schlegelmilch","Xinyu"
"Sales",476569,"Willoner","Aiichiro"
"Sales",85946,"Baca","Zhiwei"
"Sales",476563,"Vrecion","Toong"
"Sales",85960,"Tyugu","Jaber"
"Sales",245367,"Erdmenger","Shaibal"
"Sales",85965,"Teitelbaum","Tsz"
"Sales",416241,"Sinicrope","Christ"
"Sales",85984,"McClurg","Shietung"
"Sales",86181,"Pettit","Kwangyoen"
"Sales",262784,"Peris","Kenroku"
"Sales",476492,"Dichev","Gully"
"Sales",476267,"Pollock","Divier"
"Sales",476260,"Dredge","Heejo"
"Sales",476235,"Klyachko","Yuchang"
"Sales",476218,"Linnainmaa","Baoqiu"
"Sales",476184,"Hofman","Shahid"
"Sales",86332,"Perry","Arto"
"Sales",475985,"Murthy","Arve"
"Sales",475962,"Steenbeek","Rasiah"
"Sales",475960,"Meriste","Indrajit"
"Sales",245414,"Bardell","Udi"
"Sales",245419,"Claffy","Tze"
"Sales",260452,"Perin","Tze"
"Sales",475959,"Knightly","Wuxu"
"Sales",296630,"Usdin","Kousuke"
"Sales",86418,"Peac","Subbu"
"Sales",475921,"Hiyoshi","Snehasis"
"Sales",475876,"Carrere","Kokou"
"Sales",86454,"Marletta","Ennio"
"Sales",86460,"Hammerschmidt","Khoa"
"Sales",475853,"Taneja","Jolita"
"Sales",296623,"Herbst","Zeljko"
"Sales",475776,"Speek","Kenton"
"Sales",415372,"Yemenis","Arlette"
"Sales",260467,"Castellani","Flemming"
"Sales",86706,"Kinley","Mariusz"
"Sales",296577,"Armand","Sudharsan"
"Sales",415330,"Rabehasaina","Pranav"
"Sales",475732,"Honiden","Claudi"
"Sales",86728,"Wixon","Dmitry"
"Sales",260480,"Sherertz","Jiakeng"
"Sales",475668,"Reutenauer","Mohammad"
"Sales",86766,"Androutsos","Mong"
"Sales",86792,"Falco","Vivian"
"Sales",86806,"Hempstead","Xiaoqiang"
"Sales",296534,"Hofting","Khosrow"
"Sales",475423,"Eiter","Leni"
"Sales",475111,"Ranai","Flemming"
"Sales",475085,"Tsunoo","Hitomi"
"Sales",475038,"Montemayor","Kenroku"
"Sales",87059,"Leuchs","Girolamo"
"Sales",474737,"Molenkamp","Kotesh"
"Sales",415060,"Heemskerk","Maya"
"Sales",474730,"Jiafu","Maren"
"Sales",87102,"Stifter","Kousuke"
"Sales",245528,"Baumann","Kristinn"
"Sales",87129,"Neiman","Keung"
"Sales",87137,"Tsunoo","Aluzio"
"Sales",87161,"Sudkamp","Ennio"
"Sales",87363,"Comellas","Yunming"
"Sales",87384,"Benzaken","Luerbio"
"Sales",87407,"Passafiume","Mircea"
"Sales",474402,"Marzano","Xuejun"
"Sales",474400,"Ushiama","Herb"
"Sales",245542,"Perly","Huican"
"Sales",474398,"Seghrouchni","Anestis"
"Sales",245543,"Brattka","Nechama"
"Sales",87527,"Schlegelmilch","Zijian"
"Sales",474327,"Dehkordi","Fumitake"
"Sales",474319,"Mitsuhashi","Mary"
"Sales",473784,"Kambil","Ortrun"
"Sales",87607,"Brandsma","Baziley"
"Sales",87639,"Makrucki","Vasiliy"
"Sales",260524,"Peac","Flemming"
"Sales",473454,"Masaki","Yonghoan"
"Sales",260534,"Sanella","Annemarie"
"Sales",414966,"Cochrane","Nakhoon"
"Sales",473447,"Magalhaes","Gao"
"Sales",473445,"Janetzko","Koldo"
"Sales",87662,"Fiutem","Shietung"
"Sales",296530,"Panangaden","Kamakshi"
"Sales",87892,"Zykh","Serenella"
"Sales",245813,"Zielinski","King"
"Sales",414917,"Delgrange","Chikara"
"Sales",87912,"Delgrande","Aamod"
"Sales",87923,"Hambrick","Rosine"
"Sales",87979,"Luders","IEEE"
"Sales",473364,"Eterovic","Kish"
"Sales",88187,"Radhakrishnan","Lihong"
"Sales",88194,"Litzler","Luisa"
"Sales",473310,"Jayawardene","Takahira"
"Sales",473309,"Peron","Basant"
"Sales",472466,"Genther","Oldrich"
"Sales",472392,"Masada","Uzi"
"Sales",88299,"Vidal","Kazunori"
"Sales",472389,"Vieth","Heeju"
"Sales",88307,"Rissland","Hein"
"Sales",413049,"Fairtlough","Eran"
"Sales",472382,"Middleton","Luise"
"Sales",88334,"Decaestecker","Gererd"
"Sales",472357,"Lupu","Bingning"
"Sales",245933,"Seghrouchni","Saeed"
"Sales",472325,"Glinert","Snehasis"
"Sales",472123,"Roohalamini","Piyawadee"
"Sales",88438,"Daescu","Zsolt"
"Sales",472106,"Redmiles","Heeju"
"Sales",245935,"Underwood","Woody"
"Sales",413045,"Cools","Bodo"
"Sales",472083,"Murillo","Yakichi"
"Sales",88523,"Maccarone","Xumin"
"Sales",88591,"Lenart","Kwun"
"Sales",88605,"Osgood","Gretta"
"Sales",246196,"Falster","Hercules"
"Sales",472021,"Wielonsky","Marsha"
"Sales",88637,"Gomatam","Shugo"
"Sales",260582,"Cools","Ortrud"
"Sales",88709,"Waeselynck","Aamer"
"Sales",471973,"Anido","Divine"
"Sales",260590,"Oxman","Gadiel"
"Sales",88786,"Kemmerer","Hauke"
"Sales",89022,"Orlowski","Atilio"
"Sales",471891,"Suppi","Lokesh"
"Sales",471868,"Olano","Danae"
"Sales",412937,"Granlund","Valeska"
"Sales",89067,"Zolotykh","Satoru"
"Sales",89085,"Curless","Taisook"
"Sales",89102,"Callaway","Gao"
"Sales",471803,"Pollacia","Ayakannu"
"Sales",471583,"Fraisse","Adamantios"
"Sales",89154,"Isaak","Dietrich"
"Sales",89163,"Haldar","Ioana"
"Sales",89179,"Kranzdorf","Weijing"
"Sales",471525,"Schlenzig","Premsyl"
"Sales",260610,"Tasistro","Berthier"
"Sales",89278,"Sadowsky","Xiaoqiang"
"Sales",471479,"Rassart","Morrie"
"Sales",89292,"Gniady","Maik"
"Sales",89294,"Bade","Sasan"
"Sales",471289,"Atrawala","Abdulah"
"Sales",471272,"Baik","Teiji"
"Sales",89298,"Fetvedt","Premsyl"
"Sales",89324,"Jiafu","Demin"
"Sales",246247,"Perin","Trygve"
"Sales",471260,"Pfau","Shuji"
"Sales",471254,"Pollock","Lobel"
"Sales",89578,"Chinin","Subbu"
"Sales",89591,"Gihr","Kristian"
"Sales",246263,"Cromarty","Ranan"
"Sales",471231,"Vecchi","Toshimo"
"Sales",471219,"Chvatal","Becky"
"Sales",471187,"Goldhammer","Masoud"
"Sales",89630,"Rosiles","Jaihie"
"Sales",246271,"Muchinsky","Doohun"
"Sales",89690,"Back","Sukumar"
"Sales",89760,"Ducloy","Mandell"
"Sales",260662,"Jording","Jacopo"
"Sales",470827,"Ouhyoung","Shigehito"
"Sales",470797,"Miara","Ronghao"
"Sales",89825,"Isard","Ingmar"
"Sales",246484,"Litvinov","Xiahua"
"Sales",412887,"Figueira","Angus"
"Sales",246505,"Byoun","Hugo"
"Sales",470727,"Nitsche","Shahid"
"Sales",89901,"Akazan","Mariusz"
"Sales",470710,"Szilard","Houman"
"Sales",470685,"Polupanov","Shuzo"
"Sales",246507,"Rubsam","Yannis"
"Sales",89948,"Matzke","Fabrizio"
"Sales",412846,"Puppe","Gennadi"
"Sales",89967,"Miara","Jinya"
"Sales",260723,"Ginesta","Makato"
"Sales",90218,"Zirintsis","Gor"
"Sales",90222,"Pehl","Shaibal"
"Sales",246541,"Otillio","Luigi"
"Sales",90245,"Goldhammer","Maren"
"Sales",260727,"Billawala","Nalini"
"Sales",470634,"Vadhan","Xuedong"
"Sales",470615,"Slutz","Xiaopeng"
"Sales",90285,"Kaltofen","Gretta"
"Sales",90290,"Cyre","Masato"
"Sales",470594,"Merel","Shaleah"
"Sales",90297,"Nanard","Bernt"
"Sales",90306,"Cangellaris","Gully"
"Sales",470574,"Schaar","Chrisa"
"Sales",246582,"Sifakis","Mabo"
"Sales",90849,"Thummel","Khoa"
"Sales",90875,"Vingron","Tetsurou"
"Sales",470502,"Terwilliger","Kendra"
"Sales",470471,"Erdmenger","Aiichiro"
"Sales",90900,"Lichtman","Yucel"
"Sales",90926,"Heyers","Tadahiro"
"Sales",246605,"Lieblein","Jeane"
"Sales",296177,"Staelin","Ekawit"
"Sales",90988,"Highland","Moto"
"Sales",470340,"Quadeer","Marke"
"Sales",412816,"Radhakrishnan","Sibyl"
"Sales",470330,"Cooke","Kotesh"
"Sales",470319,"Heping","Leen"
"Sales",91001,"Morrin","Mara"
"Sales",91007,"Kilgore","Paddy"
"Sales",470316,"Ranum","Francesca"
"Sales",260773,"Talmon","Leif"
"Sales",470181,"Jarecki","Chriss"
"Sales",470167,"Angel","Aloke"
"Sales",470027,"Puppe","Bartek"
"Sales",246655,"Billingsley","Edwin"
"Sales",246669,"Sudkamp","Valdiodio"
"Sales",470012,"Lowrie","Khosrow"
"Sales",91193,"Millington","Nadjib"
"Sales",91235,"Gill","Taizo"
"Sales",469913,"Anily","Ebbe"
"Sales",91265,"Ohori","Somnath"
"Sales",469901,"Guerreiro","Arun"
"Sales",246678,"Benzaken","Parviz"
"Sales",295967,"Heusch","Vidya"
"Sales",412737,"Beilner","Pantung"
"Sales",469831,"Savasere","Changho"
"Sales",469731,"Bierman","Ramya"
"Sales",91393,"Hartvigsen","Shakhar"
"Sales",411380,"Schwartzbauer","Berna"
"Sales",91431,"Lunt","Slavian"
"Sales",411376,"Restivo","Patricio"
"Sales",246733,"Baranowski","Godehard"
"Sales",91496,"Casperson","Sven"
"Sales",469608,"Merle","Boalin"
"Sales",469600,"Conry","Mircea"
"Sales",91537,"Rosar","Eishiro"
"Sales",469519,"Bonifati","Weidon"
"Sales",469435,"Hasenauer","Gro"
"Sales",469432,"Reeker","Arlette"
"Sales",411364,"Kavanagh","Ibibia"
"Sales",91604,"Giarratana","Ronghao"
"Sales",91616,"Guenter","Lansing"
"Sales",469303,"Gaughan","Phillip"
"Sales",91665,"Danley","Aimee"
"Sales",91672,"Qiwen","Fayez"
"Sales",469296,"Bardell","Kersti"
"Sales",91675,"Wrigley","Parke"
"Sales",411336,"Quadeer","Apostol"
"Sales",91879,"Kornyak","Adin"
"Sales",91890,"Madeira","Tonia"
"Sales",469265,"Seuren","Chuanti"
"Sales",469203,"Reinhard","Sachem"
"Sales",411305,"Ginesta","Kousuke"
"Sales",469191,"Krohm","Garnet"
"Sales",92401,"Taneja","Fumitaka"
"Sales",92404,"Cesareni","Sergi"
"Sales",469176,"Solares","Constantijn"
"Sales",469125,"Barreiro","Tristan"
"Sales",92444,"Schrooten","Mayumi"
"Sales",92461,"Heuter","Barun"
"Sales",469103,"Birch","Barna"
"Sales",411288,"Benzmuller","Niranjan"
"Sales",469011,"Kruskal","Howell"
"Sales",92749,"Demir","Chiradeep"
"Sales",411283,"Bierman","Basem"
"Sales",92797,"Ligten","Shalesh"
"Sales",411223,"Hashii","Dung"
"Sales",247199,"Hartvigsen","JoAnna"
"Sales",92843,"Carrere","Falguni"
"Sales",93024,"Whitcomb","Henk"
"Sales",468900,"Mungall","Jingling"
"Sales",93067,"Garnick","Guenter"
"Sales",468801,"Shiratori","Hidekazu"
"Sales",93130,"Neimat","Kwun"
"Sales",93137,"Francisci","Eben"
"Sales",468754,"Hempstead","Tonia"
"Sales",247217,"Litvinov","Lenore"
"Sales",468723,"Birke","Sverrir"
"Sales",468705,"Matzel","Zhonghua"
"Sales",410598,"Schoegge","Demin"
"Sales",468651,"Onuegbe","Kenton"
"Sales",93485,"Antonakopoulos","Susanta"
"Sales",468547,"Birrer","Pramod"
"Sales",93551,"Shrader","Sanjay"
"Sales",468525,"Gornas","Serap"
"Sales",410585,"Bednarek","Debatosh"
"Sales",468509,"Kugler","Tadahiko"
"Sales",93618,"Uludag","Volkmar"
"Sales",468458,"Matzel","Marek"
"Sales",93666,"Rosen","Sven"
"Sales",93671,"Danlos","Waiman"
"Sales",410564,"Penttonen","Constantino"
"Sales",263913,"Berstel","Sampalli"
"Sales",93900,"Liedekerke","Persi"
"Sales",468451,"Schieder","Sachio"
"Sales",93918,"Giarratana","Xiaopeng"
"Sales",93926,"Cusworth","Claude"
"Sales",93928,"Axelband","Tomoyuki"
"Sales",93937,"Eickenmeyer","Adin"
"Sales",468397,"Buescher","Zijian"
"Sales",468387,"Pews","Kaijung"
"Sales",468341,"Tsunoo","Vishv"
"Sales",410551,"Wolniewicz","Surveyors"
"Sales",93960,"Seghrouchni","Xianlong"
"Sales",93985,"Raczkowsky","Pramod"
"Sales",410529,"Shihab","Aloys"
"Sales",468299,"Narahari","Duro"
"Sales",468291,"Avouris","Mohit"
"Sales",468275,"Ushiama","Jianwen"
"Sales",94253,"Tomescu","Fumiko"
"Sales",295899,"Ghalwash","Herb"
"Sales",94287,"Buchter","Kiyokazu"
"Sales",468227,"Hegner","Masako"
"Sales",468201,"Thorensen","Nirmal"
"Sales",468177,"Lammel","Masadi"
"Sales",295878,"Randt","Masato"
"Sales",247567,"Stifter","Nagui"
"Sales",247575,"Muhlberg","Hiroyasu"
"Sales",468092,"Brender","Chaitali"
"Sales",247589,"Swick","Uzi"
"Sales",94656,"Negoita","Nikolaus"
"Sales",410458,"Monkewich","Armond"
"Sales",468054,"Guenter","Uno"
"Sales",95240,"Peroz","Kokou"
"Sales",468010,"Brobst","Shir"
"Sales",467926,"Stiles","Yucel"
"Sales",467888,"Bain","Garnet"
"Sales",95264,"Cichocki","Hironobu"
"Sales",95281,"Savasere","Kensyu"
"Sales",410442,"Stemann","Conor"
"Sales",95297,"Paciorek","Tonny"
"Sales",410423,"Leonhardt","Gil"
"Sales",95308,"Bail","Duri"
"Sales",467746,"Bergere","Sakthirel"
"Sales",95328,"Junot","Denny"
"Sales",95343,"Chimia","Kirk"
"Sales",95352,"Pews","Martine"
"Sales",95362,"Zyda","Yonghong"
"Sales",247832,"Linnainmaa","Siddarth"
"Sales",467738,"Zielinski","Kien"
"Sales",95549,"Sooriamurthi","Arun"
"Sales",95550,"Murthy","Marla"
"Sales",247840,"Barbanera","Yaghout"
"Sales",410388,"Peir","Amstein"
"Sales",467701,"Viele","Troy"
"Sales",95612,"Kampfer","Adil"
"Sales",95616,"Beetstra","Gregory"
"Sales",467637,"Morton","Anneli"
"Sales",295814,"Billawala","Aimee"
"Sales",95670,"Krybus","Shaleah"
"Sales",467628,"Shigei","Kitty"
"Sales",467607,"Randt","Gio"
"Sales",410338,"Pauthner","Dekang"
"Sales",467597,"Brlek","Mack"
"Sales",410309,"Gunderson","Ekawit"
"Sales",95894,"Gurbaxani","Fuqing"
"Sales",467566,"Kroft","Reuven"
"Sales",247901,"Litzler","Weiwu"
"Sales",467414,"Ramalingam","Yurij"
"Sales",410305,"Kavanagh","Ebru"
"Sales",467348,"Sankaranarayanan","Sachio"
"Sales",467304,"Deville","Akeel"
"Sales",95978,"Ranze","Nitsan"
"Sales",95984,"Morrin","Barun"
"Sales",95987,"Acton","Yakichi"
"Sales",467296,"Angelov","Shuzo"
"Sales",467284,"Moffat","Srinidhi"
"Sales",410277,"VanScheik","Tse"
"Sales",96030,"Schaft","Mohit"
"Sales",467253,"Spell","Khosrow"
"Sales",96206,"Hainaut","Aimee"
"Sales",467231,"Boguraev","Tzu"
"Sales",96238,"Kadhim","Valdiodio"
"Sales",467206,"Terkki","Peternela"
"Sales",467202,"Uehara","Girolamo"
"Sales",248124,"Standera","Oksana"
"Sales",96547,"Vanwelkenhuysen","Jeong"
"Sales",410269,"Bale","Susanta"
"Sales",292798,"Speckmann","Fumitake"
"Sales",96564,"Unno","Aria"
"Sales",467125,"Cappello","Xinglin"
"Sales",467116,"Straney","Shirish"
"Sales",96605,"Cusworth","Pragnesh"
"Sales",96625,"Peres","Marin"
"Sales",466965,"Sgarro","Kristin"
"Sales",410255,"Anguita","Somnath"
"Sales",96700,"Panwar","Amstein"
"Sales",410250,"Rodham","Hatim"
"Sales",96912,"Biros","Gro"
"Sales",96947,"Khalil","Diederik"
"Sales",466921,"Pauthner","Diederik"
"Sales",466903,"Cullers","Marsal"
"Sales",466898,"Khasidashvili","Michaela"
"Sales",97247,"Hitomi","Guiseppe"
"Sales",466869,"Magalhaes","Flemming"
"Sales",466868,"Doering","Deborah"
"Sales",97297,"Raczkowsky","George"
"Sales",260910,"Shiratori","Emran"
"Sales",466808,"Peot","Shigehito"
"Sales",466788,"Chenoweth","Chuanyi"
"Sales",466723,"Lundstrom","Vugranam"
"Sales",466614,"Kavvadias","Valdiodio"
"Sales",97356,"Sluis","Barton"
"Sales",466608,"Eugenio","Xinan"
"Sales",97378,"Vidya","Krister"
"Sales",248235,"Pell","Ranga"
"Sales",466561,"Mattern","Alenka"
"Sales",466542,"Lindenbaum","Yurii"
"Sales",466533,"Noriega","Raimond"
"Sales",466501,"Segond","Basil"
"Sales",466479,"Billingsley","Steve"
"Sales",466470,"Figueira","Lakshmi"
"Sales",97475,"Avouris","Perla"
"Sales",97485,"Koshiba","Subbu"
"Sales",97490,"Conti","Kokou"
"Sales",466461,"Kampfer","Maria"
"Sales",466395,"Gist","Alain"
"Sales",248256,"Falby","Sajjan"
"Sales",97760,"Loncour","Elvis"
"Sales",97780,"Suermann","Hironobu"
"Sales",410158,"Brodal","Zhenhua"
"Sales",248260,"Maierhofer","Monique"
"Sales",260918,"Edelhoff","Gaetan"
"Sales",466208,"Bashian","Jeane"
"Sales",98101,"Marchesini","Honglan"
"Sales",466177,"Bazzichi","Doohun"
"Sales",260926,"Perly","Suebskul"
"Sales",248268,"Wendorf","Ger"
"Sales",466165,"Gimbel","Mori"
"Sales",410090,"Ruther","Berto"
"Sales",410082,"Pileggi","Jovan"
"Sales",295759,"Rikino","Mitchel"
"Sales",466060,"Rahier","Shiv"
"Sales",466046,"Pena","Nimmagadda"
"Sales",410020,"Loncour","Srinidhi"
"Sales",410001,"Angelov","Boutros"
"Sales",295708,"Malabarba","Rosine"
"Sales",466016,"Calkin","Arfst"
"Sales",465993,"Glowinski","Jeane"
"Sales",465909,"Kropatsch","Rafail"
"Sales",465894,"Hitomi","Naftaly"
"Sales",98512,"Cyne","Yefim"
"Sales",295639,"Gill","Luise"
"Sales",409986,"Stentiford","Wojceich"
"Sales",465831,"Gecsei","Hidekazu"
"Sales",98567,"Krohm","Moss"
"Sales",98580,"Otillio","Irene"
"Sales",409979,"Leonhardt","Ortrud"
"Sales",409924,"Hinsberger","Mariusz"
"Sales",465800,"Schwaller","Kerryn"
"Sales",465702,"Plump","Kayoko"
"Sales",465665,"Picel","Rimli"
"Sales",248551,"Tsunoo","Izaskun"
"Sales",409906,"Koshiba","Snehasis"
"Sales",248572,"Fetvedt","Filipp"
"Sales",465572,"Miara","Masako"
"Sales",98753,"Murillo","Franziska"
"Sales",409890,"Giveon","Wuxu"
"Sales",465471,"Birta","Wilmer"
"Sales",98817,"Naudin","Samphel"
"Sales",465470,"Llado","Caolyn"
"Sales",98883,"Snedden","Shai"
"Sales",99257,"Homond","Lene"
"Sales",248629,"Ranum","Pradeep"
"Sales",248630,"Huxford","Jackson"
"Sales",465061,"Undy","Xinyu"
"Sales",248633,"Guardalben","Kyoichi"
"Sales",409609,"Michaeli","Keiichiro"
"Sales",464998,"Cesareni","Sushant"
"Sales",464973,"Penn","Nevin"
"Sales",464969,"Braunmuhl","Candido"
"Sales",464926,"Heering","Doohun"
"Sales",464902,"Pettis","Gill"
"Sales",248662,"Ranai","Masamitsu"
"Sales",99578,"Gluchowski","Navin"
"Sales",99599,"Ghalwash","Lene"
"Sales",464795,"Demir","Mohd"
"Sales",464726,"Przulj","Zita"
"Sales",464709,"Quaggetto","Tamiya"
"Sales",464654,"Pillow","Ohad"
"Sales",99693,"Muhlberg","Gurbir"
"Sales",295505,"Orlowski","Mingzeng"
"Sales",99742,"Fairtlough","Alenka"
"Sales",248702,"Fujisaki","Naftaly"
"Sales",99796,"Erie","Fun"
"Sales",409570,"Kavanagh","Xinyu"
"Sales",464476,"Chenoweth","Gina"
"Sales",464474,"Gente","Honesty"
"Sales",464467,"Luck","Masato"
"Sales",464463,"Flasterstein","Eberhardt"
"Sales",464461,"Murillo","Huai"
"Sales",464458,"Perry","Goo"
"Sales",464426,"Setlzner","Mabhin"
"Sales",99930,"Brickell","Remco"
"Sales",99939,"Camarinopoulos","Khedija"
"Sales",99997,"Morris","Mack"
"Sales",100005,"Foong","Anneke"
"Sales",100009,"Veldwijk","Barton"
"Sales",464387,"Klassen","Shim"
"Sales",464373,"Deyuan","Saeed"
"Sales",100018,"Hasham","Claude"
"Sales",100019,"Dulay","Berry"
"Sales",261011,"Chimia","Zongyan"
"Sales",100254,"Oaver","Kendra"
"Sales",464349,"Neiman","Fan"
"Sales",464304,"Angelov","Guadalupe"
"Sales",464285,"Ducloy","Kwok"
"Sales",409535,"Brizzi","Kish"
"Sales",464228,"Lagarias","Hisao"
"Sales",249005,"Plump","Yongqiao"
"Sales",249019,"Halloran","Zengping"
"Sales",464209,"Pell","Premal"
"Sales",464158,"Pero","Utz"
"Sales",100732,"Veevers","Debaprosad"
"Sales",100746,"Rehfuss","Heather"
"Sales",100794,"Bouloucos","Elliott"
"Sales",409354,"Brodie","Angus"
"Sales",464092,"Cronan","Jordanka"
"Sales",101228,"Verhaegen","Yakkov"
"Sales",101271,"Alpay","Shawna"
"Sales",101292,"Verhaegen","Aruna"
"Sales",409336,"Khalil","Arch"
"Sales",409306,"Stemann","Hein"
"Sales",295483,"Raoux","Deborah"
"Sales",101339,"Butner","Anoosh"
"Sales",463972,"Lagarias","Neelam"
"Sales",101565,"Shrader","Arto"
"Sales",463965,"Christ","Jahangir"
"Sales",101649,"Griswold","Dmitry"
"Sales",101687,"Milicic","Jayson"
"Sales",261058,"Conry","Hsiangchu"
"Sales",295387,"Ratzlaff","Constantine"
"Sales",463913,"Jakobus","Remco"
"Sales",463901,"Lamparter","JoAnna"
"Sales",102134,"Sessa","Jaihie"
"Sales",409284,"Lorcy","Alejandro"
"Sales",102151,"Staylopatis","Atreyi"
"Sales",249384,"Rosca","Danai"
"Sales",409274,"Carrera","Jacqueline"
"Sales",463896,"Thummel","Masanao"
"Sales",102566,"Gopalakrishnan","Kagan"
"Sales",261077,"Hebert","Lijia"
"Sales",463889,"Greenaway","Abdulla"
"Sales",463887,"Verhoeff","Gay"
"Sales",102588,"Iwayama","Mong"
"Sales",291940,"Tiemann","Shakhar"
"Sales",409262,"Wissmann","Martial"
"Sales",102637,"Budinsky","Jiakeng"
"Sales",102643,"Caine","Muneo"
"Sales",463854,"Nitta","Khatoun"
"Sales",249798,"Miculan","Vugranam"
"Sales",102662,"Kolinko","Aiman"
"Sales",463849,"Thummel","Ingemar"
"Sales",102682,"Reutenauer","Oscar"
"Sales",463771,"Avouris","Susanta"
"Sales",102695,"Goldhammer","Stella"
"Sales",102697,"Rosaz","Aluzio"
"Sales",102707,"Back","Junichi"
"Sales",463742,"Vickson","Khedija"
"Sales",463682,"Schicker","Guther"
"Sales",262933,"Standera","Akemi"
"Sales",103164,"Chiola","Valeska"
"Sales",463635,"Kavvadias","Renee"
"Sales",463380,"Kadhim","Tomoyuki"
"Sales",295356,"Setia","Nikolaus"
"Sales",409217,"Percebois","Petter"
"Sales",463357,"Zedlitz","Shaz"
"Sales",463291,"Douceur","Sadun"
"Sales",103617,"Lunt","Isamu"
"Sales",103623,"Poupard","Chinhyun"
"Sales",463289,"Wolniewicz","Sachio"
"Sales",462250,"Stifter","Jingling"
"Sales",103686,"McAffer","Spyrose"
"Sales",103688,"Keustermans","Vesna"
"Sales",461915,"Sambasivam","Alejandro"
"Sales",461881,"Angelopoulos","Somnath"
"Sales",104135,"Servi","Yaghout"
"Sales",461812,"Kaiser","Kristine"
"Sales",104155,"Angel","Toshimori"
"Sales",461774,"Aloia","Vitaly"
"Sales",461700,"Anger","Dekang"
"Sales",104191,"Claffy","Bodh"
"Sales",461658,"Heuter","Takahira"
"Sales",409153,"Backhouse","Arie"
"Sales",461647,"Barinka","Shridhar"
"Sales",104609,"Berendt","Kellyn"
"Sales",104610,"Peak","Fusako"
"Sales",461639,"Wroclawski","Subhash"
"Sales",461624,"Zedlitz","Sverrir"
"Sales",104656,"Walston","Margo"
"Sales",461562,"Ducloy","Shimshon"
"Sales",104691,"Garigliano","Abdulah"
"Sales",104694,"Stenning","Masaki"
"Sales",461516,"Tchuente","Shuky"
"Sales",461462,"Krybus","Leon"
"Sales",104733,"Bernick","Renee"
"Sales",461207,"Erva","Tsz"
"Sales",249940,"Fendler","Foong"
"Sales",461152,"Peron","Lijia"
"Sales",104978,"Erol","Shimshon"
"Sales",409138,"Miara","Abdulla"
"Sales",461127,"Poupard","Herb"
"Sales",461089,"Huhdanpaa","Marsha"
"Sales",105025,"Wuwongse","Kazuyasu"
"Sales",461086,"Rahimi","Almudena"
"Sales",105026,"Karcich","Barna"
"Sales",105276,"Oskamp","Roddy"
"Sales",460973,"Kinley","Fuqing"
"Sales",460965,"Rosti","Sajjad"
"Sales",409068,"Lichtman","Yoshimitsu"
"Sales",105337,"Wuwongse","Wojceich"
"Sales",250678,"Bahl","Randi"
"Sales",105434,"Giveon","Gen"
"Sales",261128,"Menhoudj","Elzbieta"
"Sales",261144,"Calkin","Shigeichiro"
"Sales",408873,"Denna","Shugo"
"Sales",105514,"Waleschkowski","Khatoun"
"Sales",105538,"Cannata","Roddy"
"Sales",460493,"Katzenelson","Gunilla"
"Sales",460475,"Fortenbacher","Duke"
"Sales",105773,"Schade","Ebbe"
"Sales",460455,"Saoudi","Taizo"
"Sales",408871,"Porotnikoff","Xiaoheng"
"Sales",460453,"Schneeberger","Jaideep"
"Sales",460442,"Lieberherr","Behnaam"
"Sales",105847,"Gornas","Youjian"
"Sales",272320,"Kusalik","Yannik"
"Sales",272344,"Vesna","Mamdouh"
"Sales",105854,"Unno","Jixiang"
"Sales",272278,"Bellmore","Jouko"
"Sales",459866,"Zeilberger","Aron"
"Sales",272590,"Joslin","Irena"
"Sales",272608,"Harllee","Ung"
"Sales",272240,"Munch","Rafail"
"Sales",105868,"Cardazo","Chikara"
"Sales",270878,"Baaleh","Serap"
"Sales",270847,"Jeong","Shahid"
"Sales",272659,"Iwayama","Dayanand"
"Sales",270844,"Sadowski","Katsuyuki"
"Sales",459822,"Puppe","Harjit"
"Sales",272685,"Trachtenberg","Emdad"
"Sales",272689,"Kleiser","Adil"
"Sales",272723,"Manders","Tran"
"Sales",272726,"Eppinger","Marsha"
"Sales",105886,"Mitchem","Stafford"
"Sales",270714,"Laurillard","Chenye"
"Sales",270699,"Vandervoorde","Barun"
"Sales",270677,"Pargaonkar","Yannik"
"Sales",459803,"Krider","Mizuhito"
"Sales",273162,"Trachtenberg","Jayesh"
"Sales",273180,"Denna","Sashi"
"Sales",295261,"Bondorf","Radhia"
"Sales",270616,"Kemmerer","Magy"
"Sales",270613,"Kusakari","Isamu"
"Sales",270609,"Zumaque","Manton"
"Sales",273411,"Fabrizio","Tetsushi"
"Sales",273415,"Aumann","Kazuhiro"
"Sales",273463,"Swen","Francesca"
"Sales",273467,"Skrikant","Lucian"
"Sales",270581,"Ritzmann","Duri"
"Sales",273502,"Schwartzburd","Sigeru"
"Sales",295259,"Kawashimo","Shuho"
"Sales",270369,"Slobodova","Baruch"
"Sales",270352,"Backhouse","Geoff"
"Sales",275251,"Shackel","Olivera"
"Sales",270351,"Ouhyoung","Heping"
"Sales",275258,"Dayana","Chuanti"
"Sales",459752,"Penz","Xiaoshan"
"Sales",250777,"Kading","Sudharsan"
"Sales",270272,"Huttel","Jouko"
"Sales",275338,"Rajaraman","Chinya"
"Sales",270169,"Jullig","Satosi"
"Sales",106138,"Giveon","Iara"
"Sales",270142,"DuBourdieux","Xuejun"
"Sales",270097,"Malinowski","Eirik"
"Sales",270078,"Lamba","Stafford"
"Sales",275787,"Vieth","Juyoung"
"Sales",275839,"Gomatam","Mang"
"Sales",106201,"Felder","Mabo"
"Sales",269929,"Clemencon","Lijia"
"Sales",275875,"Herbst","Elrique"
"Sales",275888,"Tibblin","Mohd"
"Sales",459604,"Benzaken","Leni"
"Sales",408815,"Polupanov","Khalid"
"Sales",276086,"Schaar","Giao"
"Sales",269905,"Beutelspacher","Eberhardt"
"Sales",269705,"Soloway","Kensyu"
"Sales",269700,"Langford","Guadalupe"
"Sales",276143,"Hedayat","Vishv"
"Sales",276153,"Copas","Kazuhito"
"Sales",408771,"Munro","Chanjung"
"Sales",269582,"Penn","Ramzi"
"Sales",459553,"Hasenauer","Moie"
"Sales",106349,"Deverell","Xiaopeng"
"Sales",269445,"Erez","Pranav"
"Sales",269177,"Azevdeo","Koldo"
"Sales",408748,"Panienski","Werner"
"Sales",276924,"Walstra","Adil"
"Sales",276953,"Erbe","Shahab"
"Sales",269162,"Bolsens","Djelloul"
"Sales",276970,"Farrel","Goh"
"Sales",269132,"Fabrizio","Elvis"
"Sales",269078,"Pesch","Gretta"
"Sales",251339,"Renear","Mohan"
"Sales",268843,"Michaels","Kenroku"
"Sales",277010,"Parfitt","Xuejia"
"Sales",268782,"Riesenhuber","Gao"
"Sales",459528,"Veevers","Sven"
"Sales",277030,"Bultermann","Indrajit"
"Sales",459463,"Denis","Akeel"
"Sales",277040,"Hebden","Nahum"
"Sales",268745,"Meszaros","Fan"
"Sales",106779,"Conta","Akemi"
"Sales",268715,"Peyn","Jaewoo"
"Sales",268714,"Luce","Sukumar"
"Sales",262962,"Cooke","Bader"
"Sales",106808,"Hitomi","Odinaldo"
"Sales",280300,"McClurg","Remmert"
"Sales",106810,"Denti","Boaz"
"Sales",268692,"Ginesta","Angel"
"Sales",268685,"Melter","Heejo"
"Sales",459412,"Zschoche","Insup"
"Sales",280391,"Spell","Niclas"
"Sales",268537,"Middleton","Billie"
"Sales",268463,"Pews","Nimmagadda"
"Sales",459403,"Eickenmeyer","Chenye"
"Sales",268371,"Krybus","Shahab"
"Sales",280442,"Danecki","Kinh"
"Sales",280449,"Montresor","Gritta"
"Sales",280486,"Heijenga","Barry"
"Sales",280512,"Trelles","Sumant"
"Sales",408737,"Aamodt","Leen"
"Sales",268335,"Merkl","Panayotis"
"Sales",268245,"Verhaegen","Sreenivas"
"Sales",280559,"Hemaspaandra","Moss"
"Sales",280580,"Terkki","Marl"
"Sales",268190,"Ermel","Paddy"
"Sales",268156,"Itzfeldt","Mahendra"
"Sales",268143,"Roohalamini","Arto"
"Sales",280637,"Klerer","Chriss"
"Sales",280645,"Maliniak","Kerryn"
"Sales",280701,"Hinsberger","Duangkaew"
"Sales",106864,"Chappelet","Divier"
"Sales",267973,"Butterworth","Kirk"
"Sales",459372,"Nannarelli","Make"
"Sales",280752,"Baalen","Licheng"
"Sales",280755,"Tibblin","Yoshinari"
"Sales",267885,"Boreale","Xiaoheng"
"Sales",280784,"Bauknecht","Giao"
"Sales",267878,"Flexer","Uno"
"Sales",280798,"Jording","Angus"
"Sales",280825,"Gulik","Kirk"
"Sales",267826,"Goldhammer","Atreyi"
"Sales",267812,"Minakawa","Dmitri"
"Sales",280870,"Whitcomb","Valdiodio"
"Sales",267770,"Skrikant","Vitali"
"Sales",261172,"Luit","Katsuyuki"
"Sales",280891,"Baba","Arno"
"Sales",267757,"Chorvat","Heather"
"Sales",267724,"Conia","Vivian"
"Sales",280962,"Slutz","Morrie"
"Sales",408512,"Rajcani","Ferdinand"
"Sales",281014,"Erdmenger","Jacopo"
"Sales",267640,"Dredge","Atreye"
"Sales",281027,"Apsitis","Kristinn"
"Sales",267635,"Peroz","Francesca"
"Sales",251383,"Ranum","Pasqua"
"Sales",281064,"Mateescu","Lijie"
"Sales",459256,"Speckmann","Zissis"
"Sales",408486,"Murillo","Eran"
"Sales",106999,"Hambrick","Marit"
"Sales",267620,"Terwilliger","Tua"
"Sales",267618,"Senzako","Ferdinand"
"Sales",267597,"Ruther","Lucian"
"Sales",458851,"Monarch","Larisa"
"Sales",267393,"Makinen","Hironobu"
"Sales",281339,"Babu","Sorina"
"Sales",281381,"Kushner","Shahar"
"Sales",281385,"Oxenboll","Georgi"
"Sales",267374,"Genther","Maia"
"Sales",267370,"Vilarrasa","Gal"
"Sales",267367,"Gihr","Giordano"
"Sales",267330,"Aingworth","Erzsebet"
"Sales",281410,"Busillo","Nathalie"
"Sales",267326,"Lakshmanan","Shuji"
"Sales",281419,"Matteis","Shaowen"
"Sales",267302,"Jarecki","Mantis"
"Sales",281435,"Junot","Subhada"
"Sales",458794,"Haumacher","Divier"
"Sales",281471,"Riesenhuber","Zissis"
"Sales",281482,"Gulik","Tzvetan"
"Sales",107097,"Badache","Kitty"
"Sales",281536,"Templeman","Remmert"
"Sales",267250,"Haldar","Wuxu"
"Sales",458772,"Bergere","Vesna"
"Sales",251450,"Setiz","Yishai"
"Sales",251977,"Lienhardt","Bingning"
"Sales",267137,"Matteis","Piyush"
"Sales",267134,"Vesna","Limsoon"
"Sales",267076,"Litecky","Hideyuki"
"Sales",281693,"Bain","Yahiko"
"Sales",281734,"Bardell","Syozo"
"Sales",281737,"Stiles","Lech"
"Sales",281741,"Chandrasekhar","Bogdan"
"Sales",251983,"Erva","Yakkov"
"Sales",281750,"Laventhal","Mohamadou"
"Sales",267016,"Papastamatiou","Hercules"
"Sales",281765,"Koyama","Shao"
"Sales",281789,"Stellhorn","Hidefumi"
"Sales",458679,"Douceur","Xuejun"
"Sales",266954,"Jansen","Mihalis"
"Sales",281866,"Bade","Manibrata"
"Sales",281870,"Giaccio","Yoshinari"
"Sales",281898,"Sevcikova","Sudhanshu"
"Sales",281996,"Puppo","King"
"Sales",282019,"Antonakopoulos","Satoru"
"Sales",282030,"Leslie","Sergi"
"Sales",282048,"Rouquie","Van"
"Sales",458623,"Manderick","Wuxu"
"Sales",408402,"Schrift","Karlis"
"Sales",266839,"Savasere","Sashi"
"Sales",107258,"Zaumen","Parviz"
"Sales",107261,"Murtha","Arunas"
"Sales",266727,"Lamba","Nathalie"
"Sales",266680,"Lamba","Qingxiang"
"Sales",266679,"Narahara","Stafford"
"Sales",266677,"Viele","Huai"
"Sales",282146,"Mapelli","JiYoung"
"Sales",458535,"Krohm","Shaowei"
"Sales",107334,"Peak","Rafail"
"Sales",107360,"Roccetti","Tru"
"Sales",107362,"Erman","Xiahua"
"Sales",458528,"Famili","Danco"
"Sales",282271,"Perl","Perla"
"Sales",282298,"Lubachevsky","Kwok"
"Sales",266554,"Meriste","Yakichi"
"Sales",266522,"Grabner","Caolyn"
"Sales",107380,"Demos","Matt"
"Sales",295124,"Decaestecker","Seongbae"
"Sales",282386,"Binkley","Masadi"
"Sales",266504,"Armand","Khaled"
"Sales",266469,"Masaki","Visit"
"Sales",266406,"Dalton","Duro"
"Sales",252041,"Malabarba","Zhaofang"
"Sales",266392,"Hardjono","Lorien"
"Sales",266361,"Hoogerwoord","Hironobu"
"Sales",266350,"Weedman","Byong"
"Sales",408354,"Pappas","Bowen"
"Sales",266315,"Boguraev","Taisook"
"Sales",282494,"Restivo","Freyja"
"Sales",282496,"Axelband","Yakichi"
"Sales",266301,"Mateescu","Patricio"
"Sales",458478,"Zongker","Guadalupe"
"Sales",282529,"Guenter","Dmitri"
"Sales",282561,"Ferriere","Sanjai"
"Sales",282569,"Kalloufi","Yechezkel"
"Sales",458467,"Christianini","Arvind"
"Sales",458462,"Rissanen","Eirik"
"Sales",107416,"Siegrist","Volkmar"
"Sales",282590,"Melton","Manibrata"
"Sales",266243,"Borovoy","Lech"
"Sales",266208,"Oehlmann","Lorien"
"Sales",282599,"Bach","Youjian"
"Sales",282601,"Matzat","Shay"
"Sales",266185,"Perl","Kazuhiro"
"Sales",266151,"Perfilyeva","Maya"
"Sales",282641,"Pellegrinelli","Dante"
"Sales",282642,"Stasinski","Xiadong"
"Sales",458389,"Kroha","Khosrow"
"Sales",252067,"Kemmerer","Weiyi"
"Sales",266087,"Ebeling","Bodh"
"Sales",408349,"Munos","Halsur"
"Sales",282700,"Zhiwei","Dietrich"
"Sales",282722,"Quadeer","Xiaocheng"
"Sales",265976,"Kawashimo","Jacqueline"
"Sales",458385,"Waeselynck","Collette"
"Sales",265974,"Ohori","Sumali"
"Sales",282813,"Baer","Turgut"
"Sales",282816,"Rosch","Yuguang"
"Sales",282819,"Erie","Bernt"
"Sales",282822,"Nitsch","Zongyan"
"Sales",265964,"Lorin","Haldon"
"Sales",282841,"Schwabacher","Alejandra"
"Sales",107662,"Feldhoffer","Weiru"
"Sales",265882,"Fontet","Francoise"
"Sales",265870,"Lamba","Zongyan"
"Sales",282922,"Thimonier","Ingemar"
"Sales",265813,"Businaro","Elliott"
"Sales",265810,"Erez","Martine"
"Sales",458384,"Bashian","Rutger"
"Sales",282997,"Chenney","Masato"
"Sales",265704,"Duclos","Xiong"
"Sales",283064,"Buchter","Martins"
"Sales",265293,"Hempstead","Herbert"
"Sales",283083,"Brickell","Angel"
"Sales",458372,"Yetto","Rasikan"
"Sales",107712,"Birjandi","Sumant"
"Sales",264942,"Kornyak","Mariangiola"
"Sales",264885,"Orlowska","Sudhanshu"
"Sales",408324,"Argence","Shigehito"
"Sales",264874,"Feldmann","Masasuke"
"Sales",283161,"Kavraki","Parto"
"Sales",107738,"Jansch","Lorien"
"Sales",283192,"Itzigehl","Willard"
"Sales",264755,"Benzmuller","Nitsan"
"Sales",283229,"Ohori","Morris"
"Sales",264748,"Penttonen","Qiwen"
"Sales",264736,"Attimonelli","Insup"
"Sales",283250,"Schmittgen","Mohan"
"Sales",283252,"Champarnaud","Ung"
"Sales",283255,"Gunderson","Nirmal"
"Sales",264729,"Dahlbom","Falguni"
"Sales",458314,"Swab","Yannis"
"Sales",264719,"Vendrig","Ebbe"
"Sales",458291,"Rabejac","Zissis"
"Sales",283297,"Hmelo","Vishv"
"Sales",283339,"Gurbaxani","Rutger"
"Sales",458277,"Kolinko","Ortrud"
"Sales",264473,"Selenyi","Rimon"
"Sales",458266,"Badache","Shahid"
"Sales",264457,"Leivant","Bernice"
"Sales",283405,"Zastre","Ebbe"
"Sales",283413,"Bahr","Mona"
"Sales",264435,"Sudkamp","Ung"
"Sales",264427,"Munro","TRUE"
"Sales",283434,"Dahlbom","Kaijung"
"Sales",283435,"Schmezko","Takahiro"
"Sales",283449,"Taubenfeld","Chikako"
"Sales",283489,"Munoz","Kerryn"
"Sales",283490,"Melter","Roddy"
"Sales",264390,"Waeselynck","Abdelghani"
"Sales",283529,"Ertl","Lucien"
"Sales",283535,"Henders","Yannik"
"Sales",107996,"Nitta","Licheng"
"Sales",264362,"Spell","Huai"
"Sales",295055,"Strehl","Kersti"
"Sales",264336,"Gunderson","Marsha"
"Sales",264310,"Waschkowski","Evgueni"
"Sales",283622,"Alpay","Ohad"
"Sales",283653,"Camurati","Neelam"
"Sales",283659,"Perna","Vasilis"
"Sales",264238,"Cochrane","Deborah"
"Sales",263854,"Peot","Urs"
"Sales",283705,"Kaltofen","Kayoko"
"Sales",283799,"England","Zhaofang"
"Sales",458147,"Ramsey","Erzsebet"
"Sales",283886,"Jeansoulin","Thanasis"
"Sales",284114,"Schnabel","Rosine"
"Sales",284117,"Gist","Alair"
"Sales",458112,"Hennings","Hironoby"
"Sales",458108,"Uhrik","Sachin"
"Sales",284216,"Carrera","Zijian"
"Sales",284242,"Zucker","Sastry"
"Sales",408313,"Muntz","Guenter"
"Sales",263234,"Rassart","Xiaocheng"
"Sales",263190,"Schreiter","Frederique"
"Sales",284285,"Karnin","Giap"
"Sales",263149,"Dichev","Chuanyi"
"Sales",458061,"Soicher","Jacopo"
"Sales",108273,"Niizuma","Takahito"
"Sales",284312,"Conta","Remmert"
"Sales",263103,"Chleq","Marke"
"Sales",263100,"Flanders","Pranay"
"Sales",263036,"Morrin","Along"
"Sales",284395,"Broder","Mariusz"
"Sales",108276,"Eiter","Holgard"
"Sales",458046,"Flowers","Moriyoshi"
"Sales",284442,"Stellhorn","Lokesh"
"Sales",458038,"Azumi","Radhia"
"Sales",284463,"Lorho","Sajjan"
"Sales",261315,"Schrift","Katsuo"
"Sales",284464,"Kohling","Danai"
"Sales",284476,"Nitsch","Hironobu"
"Sales",284490,"Szmurlo","Jayesh"
"Sales",108315,"Fujisaki","Shao"
"Sales",408304,"Lorin","Zongyan"
"Sales",284518,"Alencar","Susumu"
"Sales",261211,"Doering","Shaowei"
"Sales",252330,"Baalen","Ashish"
"Sales",259992,"Gulik","Jinxi"
"Sales",284667,"Menhardt","Jacqueline"
"Sales",284674,"Monarch","Krassimir"
"Sales",284676,"Narahari","Mori"
"Sales",284709,"Strehl","Chandrasekaran"
"Sales",259939,"Borovoy","Kauko"
"Sales",284723,"Ushiama","Izaskun"
"Sales",259877,"Magalhaes","Ghassan"
"Sales",458005,"Chaudhury","Conor"
"Sales",457989,"Emiris","Shridhar"
"Sales",259862,"Templeman","Foong"
"Sales",457974,"Babb","Kish"
"Sales",108420,"Pietrzykowski","Baruch"
"Sales",284803,"Chinal","Suebskul"
"Sales",284817,"Fioravanti","Ghassan"
"Sales",284836,"Hofting","Mokhtar"
"Sales",284858,"Cherinka","Tru"
"Sales",284862,"Ramsay","Erzsebet"
"Sales",108763,"Cooke","Sadegh"
"Sales",284875,"Emmart","Yechezkel"
"Sales",284877,"Chorvat","Satosi"
"Sales",408239,"Qiwen","Bojan"
"Sales",284902,"Picht","Serenella"
"Sales",284907,"Erez","Boalin"
"Sales",259027,"Codenie","Noritoshi"
"Sales",252343,"Kisuki","Slavian"
"Sales",259021,"Redmiles","Maris"
"Sales",284945,"Tchuente","Berto"
"Sales",284964,"Rosar","Yucel"
"Sales",259005,"Heuter","Emran"
"Sales",284968,"Klyachko","Manohar"
"Sales",258787,"Welham","Divine"
"Sales",295027,"Karner","Zeljko"
"Sales",284994,"Georgakopoulos","Gal"
"Sales",258768,"Rodham","Subhada"
"Sales",258767,"Czaja","Mingzeng"
"Sales",258745,"Conta","Hugo"
"Sales",285061,"Baja","Babette"
"Sales",285083,"Pettis","Zdislav"
"Sales",108793,"Kitai","Ziva"
"Sales",457973,"Maksimenko","Shahid"
"Sales",457966,"Bresenham","Mamdouh"
"Sales",285141,"Kushnir","Jingling"
"Sales",108810,"Gecsei","Ghassan"
"Sales",258459,"Businaro","Hidekazu"
"Sales",285176,"Coors","Aksel"
"Sales",285218,"Baez","Branimir"
"Sales",258388,"Gien","Houman"
"Sales",258383,"Hertweck","Yongqiao"
"Sales",285252,"Rosaz","Gennady"
"Sales",285265,"Angiulli","Saniya"
"Sales",256598,"Ratnakar","Yunming"
"Sales",285292,"Fordan","Gino"
"Sales",285304,"Pagter","Bezalel"
"Sales",256546,"Nooteboom","Hein"
"Sales",256541,"Uchoa","Huan"
"Sales",108816,"Gurbaxani","Volkmar"
"Sales",256495,"Uchoa","Berna"
"Sales",256485,"Jakobus","Taisook"
"Sales",285350,"Ramaiah","Behnaam"
"Sales",256430,"Nannarelli","Yinlin"
"Sales",256401,"Ambroszkiewicz","Moriyoshi"
"Sales",285423,"Weiland","Guttorm"
"Sales",108852,"Reinhart","Arco"
"Sales",285445,"Perz","Boaz"
"Sales",256341,"Candan","Parke"
"Sales",108869,"Vasanthakumar","Jinxi"
"Sales",256289,"Nittel","Joydip"
"Sales",108880,"Rosen","Berna"
"Sales",252411,"Merks","Amalendu"
"Sales",285584,"Tischendorf","Vishu"
"Sales",457843,"Stafford","Mats"
"Sales",256239,"Gadepally","Stein"
"Sales",256235,"Halevi","Oguz"
"Sales",108908,"Bondorf","Flemming"
"Sales",255237,"Camurati","Halsur"
"Sales",255168,"Ananiadou","Ziva"
"Sales",255118,"Ventosa","Duro"
"Sales",108925,"Serre","Yonghoan"
"Sales",285883,"Pelz","Snehasis"
"Sales",255062,"Zeidenstein","Yuriy"
"Sales",285937,"Murthy","Christoper"
"Sales",285938,"Hiraishi","Serenella"
"Sales",109101,"Hennings","Xianlong"
"Sales",285971,"Gimbel","Guenter"
"Sales",285983,"Magalhaes","Claudi"
"Sales",261395,"Highland","Hironobu"
"Sales",286006,"Vanwelkenhuysen","Masoud"
"Sales",286034,"Stafford","Kensei"
"Sales",408008,"Gien","Christ"
"Sales",407990,"Schlegelmilch","Atilio"
"Sales",254938,"Leivant","Angel"
"Sales",407943,"Masada","Bikash"
"Sales",252452,"Waleschkowski","Zijian"
"Sales",254903,"Lores","Xiaobin"
"Sales",254897,"Serot","KayLiang"
"Sales",254840,"Kaelbling","Pradeep"
"Sales",286238,"Lorch","Theron"
"Sales",286254,"Lalonde","Ipke"
"Sales",286289,"Wilfing","Eishiro"
"Sales",286306,"Schlegelmilch","Sreekrishna"
"Sales",286313,"Ghandeharizadeh","Hironobu"
"Sales",254583,"Ramalingam","Bernd"
"Sales",261411,"Kalefeld","Volkmar"
"Sales",286341,"Lipner","Baocai"
"Sales",254548,"Mondadori","Gao"
"Sales",286360,"Maccarone","Shigehiro"
"Sales",109215,"Harnett","Jacqueline"
"Sales",109224,"Zongker","Zhensheng"
"Sales",457770,"Nitsch","Ute"
"Sales",254512,"Harbusch","Utz"
"Sales",254314,"Kragelund","Maik"
"Sales",254246,"Thebaut","Marl"
"Sales",286575,"Dichev","Val"
"Sales",253919,"Kroft","Arne"
"Sales",253908,"Schaaf","Honesty"
"Sales",253879,"Hartvigsen","Tonny"
"Sales",253840,"Spieker","Yongmin"
"Sales",253778,"Litzkow","Sakthirel"
"Sales",286615,"Eterovic","Lokesh"
"Sales",286622,"Kalefeld","Shuji"
"Sales",253747,"Plotkin","Mohan"
"Sales",286639,"Pagter","Garnet"
"Sales",109453,"Matzel","Fei"
"Sales",253724,"Vadhan","Kwangsub"
"Sales",253670,"Conte","Sachin"
"Sales",253636,"Itschner","Yucel"
"Sales",253613,"Brender","Chaoyi"
"Sales",109457,"Rosiles","Stevo"
"Sales",253608,"Lamba","Mary"
"Sales",286788,"Farrow","Eldridge"
"Sales",109462,"Shokrollahi","Rafols"
"Sales",253576,"Bardell","Mizuhito"
"Sales",253528,"Codenie","Venkatesan"
"Sales",286866,"Ferriere","Pascal"
"Sales",286905,"Bressoud","Otilia"
"Sales",109502,"Langford","Kamakshi"
"Sales",286925,"Gladwell","Tsz"
"Sales",457620,"DuBourdieux","Saddek"
"Sales",457589,"Krybus","Tonia"
"Sales",287005,"Beutelspacher","Menkae"
"Sales",109533,"Isaac","Subhash"
"Sales",407939,"Gammage","Irena"
"Sales",287076,"Harnett","Almudena"
"Sales",287079,"Luef","Denny"
"Sales",457522,"Varker","Bokyung"
"Sales",109560,"Hoogerwoord","Ymte"
"Sales",252621,"Kavanagh","Basil"
"Sales",287124,"Soicher","Tremaine"
"Sales",252605,"Rande","Marjo"
"Sales",252574,"Soloway","Jeong"
"Sales",252573,"Guardalben","Rafael"
"Sales",252513,"Lund","Jungsoon"
"Sales",109585,"Fujisaki","Mona"
"Sales",252507,"DiGiano","Rimli"
"Sales",287263,"Fiebach","Georgy"
"Sales",252492,"Ghemri","Shounak"
"Sales",407871,"Wilfing","Christfried"
"Sales",287348,"Snedden","Eckart"
"Sales",287360,"Lindenbaum","Teruyuki"
"Sales",292444,"Gerlach","Leaf"
"Sales",252259,"Ermel","Mechthild"
"Sales",407821,"Famili","Mabo"
"Sales",457426,"Manders","Jaewon"
"Sales",252184,"Malinowski","Premal"
"Sales",252182,"Ellozy","Kaijung"
"Sales",287533,"Niizuma","Utz"
"Sales",287552,"Hockney","Idoia"
"Sales",252179,"DasSarma","Basant"
"Sales",109841,"Brizzi","Emran"
"Sales",261431,"Ranta","Xuedong"
"Sales",287591,"Motley","Abdelwaheb"
"Sales",287598,"Jiang","Bader"
"Sales",287600,"Vieth","Rajmohan"
"Sales",252161,"Back","Margareta"
"Sales",287614,"Molenaar","Mountaz"
"Sales",109887,"Bennis","Odysseas"
"Sales",287819,"Gargeya","Shaw"
"Sales",251944,"Driscoll","Alejandra"
"Sales",407779,"Delgrossi","Sigeru"
"Sales",457231,"Staylopatis","Francesca"
"Sales",251858,"Benzmuller","Elgin"
"Sales",251840,"Coors","Sasan"
"Sales",407761,"Birdsall","Odysseas"
"Sales",407754,"Ranft","Fun"
"Sales",287949,"Swist","Lihong"
"Sales",251798,"Oxenboll","Urs"
"Sales",407708,"Kushner","Mototsugu"
"Sales",457227,"Lichtman","Djenana"
"Sales",200429,"Benner","Irene"
"Sales",288007,"Perko","Xuejia"
"Sales",200442,"Murthy","Syozo"
"Sales",251738,"Swist","Bingning"
"Sales",294971,"Malinowski","Zine"
"Sales",288051,"Thibadeau","Murthy"
"Sales",288096,"Joslin","Radhika"
"Sales",251581,"Gubsky","Idoia"
"Sales",200480,"Harnett","Xianlong"
"Sales",288151,"Collavizza","Shuho"
"Sales",251513,"Gornas","George"
"Sales",457126,"Warwick","Hongzue"
"Sales",200489,"Vesel","Weiwu"
"Sales",251246,"Lundstrom","Goncalo"
"Sales",251213,"Zedlitz","Conor"
"Sales",251206,"Brizzi","Goetz"
"Sales",457125,"Krupka","Leah"
"Sales",200510,"Baranowski","Kien"
"Sales",251128,"Kuzuoka","Sashi"
"Sales",288255,"Quittner","Debaprosad"
"Sales",288266,"Ladret","Angel"
"Sales",200519,"Janocha","Zhenhua"
"Sales",200523,"Shumilov","Woody"
"Sales",251070,"Theuretzbacher","Genevieve"
"Sales",288372,"Schaar","Dmitri"
"Sales",251008,"Rotem","Mari"
"Sales",288419,"Malinowski","Irene"
"Sales",200573,"Parveen","Hugo"
"Sales",250990,"Akiyama","Vasilii"
"Sales",288450,"Klerer","Baziley"
"Sales",250989,"Herbst","Bader"
"Sales",288493,"Cullers","Arif"
"Sales",250978,"Matzen","JoAnna"
"Sales",288510,"Velasco","Jiafu"
"Sales",288517,"Kuzuoka","Sukumar"
"Sales",288533,"Siprelle","Elvis"
"Sales",457100,"Gien","Ramzi"
"Sales",288543,"Swick","Denny"
"Sales",250937,"Krychniak","Chanjung"
"Sales",288574,"Paludetto","Fayez"
"Sales",288580,"Demke","Chinho"
"Sales",250933,"Muniz","Beshir"
"Sales",288616,"Coors","Baocai"
"Sales",250882,"Masand","Chenyi"
"Sales",200834,"Hatcliff","Jiang"
"Sales",252703,"Beausoleil","Barna"
"Sales",292436,"Gammage","Ult"
"Sales",250624,"Oehlmann","Mayuri"
"Sales",200865,"Reeken","Collette"
"Sales",288750,"Gist","Weiye"
"Sales",250583,"Trelles","Cristinel"
"Sales",456819,"Ohori","Gilbert"
"Sales",250571,"Heyers","Gopalakrishnan"
"Sales",456811,"Tsunoo","Masaru"
"Sales",289223,"Perl","Chikako"
"Sales",289228,"Zyda","Sanjai"
"Sales",250549,"Tagansky","Moon"
"Sales",290318,"Schlenzig","Lokesh"
"Sales",250484,"Undy","Odysseas"
"Sales",250481,"Passino","Zine"
"Sales",200887,"Akazan","Valeska"
"Sales",200901,"Duclos","Divier"
"Sales",250463,"Brattka","Anwar"
"Sales",250424,"Dulli","Geoffry"
"Sales",290403,"Riefers","Kazuhira"
"Sales",200903,"Casperson","Masaki"
"Sales",250401,"Bonifati","Keung"
"Sales",290441,"Collavizza","Gregory"
"Sales",252714,"Lienhardt","Hsiangchu"
"Sales",250344,"Kambil","Shuichi"
"Sales",290675,"Kleiser","Chenye"
"Sales",407641,"Curless","Perla"
"Sales",290763,"Zlotek","Pantung"
"Sales",250286,"Schaft","Przemyslawa"
"Sales",292145,"Sadowsky","Teruyuki"
"Sales",250243,"Suomi","Arup"
"Sales",292175,"Perry","Basim"
"Sales",200988,"Thambidurai","Shaw"
"Sales",292251,"Montemayor","Mahendra"
"Sales",456724,"Talmor","Anneli"
"Sales",292297,"Orlowski","Rosli"
"Sales",292308,"Serdy","Aruna"
"Sales",250059,"Masamoto","Naraig"
"Sales",456717,"Maraist","Jiafu"
"Sales",201057,"Kermarrec","Weiwu"
"Sales",250057,"Siksek","Yoshinari"
"Sales",250024,"Rijsenbrij","Beshir"
"Sales",292518,"Welham","Mary"
"Sales",292533,"Muchinsky","Zine"
"Sales",292554,"Heuser","Steen"
"Sales",249987,"Huxford","Jiong"
"Sales",252741,"Talmon","Kwun"
"Sales",292596,"Lamba","Hideo"
"Sales",249744,"Dengi","Rance"
"Sales",201079,"Ghandeharizadeh","Fumiko"
"Sales",249684,"Hockney","Aram"
"Sales",249673,"Klerer","Naraig"
"Sales",293056,"Hoogerwoord","Jagoda"
"Sales",456667,"Loncour","Mototsugu"
"Sales",249650,"Perri","Sachin"
"Sales",249557,"Luon","Shaw"
"Sales",249552,"Koblitz","Heather"
"Sales",201811,"Gulak","Tuval"
"Sales",249275,"Matheson","Urs"
"Sales",249268,"Solares","Manu"
"Sales",201823,"Cardazo","Badri"
"Sales",293840,"Genther","Masadi"
"Sales",293852,"Monkewich","Naftaly"
"Sales",249199,"Antonisse","Boriana"
"Sales",249141,"Gewali","Jamaludin"
"Sales",248956,"Bain","Rimli"
"Sales",252749,"Yeung","Akhilish"
"Sales",248955,"Trumbly","Clyde"
"Sales",293946,"Merro","Nadjib"
"Sales",248932,"Stenning","Freyja"
"Sales",456370,"Griswold","Richard"
"Sales",456365,"Facello","Shao"
"Sales",456321,"Dalton","Felicidad"
"Sales",248906,"Beeson","Paris"
"Sales",456224,"Vitiello","Halsur"
"Sales",248864,"Rosiles","Mostafa"
"Sales",456130,"Herath","Arch"
"Sales",294232,"Salvesen","Kasturi"
"Sales",248823,"Peha","Achilleas"
"Sales",248816,"Vigier","Shin"
"Sales",248803,"Luft","Younwoo"
"Sales",456100,"Lalonde","Monique"
"Sales",294281,"Peha","Taisook"
"Sales",248427,"Schicker","Jianhua"
"Sales",296017,"Ruemmler","Sibyl"
"Sales",407602,"Ponthieu","Seshu"
"Sales",296036,"Bernatsky","Teiji"
"Sales",456004,"Menyhert","Gregory"
"Sales",455982,"Krohn","Amalendu"
"Sales",296058,"Itschner","Adel"
"Sales",296073,"Gopalakrishnan","Hirochika"
"Sales",252759,"Engberts","Teunis"
"Sales",407600,"Stentiford","Leon"
"Sales",248353,"Genther","Aleksander"
"Sales",248332,"Impagliazzo","Breannda"
"Sales",296352,"Goodrum","Huai"
"Sales",455728,"Kalafatis","Genta"
"Sales",455718,"Broder","Elvis"
"Sales",252770,"Penttonen","Piyawadee"
"Sales",247999,"Mungall","Goa"
"Sales",247757,"Chinal","Stella"
"Sales",296484,"Thebaut","Reinhold"
"Sales",247748,"Piancastelli","Ranan"
"Sales",296492,"Hofting","Thanasis"
"Sales",296666,"Stemann","Terresa"
"Sales",296674,"Schicker","Nechama"
"Sales",247693,"Baer","Fumiya"
"Sales",296707,"Redmiles","Aimee"
"Sales",455681,"Vecchio","Ferdinand"
"Sales",296725,"Flowers","Aluzio"
"Sales",296728,"Nicolson","Emran"
"Sales",252771,"Perfilyeva","Christ"
"Sales",247348,"Lanzelotte","Bangqing"
"Sales",247320,"Heemskerk","Jiang"
"Sales",296820,"Camarinopoulos","Stepehn"
"Sales",296821,"Cooman","Charlene"
"Sales",247309,"Gajiwala","Tsuneo"
"Sales",247091,"Pardalos","Idoia"
"Sales",296856,"Weiland","Naraig"
"Sales",247049,"Krzyzanowski","Kannan"
"Sales",247046,"Schmittgen","Tomoyuki"
"Sales",407578,"Falck","Kazuhide"
"Sales",296886,"Veevers","Renee"
"Sales",247030,"Munawer","Vasiliy"
"Sales",296893,"Weedon","Nitsan"
"Sales",247019,"Panangaden","Urs"
"Sales",407541,"Petereit","Ung"
"Sales",247007,"Matzov","Ugo"
"Sales",296906,"Gips","Fumiyo"
"Sales",246987,"Nishimukai","Khue"
"Sales",246904,"Armand","Carrsten"
"Sales",246893,"Ramamoorthy","Gadiel"
"Sales",246883,"Gulla","Tooru"
"Sales",296981,"Fujisawa","Seshu"
"Sales",296998,"Wiegley","Zejun"
"Sales",297012,"Perin","Krisda"
"Sales",246798,"Strooper","Tianruo"
"Sales",202605,"Merel","Hercules"
"Sales",297112,"Cappelletti","Mads"
"Sales",246424,"Gimbel","Zhaofang"
"Sales",455675,"Cmelik","Fumitaka"
"Sales",297203,"Woycyznski","Moheb"
"Sales",246366,"Cummings","Lijia"
"Sales",246319,"Spataro","Kwangho"
"Sales",297270,"Zucker","Masoud"
"Sales",297275,"Leijenhorst","Rosli"
"Sales",202666,"Janetzko","Akemi"
"Sales",297296,"Lichtner","Ronnie"
"Sales",246317,"Olano","Adly"
"Sales",294970,"Rosay","Peer"
"Sales",202698,"Danlos","Danil"
"Sales",297716,"Birrer","Peer"
"Sales",246310,"Rosch","Sumali"
"Sales",246296,"Assaf","Guadalupe"
"Sales",297763,"Feldmann","Temple"
"Sales",246292,"Denna","Tamiya"
"Sales",246109,"Morrow","Dipayan"
"Sales",297805,"Maquelin","Danel"
"Sales",246051,"Niizuma","Jaber"
"Sales",246013,"Goldhammer","Moie"
"Sales",246001,"Wallrath","Nevio"
"Sales",297856,"Hainaut","Gopalakrishnan"
"Sales",245999,"Mamelak","Phuoc"
"Sales",455573,"Azumi","Adil"
"Sales",202723,"Yemenis","Arunachalam"
"Sales",455547,"Gilg","Marjo"
"Sales",245955,"Wroclawski","Tiina"
"Sales",297925,"Heemskerk","Nahla"
"Sales",455518,"Melter","Stevo"
"Sales",245730,"Terlouw","Tua"
"Sales",455509,"Stranks","Guadalupe"
"Sales",297974,"Fontan","Maja"
"Sales",245708,"Thambidurai","JiYoung"
"Sales",252832,"Gilg","Katsuyuki"
"Sales",245615,"Lanzelotte","Dayanand"
"Sales",245611,"Randi","Arup"
"Sales",245241,"Xiaoshan","Yefim"
"Sales",298052,"Alpin","Aleksander"
"Sales",245196,"Chartres","Randi"
"Sales",298084,"Parveen","Gully"
"Sales",455476,"Speek","Limsoon"
"Sales",298111,"Thibadeau","Leszek"
"Sales",298120,"Morrey","Vasiliy"
"Sales",298145,"Fadgyas","Lubomir"
"Sales",298361,"Lorcy","Chikara"
"Sales",242918,"Fontet","Edwin"
"Sales",202964,"Baja","Danny"
"Sales",242885,"Mondadori","Billur"
"Sales",298410,"Khasidashvili","Arie"
"Sales",242864,"Keohane","Masaki"
"Sales",242862,"Leonhardt","Mario"
"Sales",242858,"Hanratty","Mohammed"
"Sales",298457,"Bashian","Zeljko"
"Sales",242852,"Morrow","Nikolaus"
"Sales",242823,"Pesch","Florian"
"Sales",455378,"Shihab","Gonzalo"
"Sales",242785,"Gulak","Boalin"
"Sales",242765,"Esteva","Herbert"
"Sales",242738,"Rando","Srinidhi"
"Sales",455373,"Eiter","Shimshon"
"Sales",242701,"Heering","Shuji"
"Sales",242697,"Kohling","Shuho"
"Sales",298760,"Benaini","Gad"
"Sales",203053,"Luke","Shrikanth"
"Sales",407473,"Qiwen","Oddvar"
"Sales",242663,"Ranze","Tse"
"Sales",298803,"Avouris","Miomir"
"Sales",298823,"Hettesheimer","Georgy"
"Sales",455346,"Khamsi","Kaijung"
"Sales",203088,"Braunschweig","Hairong"
"Sales",298859,"Dehkordi","Shuji"
"Sales",203265,"Muhlberg","Aleksandar"
"Sales",203268,"Poujol","Uno"
"Sales",242507,"Mundy","Dante"
"Sales",455316,"Kavraki","Aleksander"
"Sales",242503,"Krogh","Volkmar"
"Sales",242483,"Guenter","Zhonghua"
"Sales",407456,"Haraldson","Heekeun"
"Sales",242475,"Minakawa","Domenico"
"Sales",455270,"Haraldson","Sadegh"
"Sales",203309,"Tsukuda","Constantine"
"Sales",203324,"Ladret","Pranav"
"Sales",298959,"Soicher","Nimmagadda"
"Sales",242463,"Kropatsch","Changho"
"Sales",298978,"Basagni","Irena"
"Sales",242444,"Speer","Isaac"
"Sales",298994,"Peek","Juyoung"
"Sales",242435,"Speel","Basim"
"Sales",252862,"Schicker","Shahab"
"Sales",299154,"Hitomi","Hideo"
"Sales",242268,"Warwick","Marc"
"Sales",299189,"Yetim","JiYoung"
"Sales",242068,"Solovay","Masadi"
"Sales",242042,"Kilgore","Moty"
"Sales",455265,"Jiafu","Doohun"
"Sales",242022,"Morrow","Turgut"
"Sales",455247,"Dahlbom","Huan"
"Sales",203364,"Herber","Spyrose"
"Sales",299277,"Straney","Clyde"
"Sales",299329,"Brattka","Maja"
"Sales",203386,"Plessier","Yongmao"
"Sales",455055,"Malabarba","Val"
"Sales",299391,"Masada","Leah"
"Sales",261509,"Babb","Shugo"
"Sales",299400,"Schrooten","Qingxiang"
"Sales",241712,"Kitsuregawa","Tokuyasu"
"Sales",241676,"Kawashimo","Taizo"
"Sales",455016,"Kamble","Garnet"
"Sales",454980,"Plumb","Fan"
"Sales",299428,"Serre","Turgut"
"Sales",203411,"Isard","Abdelwaheb"
"Sales",241659,"Ladret","Ibibia"
"Sales",203435,"Validov","Gal"
"Sales",241213,"Fritzsche","Kazuhito"
"Sales",454932,"Zaiane","Sampalli"
"Sales",454930,"Sigstam","Chanjung"
"Sales",203461,"Staudhammer","Xiaobin"
"Sales",454922,"Farrag","Harjit"
"Sales",241186,"Zwicker","Renny"
"Sales",299692,"Mitina","Seshu"
"Sales",203470,"Feldmann","Vitaly"
"Sales",299736,"Benzmuller","Mingzeng"
"Sales",454911,"Herath","Krister"
"Sales",454887,"Lorin","Odinaldo"
"Sales",240901,"Detkin","Hironobu"
"Sales",299786,"Vanwelkenhuysen","Dietrich"
"Sales",240892,"Wiegley","Charlene"
"Sales",299797,"Ermel","Lucien"
"Sales",203499,"Daescu","Rimli"
"Sales",299822,"Stavenow","Mabhin"
"Sales",299832,"Skafidas","Remzi"
"Sales",240865,"Sewelson","Ziva"
"Sales",400018,"Chachaty","Aral"
"Sales",407348,"Shigei","Chenye"
"Sales",400070,"Steinauer","Radhika"
"Sales",240864,"Melter","Vishv"
"Sales",400082,"Janetzko","Vidya"
"Sales",400122,"Heiserman","Eldridge"
"Sales",240817,"Radivojevic","Serap"
"Sales",203555,"Brlek","Hairong"
"Sales",252924,"Bazzichi","Kazuhisa"
"Sales",240701,"Goodrum","Xuedong"
"Sales",240677,"Kavanagh","Mingzeng"
"Sales",240647,"Hopewell","Renee"
"Sales",240582,"Ertl","Lihong"
"Sales",203581,"Ghelli","Harjit"
"Sales",240567,"Vidal","Moto"
"Sales",400312,"Kisuki","Shalesh"
"Sales",400345,"Butterworth","Fumiyo"
"Sales",400349,"Krichel","Arvin"
"Sales",400356,"Comte","Collette"
"Sales",454834,"Unni","Teiji"
"Sales",454808,"Erbe","Youpyo"
"Sales",454802,"McAlpine","JoAnne"
"Sales",400403,"Krybus","Niranjan"
"Sales",454782,"Lung","Elzbieta"
"Sales",203631,"Schaaf","Nakhoon"
"Sales",407332,"Goldhammer","Tomokazu"
"Sales",240004,"Veevers","Danel"
"Sales",400513,"Teitelbaum","Shimshon"
"Sales",203665,"Nanard","Kiyotoshi"
"Sales",239962,"Ossenbruggen","Owen"
"Sales",400540,"Nishimukai","Arie"
"Sales",407288,"Schlenzig","Zeydy"
"Sales",239951,"Uhrik","Deniz"
"Sales",454754,"Skogmar","Bernd"
"Sales",239941,"Eugenio","Tristan"
"Sales",400629,"Gopalakrishnan","Jinya"
"Sales",454738,"Coorg","Masaru"
"Sales",239697,"Grabner","Arra"
"Sales",203720,"Thimonier","Sasan"
"Sales",400720,"Gecseg","Nobuyoshi"
"Sales",407268,"Capobianchi","Stepehn"
"Sales",239599,"Kitai","Weijing"
"Sales",400775,"Ghalwash","Oldrich"
"Sales",400813,"Yoshimura","Sanjiv"
"Sales",253149,"Murrill","Ramya"
"Sales",203765,"Kropatsch","Fai"
"Sales",239527,"Pollacia","Boutros"
"Sales",400884,"Picci","Lalit"
"Sales",239414,"Renear","Sverrir"
"Sales",239381,"Kulisch","Prodip"
"Sales",239250,"Paludetto","Kazuhide"
"Sales",400923,"Ellozy","Jiang"
"Sales",407251,"Garnier","Leucio"
"Sales",239067,"Pocchiola","Tadahiko"
"Sales",401011,"Cooman","Hideo"
"Sales",401013,"Scallan","Lijia"
"Sales",454644,"Ecklund","Marla"
"Sales",238945,"Deyuan","Miyeon"
"Sales",454629,"Deverell","Subhash"
"Sales",203828,"Rothenberg","Vitaly"
"Sales",203829,"Luan","Shugo"
"Sales",238944,"Crouzet","Kazuhira"
"Sales",261511,"Androutsos","Shiv"
"Sales",253187,"Marwedel","Shahar"
"Sales",454621,"Szemeredi","Cordelia"
"Sales",238937,"Prampolini","Boriana"
"Sales",238873,"Hartvigsen","Zongyan"
"Sales",203866,"Warwick","Reuven"
"Sales",401172,"Baezner","Anneli"
"Sales",401174,"Fiutem","Mana"
"Sales",238840,"Waschkowski","Tuval"
"Sales",401182,"Tsunoo","Unal"
"Sales",401357,"Liesche","Weiru"
"Sales",238836,"Merlo","Gopalakrishnan"
"Sales",454616,"Castellani","Avishai"
"Sales",454600,"Hanratty","Subhash"
"Sales",238765,"Karner","Akeno"
"Sales",238214,"Kermarrec","Isaac"
"Sales",454596,"Nivat","Taiji"
"Sales",253192,"Verhaegen","Ronnie"
"Sales",401485,"Borstler","Sibyl"
"Sales",401490,"Bernatsky","Heping"
"Sales",401873,"Koprowski","Rajmohan"
"Sales",401874,"Passino","Indrajit"
"Sales",401930,"Schurmann","Douadi"
"Sales",238131,"Besselaar","Wojceich"
"Sales",401984,"Sethi","Turgut"
"Sales",402011,"Hatcliff","Bodo"
"Sales",402193,"Matzat","Uinam"
"Sales",407097,"Mellouli","Chuanyi"
"Sales",402215,"Boguraev","Susanta"
"Sales",402216,"Cools","Filipe"
"Sales",402242,"Boissier","Toney"
"Sales",407093,"Suwa","Mohammed"
"Sales",238053,"Baca","Lein"
"Sales",238010,"Rassart","Rimon"
"Sales",238004,"Reeken","Mariusz"
"Sales",407091,"Conde","Magy"
"Sales",402333,"Bahi","Barna"
"Sales",402406,"Larfeldt","Mats"
"Sales",204002,"Showalter","Hatim"
"Sales",402430,"Ernst","Atreye"
"Sales",237765,"Bolotov","Yinghua"
"Sales",294943,"Gimbel","Aamod"
"Sales",454381,"Oxenboll","Serenella"
"Sales",237725,"Velardi","Nathalie"
"Sales",237709,"Stafford","Terresa"
"Sales",204024,"Eterovic","Alenka"
"Sales",237670,"Zallocco","Yannis"
"Sales",237665,"Madeira","Ronghao"
"Sales",237627,"Grandbois","Bangqing"
"Sales",402717,"Schmittgen","Badri"
"Sales",237618,"Quittner","Moty"
"Sales",253290,"Cappello","Thodoros"
"Sales",407068,"Bail","Woody"
"Sales",253300,"Schiettecatte","Alois"
"Sales",402825,"Zyda","Djelloul"
"Sales",237584,"Hoppenstand","Premal"
"Sales",204052,"Melter","Navid"
"Sales",402854,"Llado","Tze"
"Sales",402897,"Kabayashi","Geraldo"
"Sales",454322,"Delaune","Dulce"
"Sales",237559,"Sambasivam","Shaleah"
"Sales",454280,"Stamatiou","Marsal"
"Sales",454275,"Thambidurai","Satyanarayana"
"Sales",237409,"Heusch","Navid"
"Sales",454266,"Osgood","Mahendra"
"Sales",454261,"Schaaf","Gor"
"Sales",237337,"Vuskovic","Heekeun"
"Sales",237316,"Walstra","Mona"
"Sales",237294,"Hoppenstand","Leandro"
"Sales",403026,"Baik","Djenana"
"Sales",403037,"Cyne","Jianwen"
"Sales",403042,"Gubsky","Lunjin"
"Sales",403052,"Boyle","Tsz"
"Sales",253301,"Dredge","Valeri"
"Sales",403095,"Backhouse","Taisook"
"Sales",403104,"Parfitt","Vasilis"
"Sales",403137,"Usery","Steve"
"Sales",204124,"Hennings","Duro"
"Sales",204134,"Hofmeyr","Xiaobin"
"Sales",237253,"Bisiani","Jianhao"
"Sales",403189,"Ibel","Larisa"
"Sales",403194,"Bierman","Kirk"
"Sales",403200,"McClurg","Remco"
"Sales",237211,"Lorcy","Xudong"
"Sales",204139,"Cummings","Fai"
"Sales",237208,"Thombley","Zejun"
"Sales",403296,"Backhouse","Seongbae"
"Sales",237181,"Riexinger","Moni"
"Sales",237176,"Matzel","Nadjib"
"Sales",403333,"Vadhan","Maris"
"Sales",405532,"Menyhert","Takanari"
"Sales",204191,"Maliniak","DAIDA"
"Sales",237089,"Benaini","Gully"
"Sales",261526,"Munro","Fumiyo"
"Sales",204205,"Mamelak","JoAnna"
"Sales",237079,"Schach","Ashish"
"Sales",405583,"Reeker","Gretta"
"Sales",405588,"Harbusch","Yechiam"
"Sales",405594,"Unni","Sudharsan"
"Sales",405612,"Cincotta","Fusako"
"Sales",405636,"Back","Khalil"
"Sales",236957,"Matzen","Marsal"
"Sales",253339,"Erol","Fabrizio"
"Sales",236953,"Roccetti","Djenana"
"Sales",405644,"Joslin","Hongzhu"
"Sales",405681,"Kamble","Maya"
"Sales",405869,"Mayerwieser","Mamdouh"
"Sales",405871,"Haumacher","Premsyl"
"Sales",236793,"Jullig","Panayotis"
"Sales",405878,"Yemenis","Genta"
"Sales",236773,"Flanders","Shiv"
"Sales",405933,"Bolotov","Becky"
"Sales",405935,"Thimonier","Saddek"
"Sales",405936,"Provine","Suebskul"
"Sales",405943,"Basagni","Neelam"
"Sales",236768,"Gente","Jaideep"
"Sales",236702,"Montemayor","Mandell"
"Sales",454103,"Otillio","Moss"
"Sales",407056,"Strandh","Dung"
"Sales",236670,"Staylopatis","Seongbae"
"Sales",236640,"Norsworthy","Ortrud"
"Sales",406027,"Vrecion","Tadahiko"
"Sales",406028,"Linnainmaa","Sham"
"Sales",204329,"Lamparter","Premsyl"
"Sales",236397,"Cools","Freyja"
"Sales",406216,"Ciolek","Qiwen"
"Sales",407042,"Wiegley","Mong"
"Sales",454096,"Kamber","Rosalie"
"Sales",406269,"Zastre","Bangqing"
"Sales",236387,"Porotnikoff","Hatem"
"Sales",406275,"Shokrollahi","Izaskun"
"Sales",454079,"Terwilliger","Rutger"
"Sales",406319,"Angiulli","Khosrow"
"Sales",236361,"Demri","Xiaoheng"
"Sales",406364,"Litvinov","Phule"
"Sales",204372,"Woycyznski","Jasminko"
"Sales",454025,"Rosenbaum","Arif"
"Sales",236296,"Uehara","Danel"
"Sales",236259,"Mondadori","Baruch"
"Sales",406610,"Nanard","Nadjib"
"Sales",406633,"Unno","Kensyu"
"Sales",406841,"Garnham","Xuejia"
"Sales",406656,"Beausoleil","Susuma"
"Sales",236035,"Eastman","Pintsang"
"Sales",236013,"Passino","Heather"
"Sales",406902,"Back","Fox"
"Sales",204385,"Tchuente","Fumino"
"Sales",406952,"Baaz","Arve"
"Sales",406959,"Jakobus","Yongmin"
"Sales",235940,"Chorvat","Leah"
"Sales",406997,"Vasanthakumar","Kazunori"
"Sales",406998,"Eugenio","Seongbae"
"Sales",407002,"Peyn","Kenton"
"Sales",204403,"Ranum","Denis"
"Sales",235846,"Emmerich","Anneke"
"Sales",204412,"Luan","Jessie"
"Sales",235816,"Tokunaga","Berthier"
"Sales",235791,"Escriba","Marke"
"Sales",408608,"Skafidas","Hyuncheol"
"Sales",235786,"Schlumberger","Przemyslawa"
"Sales",235730,"Reinhard","Phuoc"
"Sales",235633,"Vasanthakumar","Sakthirel"
"Sales",453970,"Stassinopoulos","Taegyun"
"Sales",235559,"Wilharm","Jiafu"
"Sales",294922,"Albarhamtoshy","Kauko"
"Sales",408689,"Lemarechal","Leni"
"Sales",408696,"Bhattacharjee","Neelam"
"Sales",408889,"Collavizza","Premsyl"
"Sales",204458,"Rossi","Angel"
"Sales",408920,"Setia","Ulf"
"Sales",453960,"Montemayor","Jaewoo"
"Sales",292426,"Yetim","Berto"
"Sales",235466,"Neimat","Gretta"
"Sales",408963,"Bail","Ramya"
"Sales",408978,"Czap","Sudharsan"
"Sales",406817,"Awdeh","Masami"
"Sales",453953,"Krone","Vatsa"
"Sales",453932,"Gischer","Eirik"
"Sales",235384,"Zeilberger","Mohamadou"
"Sales",453930,"Ramsey","Sachem"
"Sales",409803,"Peron","Berhard"
"Sales",235297,"Segond","Jeanna"
"Sales",261556,"Camurati","Mary"
"Sales",453911,"Cardazo","Jeanne"
"Sales",235181,"Polajnar","Duangkaew"
"Sales",453869,"Badache","Chinya"
"Sales",235145,"Nishimukai","Jiang"
"Sales",235099,"Munos","Zhigen"
"Sales",204597,"Salinas","Xiaobin"
"Sales",235090,"Velasco","Somnath"
"Sales",235050,"Vesna","Aleksandar"
"Sales",235023,"Pesch","Gor"
"Sales",235019,"Peir","Tooru"
"Sales",410828,"Rodite","Jungsoon"
"Sales",453843,"Gerteisen","Gina"
"Sales",253476,"Kornyak","Zhaofang"
"Sales",410911,"Baaleh","Mads"
"Sales",410912,"Khalid","Masoud"
"Sales",234869,"Cronin","Zhongwei"
"Sales",410933,"Baak","Garnet"
"Sales",410937,"Peral","Florina"
"Sales",234852,"Wissmann","Kitty"
"Sales",410966,"Cooman","Juichirou"
"Sales",410981,"Lorho","Mohamadou"
"Sales",410992,"Maquelin","Leucio"
"Sales",234781,"Parhami","Aran"
"Sales",234754,"Walston","Jingling"
"Sales",234432,"Jansch","DAIDA"
"Sales",253478,"Heuser","Idoia"
"Sales",411095,"Mundy","Basant"
"Sales",254001,"Ranta","Caolyn"
"Sales",411124,"Iwayama","Manohar"
"Sales",411125,"Simmen","Karlis"
"Sales",411142,"Gubsky","Youssef"
"Sales",234188,"Rotem","Sreenivas"
"Sales",254024,"Ernst","Richard"
"Sales",411161,"Chaudhury","Yucel"
"Sales",406800,"Colorni","Cheong"
"Sales",411188,"Chimia","Val"
"Sales",411213,"Shobatake","Elrique"
"Sales",234056,"Perng","Udaiprakash"
"Sales",411487,"Vakili","Marsal"
"Sales",411526,"Einsfeld","Christoph"
"Sales",411529,"Lubachevsky","Clyde"
"Sales",233891,"Millington","Masaki"
"Sales",233890,"Kamble","Van"
"Sales",233864,"Schaft","Dekang"
"Sales",233862,"Rosiles","Xiaoqiu"
"Sales",233803,"Asser","Eran"
"Sales",411739,"Litvinov","Valdiodio"
"Sales",254080,"Varley","Xuedong"
"Sales",233748,"Herath","Alper"
"Sales",453776,"Bridgland","Mohamadou"
"Sales",233737,"Botman","Basant"
"Sales",233711,"Simkin","Parke"
"Sales",411834,"Beetstra","Fusako"
"Sales",233663,"Barvinok","Kasidit"
"Sales",233658,"Hiroyama","Goetz"
"Sales",233596,"Plump","Srinidhi"
"Sales",233577,"Llado","Duangkaew"
"Sales",233504,"Sullins","Niclas"
"Sales",233479,"Morris","Zita"
"Sales",411947,"Baranowski","Hinrich"
"Sales",411965,"Chinin","Youssef"
"Sales",411999,"Gopalakrishnan","Fumitake"
"Sales",412102,"Gerlach","Nadjib"
"Sales",412108,"Vesel","Macha"
"Sales",412112,"Zumaque","Greger"
"Sales",232866,"Sewelson","Sivanarayana"
"Sales",232836,"Mamelak","Shigenori"
"Sales",412197,"Plavsic","Harjit"
"Sales",232801,"Legleitner","Krassimir"
"Sales",232761,"Michaeli","Takushi"
"Sales",232733,"Morrin","Xinan"
"Sales",453729,"Schnabel","Xuejun"
"Sales",453709,"Hofstetter","Gretta"
"Sales",205027,"Wilharm","Maren"
"Sales",254106,"Krohm","Georgi"
"Sales",412406,"Parfitt","Hein"
"Sales",412421,"Demos","Gina"
"Sales",205044,"Eiter","Marie"
"Sales",232716,"Bruckman","Manu"
"Sales",232713,"Sethi","Aloke"
"Sales",412503,"Zlotek","Xianlong"
"Sales",412511,"Angelov","Abdulah"
"Sales",232381,"Tempesti","Siddarth"
"Sales",412588,"Broder","Quingbo"
"Sales",232364,"Vuskovic","Hauke"
"Sales",412608,"Keustermans","Claude"
"Sales",232300,"Keohane","Conal"
"Sales",232279,"Speek","Mechthild"
"Sales",205087,"Foote","Hauke"
"Sales",412714,"Takkinen","Janche"
"Sales",231959,"Hatcliff","Adib"
"Sales",205092,"Spieker","Masako"
"Sales",453602,"Genther","Mart"
"Sales",231956,"Birjandi","Spyrose"
"Sales",453589,"Molberg","Zijian"
"Sales",413205,"Prampolini","Mototsugu"
"Sales",231893,"Brizzi","Shigeichiro"
"Sales",453548,"Yavatkar","Herbert"
"Sales",413255,"Murtafg","Shooichi"
"Sales",231868,"Holburn","Owen"
"Sales",231855,"Cangellaris","Saddek"
"Sales",453532,"Speer","Billie"
"Sales",413301,"Langford","Xiaoheng"
"Sales",413313,"Zucker","Minghong"
"Sales",231744,"Poehlman","Keiichiro"
"Sales",231721,"Landherr","Billur"
"Sales",406721,"Murtagh","Masaki"
"Sales",231708,"Schaap","Bikash"
"Sales",231702,"Vieri","Sahrah"
"Sales",413463,"Knightly","Shunichi"
"Sales",231669,"Tischendorf","Mohua"
"Sales",231664,"Erni","Yuuichi"
"Sales",231630,"Holburn","Roded"
"Sales",254123,"Guenter","Deniz"
"Sales",205195,"Feinberg","Aamod"
"Sales",453525,"Genin","Along"
"Sales",413576,"Luce","Susumu"
"Sales",453515,"Seghrouchni","Khaled"
"Sales",254131,"Granlund","Xinan"
"Sales",231624,"Eickenmeyer","JoAnne"
"Sales",453514,"Aumann","Lobel"
"Sales",453463,"Picel","Nirmal"
"Sales",231609,"Casperson","Denny"
"Sales",413671,"Moehrke","Aral"
"Sales",205246,"Demizu","Nevio"
"Sales",413679,"Renear","Oscar"
"Sales",231563,"Rijckaert","Khosrow"
"Sales",231548,"Marciano","Arun"
"Sales",413708,"Krzyzanowski","Arnould"
"Sales",231526,"Schonegge","Chenye"
"Sales",413759,"Colorni","Nikolaos"
"Sales",231475,"Vitiello","Youjian"
"Sales",231474,"Turnbull","Demos"
"Sales",413783,"Ermel","Hidefumi"
"Sales",413794,"Katzenelson","Shunichi"
"Sales",453440,"Nyanchama","Mrinalini"
"Sales",231428,"Dulay","Marko"
"Sales",453431,"Suwa","Somnath"
"Sales",231334,"Waterhouse","Debatosh"
"Sales",231332,"Polajnar","Mahendra"
"Sales",413952,"Casperson","Ranga"
"Sales",413965,"Sankaranarayanan","Miomir"
"Sales",231173,"Erol","Flemming"
"Sales",231159,"Valtorta","Chikara"
"Sales",231138,"Munoz","Marl"
"Sales",231114,"Zeilberger","Shaowen"
"Sales",414020,"Pellegrinelli","Teruyuki"
"Sales",406523,"Bednarek","Florina"
"Sales",414039,"Lundstrom","Juichirou"
"Sales",414064,"Brandsma","Lalit"
"Sales",254319,"Paludetto","Abdelghani"
"Sales",231034,"Coors","Xiaobin"
"Sales",414131,"Neiman","Taisook"
"Sales",205505,"Perelgut","Byong"
"Sales",231031,"Ghalwash","Houman"
"Sales",406516,"Lamba","Juyoung"
"Sales",230972,"Pell","Howell"
"Sales",414249,"Frijda","Jongsuk"
"Sales",205558,"Peltason","Kokou"
"Sales",230949,"Biron","Masami"
"Sales",414258,"Fritzsche","Martial"
"Sales",205561,"Solares","Sajjan"
"Sales",414278,"Openshaw","Alois"
"Sales",414289,"Verhaegen","Uma"
"Sales",230925,"Reghbati","Jayesh"
"Sales",414299,"Mahmud","Adib"
"Sales",230920,"Itzigehl","Zvonko"
"Sales",414349,"Rikino","Janalee"
"Sales",453338,"Swiss","Duro"
"Sales",414387,"Busillo","Fatemeh"
"Sales",414389,"Gire","Amabile"
"Sales",414392,"Gischer","Muzhong"
"Sales",254339,"Brendel","Stella"
"Sales",294831,"Stanger","Kokou"
"Sales",254359,"Conry","Khalil"
"Sales",453328,"Fasbender","Sailaja"
"Sales",414418,"Vidya","Yongdong"
"Sales",230873,"Lupu","Margo"
"Sales",205805,"Birke","Huai"
"Sales",205828,"Khamsi","Eberhardt"
"Sales",230852,"Panwar","Vishwani"
"Sales",414491,"Erez","Shigeichiro"
"Sales",230824,"Conde","Erez"
"Sales",230530,"Vieth","Dharmaraja"
"Sales",414518,"Thiran","Richara"
"Sales",414541,"Range","Odoardo"
"Sales",414559,"Oxenboll","Jovan"
"Sales",230428,"Penttonen","Lene"
"Sales",453294,"Murthy","Stafford"
"Sales",254385,"Spieker","Lalit"
"Sales",414680,"Harbusch","Ult"
"Sales",414685,"Pehl","Nevin"
"Sales",230392,"Erev","Petter"
"Sales",414695,"Munro","Ziva"
"Sales",230383,"Piancastelli","Goo"
"Sales",205874,"Kalsbeek","Moriyoshi"
"Sales",414744,"Schicker","Zsolt"
"Sales",414751,"Hennebert","Tuval"
"Sales",414753,"Bojadziev","Honesty"
"Sales",230320,"Chimia","Tomofumi"
"Sales",414804,"Verspoor","Torsten"
"Sales",414812,"Eastman","Mohamadou"
"Sales",230258,"Huxford","Mong"
"Sales",453254,"Luders","Otmar"
"Sales",414828,"Hutton","Cullen"
"Sales",414852,"Strandh","Aris"
"Sales",414869,"Farrar","Kwan"
"Sales",230207,"Passafiume","Krassimir"
"Sales",414892,"Schmiedel","Felicidad"
"Sales",229985,"Bernini","Fox"
"Sales",415090,"Edelhoff","Khun"
"Sales",415117,"Gente","Sudhanshu"
"Sales",205899,"Mundy","Radoslaw"
"Sales",453197,"Kuzuoka","Turgut"
"Sales",453184,"Mersereau","Yonghoan"
"Sales",415199,"Rebaine","Pragnesh"
"Sales",415206,"Heyers","Takahiro"
"Sales",415411,"Bail","Herbert"
"Sales",254427,"Zaccaria","Fun"
"Sales",206131,"Azuma","Pintsang"
"Sales",206168,"Matzat","Serap"
"Sales",415483,"Beeson","Marko"
"Sales",415486,"Comyn","Shahar"
"Sales",229782,"Moffat","Hidefumi"
"Sales",453149,"Stasinski","Shichao"
"Sales",415526,"Blokdijk","Sailaja"
"Sales",229022,"Segond","Nakhoon"
"Sales",229003,"Poulakidas","Shuzo"
"Sales",453129,"Rajcani","DAIDA"
"Sales",228982,"Ramsak","Alagu"
"Sales",415616,"Sury","Lobel"
"Sales",415627,"Raczkowsky","Chenxi"
"Sales",228574,"Farrow","Gao"
"Sales",228558,"Chimia","Yuping"
"Sales",415692,"Katalagarianos","Kristen"
"Sales",206483,"Snyers","Berhard"
"Sales",415745,"Terkki","Gurbir"
"Sales",452990,"Comyn","Hyuckchul"
"Sales",415779,"Christianini","Yuguang"
"Sales",415782,"Karcich","Shietung"
"Sales",228255,"Kalorkoti","Genki"
"Sales",254454,"Ponthieu","Uinam"
"Sales",228245,"Erde","Jacqueline"
"Sales",452984,"Brendel","Arup"
"Sales",228230,"Rouquie","Heon"
"Sales",452983,"Thimonier","Leen"
"Sales",263004,"Solares","Goncalo"
"Sales",415850,"Schmiedel","Beshir"
"Sales",227525,"Lunt","Mechthild"
"Sales",206545,"Kabayashi","Basim"
"Sales",227509,"Markovitch","Almudena"
"Sales",415893,"Auyong","Jinpo"
"Sales",415962,"Kolinko","Anoosh"
"Sales",227316,"Jakobus","Diederik"
"Sales",227245,"Varley","Ebru"
"Sales",415997,"Quadeer","Heather"
"Sales",416032,"Schicker","Patricio"
"Sales",227244,"Gruenwald","Moheb"
"Sales",452796,"Flexer","Xinan"
"Sales",406492,"Lung","Feiyu"
"Sales",254480,"Fetvedt","Magy"
"Sales",416097,"Furedi","Youjian"
"Sales",227142,"Mayerwieser","Gita"
"Sales",452788,"Pettis","Georgi"
"Sales",452754,"Szemeredi","Rafols"
"Sales",227092,"Ranka","Chanjung"
"Sales",227072,"Botman","Bangqing"
"Sales",452749,"Luon","Eishiro"
"Sales",452722,"Streit","Ger"
"Sales",226977,"Iwayama","Marjo"
"Sales",226962,"Rosen","Aemilian"
"Sales",206870,"Besselaar","Yucel"
"Sales",226913,"Papadias","Urs"
"Sales",416747,"Syang","Wonhee"
"Sales",416750,"Morris","Percy"
"Sales",226874,"Ernst","Khaled"
"Sales",416788,"Hoogerwoord","Apostol"
"Sales",207134,"DuCasse","Boalin"
"Sales",226828,"Whitcomb","Filipe"
"Sales",416829,"Pulkowski","Xumin"
"Sales",416872,"Furudate","Noritoshi"
"Sales",416873,"Gyorkos","Serif"
"Sales",416884,"Sanella","Stafford"
"Sales",226787,"Hiltgen","Gaurav"
"Sales",226777,"Molberg","Yucai"
"Sales",417101,"Wallrath","Zhonghua"
"Sales",254680,"Schwartzburd","Hidefumi"
"Sales",417154,"Vitiello","Reinhold"
"Sales",226686,"Muchinsky","Kshitij"
"Sales",226631,"Jeansoulin","Harngdar"
"Sales",417241,"Carrera","Hailing"
"Sales",226478,"Byoun","Larisa"
"Sales",261613,"Ishibashi","Idoia"
"Sales",254705,"Khamsi","Remzi"
"Sales",226415,"Glowinski","Debatosh"
"Sales",294807,"Baak","Adib"
"Sales",207615,"Miake","Bedir"
"Sales",417510,"Ernst","Yonghong"
"Sales",226367,"Munro","Ung"
"Sales",417576,"Murtagh","Adhemar"
"Sales",417766,"Sidje","Lech"
"Sales",417777,"Picel","Vitali"
"Sales",417801,"Collavizza","Etsuo"
"Sales",417824,"Lanphier","Toong"
"Sales",226346,"Benantar","Dekang"
"Sales",226340,"Nitsch","Giao"
"Sales",226327,"Erdmenger","Roselyn"
"Sales",226325,"Avouris","Leni"
"Sales",417881,"Spelt","Lorien"
"Sales",417885,"Bade","Hyuckchul"
"Sales",226177,"Delgrange","Phuoc"
"Sales",418289,"Hopewell","Basant"
"Sales",406130,"Koblick","Charmane"
"Sales",226159,"Gini","Kerryn"
"Sales",452609,"Ecklund","Masato"
"Sales",452542,"Ginesta","Garnet"
"Sales",418333,"Simmen","Jackson"
"Sales",226154,"Bennis","Hatim"
"Sales",418394,"Schoegge","Takanari"
"Sales",418405,"Moffat","Izaskun"
"Sales",452504,"Rajala","Nectarios"
"Sales",207744,"Waeselynck","Snehasis"
"Sales",226152,"Danecki","Dipankar"
"Sales",226141,"Neiman","Noritoshi"
"Sales",452481,"Kavanagh","Kazunori"
"Sales",418503,"Comyn","Chinhyun"
"Sales",418506,"Peak","Radoslaw"
"Sales",418514,"Siksek","Takushi"
"Sales",452463,"Langford","Emran"
"Sales",452458,"Gerteisen","Shin"
"Sales",418588,"Makrucki","Valery"
"Sales",207962,"Vidal","Guttorm"
"Sales",226041,"Kropp","Sachem"
"Sales",226030,"Morrin","Rimli"
"Sales",254749,"Marshall","Dannz"
"Sales",225914,"Schicker","Panayotis"
"Sales",261621,"Plump","Arno"
"Sales",418683,"Lagarias","Tsuneo"
"Sales",208017,"Collavizza","Shawna"
"Sales",418691,"Speel","Suebskul"
"Sales",418710,"Crabtree","Sibyl"
"Sales",225905,"Passino","Shih"
"Sales",418715,"Strandh","Ewing"
"Sales",225837,"Ballarin","Shuichi"
"Sales",254784,"Rothe","Honesty"
"Sales",225836,"Sullins","Suzette"
"Sales",452394,"Danlos","Chikara"
"Sales",225800,"Shackel","Doowon"
"Sales",225746,"Valiente","Baoqiu"
"Sales",419015,"Vuskovic","Remko"
"Sales",419019,"Lueh","Ortrud"
"Sales",419025,"Braunmuhl","Hauke"
"Sales",208064,"Iisaku","Avishai"
"Sales",208070,"Giveon","Sampalli"
"Sales",225658,"Kakkar","Danai"
"Sales",419140,"Brlek","Mahmut"
"Sales",225508,"Bazelow","Rildo"
"Sales",419159,"Cronin","Xinglin"
"Sales",452383,"Sadowski","Tzvetan"
"Sales",419222,"Dratva","Giao"
"Sales",225391,"Zolotykh","Amstein"
"Sales",225345,"Dichev","Francesca"
"Sales",419292,"Georgakopoulos","Mantis"
"Sales",419310,"Lowrie","Yolla"
"Sales",419330,"Einsfeld","Kaijung"
"Sales",419341,"Scharstein","Shaowen"
"Sales",225278,"Greenaway","Michaela"
"Sales",225261,"Rosiles","Teunis"
"Sales",225224,"Papsdorf","Subhada"
"Sales",225208,"Kuzuoka","Aamer"
"Sales",419392,"Schneeberger","Jessie"
"Sales",419398,"Armand","Ulf"
"Sales",225166,"Lovengreen","Shuho"
"Sales",254789,"Kropp","Mechthild"
"Sales",452274,"Scallan","Arun"
"Sales",225127,"Boudaillier","Xuejun"
"Sales",419669,"Monarch","Florina"
"Sales",225091,"Rajcani","Marc"
"Sales",419686,"Ghelli","Niclas"
"Sales",225089,"Kroft","Tru"
"Sales",225015,"Makinen","Snehasis"
"Sales",224983,"Makrucki","Deniz"
"Sales",419747,"Rosen","Georgy"
"Sales",419757,"Pena","Suzette"
"Sales",452192,"Gniady","Moty"
"Sales",224977,"Savasere","Rafols"
"Sales",452085,"Sinitsyn","Giordano"
"Sales",450671,"Rajcani","Poorav"
"Sales",419826,"Azevdeo","Masanao"
"Sales",224910,"Hambrick","Edwin"
"Sales",224894,"Pintelas","Munehiro"
"Sales",419909,"Gils","Ranan"
"Sales",224759,"Farrar","Chaitali"
"Sales",419932,"Veevers","Luigi"
"Sales",419945,"Farrow","Ramya"
"Sales",208381,"Stemann","Chiranjit"
"Sales",419976,"Antonakopoulos","Kwangsub"
"Sales",420034,"Beilner","Pascal"
"Sales",420036,"Miara","Ferdinand"
"Sales",224350,"Luff","Maja"
"Sales",224323,"Schwartzbauer","Ebru"
"Sales",254811,"Vecchi","Eishiro"
"Sales",405865,"Deville","Naftali"
"Sales",224290,"Fraisse","Shih"
"Sales",450042,"Callaway","Pintsang"
"Sales",450028,"Ramras","Ipke"
"Sales",224281,"Morton","Tadahiko"
"Sales",420120,"Marzano","Serif"
"Sales",224259,"Binding","Mingsen"
"Sales",224210,"Birnbaum","Filipe"
"Sales",223636,"Pocchiola","Khatoun"
"Sales",405833,"Kampfer","Sudhanshu"
"Sales",255345,"Brookman","Emran"
"Sales",420179,"Salvesen","Chenye"
"Sales",420204,"Tasistro","Rajmohan"
"Sales",223544,"Ranka","Hisao"
"Sales",420249,"Billawala","Premsyl"
"Sales",223522,"Vasanthakumar","Boguslaw"
"Sales",255350,"Atrawala","Bilhanan"
"Sales",450027,"Oxenboll","Kwangho"
"Sales",420469,"Schoegge","Marko"
"Sales",223110,"Thummel","Arlette"
"Sales",420486,"Schiper","Emdad"
"Sales",208820,"Gruenwald","Lene"
"Sales",420503,"Puppo","Francesca"
"Sales",223086,"Litzkow","Hercules"
"Sales",450007,"Brendel","Stepehn"
"Sales",223071,"Serot","Yaghout"
"Sales",449994,"Fabrizio","Przemyslawa"
"Sales",223070,"Krichel","Susanta"
"Sales",420544,"Detkin","Fumiya"
"Sales",449960,"Luft","Nahum"
"Sales",222454,"Clemencon","Nikolaus"
"Sales",222396,"Lunt","Djenana"
"Sales",449932,"Stille","Breannda"
"Sales",221820,"Jiang","Vitali"
"Sales",221764,"Luce","Kyoichi"
"Sales",449893,"Huhdanpaa","Tse"
"Sales",421315,"Panienski","Xiaopeng"
"Sales",421333,"Pollock","Bogdan"
"Sales",421344,"Cappelli","Ishfaq"
"Sales",421351,"Socorro","Janche"
"Sales",221337,"Jiang","Ramachenga"
"Sales",421364,"Ramalingam","Huican"
"Sales",221271,"Vrecion","Randy"
"Sales",221213,"Ducloy","Chenye"
"Sales",221204,"Bodoff","Takahito"
"Sales",208924,"Orsini","Kristin"
"Sales",220663,"Geffroy","Suvo"
"Sales",208927,"Maksimenko","Jeanna"
"Sales",220652,"Desikan","Mabry"
"Sales",421683,"Heystek","Khalil"
"Sales",421704,"Jayawardene","DAIDA"
"Sales",421706,"Pouyioutas","Noritoshi"
"Sales",421711,"Kalloufi","Zhongwei"
"Sales",421716,"Bhattacharjee","Bedir"
"Sales",220550,"Orsini","Harjit"
"Sales",220547,"Cincotta","Vishu"
"Sales",421757,"Shackel","Honesty"
"Sales",220532,"Harbusch","Jeong"
"Sales",421979,"Meszaros","Sreenivas"
"Sales",449115,"Levasseur","Kellyn"
"Sales",422044,"Pokrovskii","Murthy"
"Sales",220343,"Msuda","Siamak"
"Sales",422785,"Klerer","Alselm"
"Sales",220304,"McFarlin","Premal"
"Sales",422812,"Pashtan","Akeno"
"Sales",422827,"Verspoor","Arfst"
"Sales",209162,"Waterhouse","Aemilian"
"Sales",220248,"Bresenham","Srinidhi"
"Sales",422850,"Heiserman","Luisa"
"Sales",220234,"Viele","Nobuyoshi"
"Sales",209169,"Antonisse","Abdelkader"
"Sales",220228,"Veevers","Marsja"
"Sales",422884,"DiGiano","Premal"
"Sales",209199,"Dusink","Xiaoqiang"
"Sales",220198,"Pargas","Geoffrey"
"Sales",220022,"Peres","Arunachalam"
"Sales",220021,"Riefers","Arnould"
"Sales",423702,"Iivonen","Parke"
"Sales",209213,"Heusch","Elzbieta"
"Sales",423745,"Hutter","Dung"
"Sales",219899,"Schmezko","Gad"
"Sales",261634,"Naumovich","Torsten"
"Sales",219835,"Maginnis","Tayeb"
"Sales",424047,"Thiria","Akhilish"
"Sales",424049,"Uhrik","Sanjoy"
"Sales",424052,"Braunschweig","Xiaocheng"
"Sales",219822,"Menhoudj","Bojan"
"Sales",209226,"Thorelli","Geraldo"
"Sales",425132,"Perry","Christoper"
"Sales",219779,"Isaak","Cristinel"
"Sales",425173,"Beerel","Miyeon"
"Sales",263529,"Theuretzbacher","Gudjon"
"Sales",425198,"Ghandeharizadeh","Youpyo"
"Sales",219713,"Munke","Chaosheng"
"Sales",425200,"Cherinka","Moon"
"Sales",219644,"Miculan","Cheong"
"Sales",425245,"Paludetto","Guoxiang"
"Sales",219580,"Wursthorn","Frazer"
"Sales",449083,"Farrel","Toshimi"
"Sales",219541,"Shrader","Syozo"
"Sales",405714,"Hofting","Geoffry"
"Sales",210986,"Silva","Gunilla"
"Sales",449053,"Kragelund","Genki"
"Sales",219523,"Alpay","Jaques"
"Sales",219519,"Mitzlaff","Kazunori"
"Sales",219502,"Rodiger","Sadun"
"Sales",219496,"Montemayor","Bouchung"
"Sales",427028,"Bernardeschi","Saddek"
"Sales",219432,"Panwar","Neven"
"Sales",427111,"Stellhorn","Satosi"
"Sales",427791,"Laurillard","Xiaopeng"
"Sales",219426,"Czap","Ult"
"Sales",427879,"Rassart","Sashi"
"Sales",448855,"Llado","Geraldo"
"Sales",427924,"Msuda","Brendon"
"Sales",219368,"Veldwijk","Alagu"
"Sales",219359,"Pappas","Susanta"
"Sales",211040,"Nitsch","Jaihie"
"Sales",219344,"Garigliano","Elzbieta"
"Sales",219319,"Huttel","Honesty"
"Sales",428183,"Demri","Richard"
"Sales",428198,"Thibadeau","Behnaam"
"Sales",219289,"Delgrande","Seongbae"
"Sales",428238,"Gire","LiMin"
"Sales",448801,"Birch","Douadi"
"Sales",219244,"Vecchi","Zhiguo"
"Sales",219209,"Keohane","Ute"
"Sales",405705,"Gruenwald","Mitchel"
"Sales",428304,"Greenaway","Tadahiro"
"Sales",219183,"Isaac","Yonghong"
"Sales",448782,"Penttonen","Moie"
"Sales",428327,"Straney","Leni"
"Sales",219122,"Luce","Paddy"
"Sales",219097,"Sommer","Chanjung"
"Sales",219092,"Goldhammer","Moss"
"Sales",211081,"Alpay","Luisa"
"Sales",428389,"Tibblin","Francesca"
"Sales",219021,"Schaaf","Hiroyasu"
"Sales",428429,"Lamma","Marl"
"Sales",448509,"McFarlin","Kousuke"
"Sales",428646,"Radwan","Yefim"
"Sales",211120,"Thiran","Adamantios"
"Sales",428680,"Falck","Eberhardt"
"Sales",294771,"Zyda","Subhada"
"Sales",428703,"Serov","Nitsan"
"Sales",218967,"Birta","Arie"
"Sales",428716,"Goldhammer","Jeanne"
"Sales",218960,"Zweizig","Qiwen"
"Sales",428764,"Radivojevic","Guangming"
"Sales",218807,"Goldhammer","Jasminko"
"Sales",218704,"Aumann","Alois"
"Sales",429058,"Badr","Guenter"
"Sales",218651,"Eugenio","Shai"
"Sales",429067,"Morrow","Kwan"
"Sales",429097,"Genther","Shigenori"
"Sales",218624,"Warwick","JoAnna"
"Sales",218605,"Radivojevic","Horward"
"Sales",218532,"Gien","Krisda"
"Sales",218527,"Grabner","Alagu"
"Sales",218498,"Irland","Shawna"
"Sales",429750,"Herbst","Miyeon"
"Sales",429766,"Lorin","Mandell"
"Sales",429770,"Bellone","Evgueni"
"Sales",429775,"Edelhoff","Dmitri"
"Sales",448425,"Boudaillier","Rosli"
"Sales",429863,"Genther","Khalil"
"Sales",429870,"Peltason","Ziva"
"Sales",218337,"Rothenberg","Richara"
"Sales",218336,"Speel","Aemilian"
"Sales",218286,"Stranks","Masato"
"Sales",218259,"Oxman","Abdelkader"
"Sales",429924,"Roison","Remco"
"Sales",218249,"Gire","Yinghua"
"Sales",218228,"Auyong","Francesca"
"Sales",218212,"Cheshire","Navin"
"Sales",429948,"Hainaut","Fumitake"
"Sales",211425,"Cunliffe","Girolamo"
"Sales",218159,"Chiodo","Shigehiro"
"Sales",429977,"Yeung","Nalini"
"Sales",218150,"Zielinski","Florina"
"Sales",448422,"Rahier","Adit"
"Sales",218146,"Hambrick","Manibrata"
"Sales",218069,"Sadowski","Yonghoan"
"Sales",448408,"Gerlach","Slavian"
"Sales",218053,"Roohalamini","Dhritiman"
"Sales",218044,"Veevers","Maia"
"Sales",430134,"Casley","Tsutomu"
"Sales",448380,"Karnin","Xuejun"
"Sales",430187,"Qiwen","Tooru"
"Sales",430190,"Flanders","Aloys"
"Sales",430199,"Kemmerer","Indrajit"
"Sales",448356,"Parveen","Stamatina"
"Sales",217193,"Milicic","Visit"
"Sales",217186,"Claffy","DeForest"
"Sales",430380,"Kugler","Marin"
"Sales",217182,"Conde","Frazer"
"Sales",430414,"Piazza","Marlo"
"Sales",217066,"Baumann","Niteen"
"Sales",217031,"Yurek","Mechthild"
"Sales",217000,"Auyong","Hidekazu"
"Sales",430465,"Kaelbling","Fei"
"Sales",448275,"Radivojevic","Constantijn"
"Sales",430529,"Sgarro","Yannik"
"Sales",215407,"Pusterhofer","Kwangjo"
"Sales",448266,"Bach","Bogdan"
"Sales",430552,"Niizuma","Van"
"Sales",430560,"Wolniewicz","Ortrun"
"Sales",448246,"Zaccaria","Boaz"
"Sales",215386,"Iacovou","Oddvar"
"Sales",448243,"Fraisse","Mack"
"Sales",430613,"Braunmuhl","Nathan"
"Sales",215330,"Weisert","Parto"
"Sales",430642,"Buescher","Heping"
"Sales",215316,"Zaumen","Luise"
"Sales",255468,"Demizu","Ravishankar"
"Sales",430739,"Ligten","Hideyuki"
"Sales",430756,"Coullard","Aran"
"Sales",255489,"Beausoleil","Kenroku"
"Sales",430794,"Gecseg","Masaru"
"Sales",215208,"Bardell","Temple"
"Sales",430824,"Krupka","Shem"
"Sales",430836,"Maraist","Amstein"
"Sales",448239,"Ranum","Kenroku"
"Sales",215076,"Poujol","Susanna"
"Sales",211556,"Validov","Sachio"
"Sales",215075,"Sluis","Kasturi"
"Sales",215043,"Bierman","Mooi"
"Sales",215031,"Menyhert","Shem"
"Sales",211561,"Pepe","Phule"
"Sales",214985,"Angot","Francoise"
"Sales",211585,"Irland","Nakhoon"
"Sales",211587,"Rajala","Tzu"
"Sales",211596,"Naumovich","Indrajit"
"Sales",213685,"Schlumberger","Mong"
"Sales",213668,"Yurek","Vivian"
"Sales",213641,"Michaeli","Danco"
"Sales",213640,"Botman","Moss"
"Sales",448225,"Rijsenbrij","Josyula"
"Sales",431352,"Piazza","Masato"
"Sales",213599,"Horswill","Tadahiro"
"Sales",211608,"Doering","Sreekrishna"
"Sales",405439,"Demri","Mariangiola"
"Sales",431415,"Pfau","Ebbe"
"Sales",448212,"Staylopatis","Yunming"
"Sales",213492,"Bahi","Subhrajyoti"
"Sales",211280,"Rothenberg","Masato"
"Sales",431481,"Businaro","Constantijn"
"Sales",211255,"Douceur","Prasadram"
"Sales",405428,"Stafford","Rance"
"Sales",211237,"Dengi","Franziska"
"Sales",431566,"Vandervoorde","Kazuhiro"
"Sales",211210,"Zultner","Danco"
"Sales",431591,"Rullman","Heon"
"Sales",431593,"Farris","Maik"
"Sales",431603,"Straney","Henk"
"Sales",431646,"Rissanen","Visit"
"Sales",211158,"Kawashimo","Francoise"
"Sales",431711,"Collette","Heon"
"Sales",431716,"Baar","Nadjib"
"Sales",431742,"Karlin","Kersti"
"Sales",210883,"Kropf","Miquel"
"Sales",255511,"Zultner","DeForest"
"Sales",431756,"Conry","Jiang"
"Sales",431776,"Bahi","Basil"
"Sales",211723,"Swab","Lorien"
"Sales",431790,"Brodie","Subbu"
"Sales",211732,"Karnin","Hitofumi"
"Sales",447693,"Heuter","Wilmer"
"Sales",210766,"Fasbender","Jianhua"
"Sales",210757,"Demri","Isamu"
"Sales",431983,"Ebeling","Brigham"
"Sales",447668,"Lanzelotte","Conrado"
"Sales",210745,"Mitzlaff","Bojan"
"Sales",447665,"Schaar","Martien"
"Sales",432008,"Masada","Golgen"
"Sales",211765,"Alameldin","Saeko"
"Sales",447660,"Zockler","Bokyung"
"Sales",447641,"Lamma","Fay"
"Sales",210700,"Baig","Unal"
"Sales",210674,"Underwood","Aluzio"
"Sales",447619,"Ferriere","Xianlong"
"Sales",211787,"McFarlin","Matt"
"Sales",211789,"Kugler","Shimshon"
"Sales",210652,"Legleitner","Parke"
"Sales",210651,"Eiron","Toney"
"Sales",211818,"Besselaar","Gaetan"
"Sales",405422,"Rehfuss","Ronghao"
"Sales",211846,"Narlikar","Danny"
"Sales",210575,"Lung","Oscar"
"Sales",432363,"Bael","Xiahua"
"Sales",210558,"Sigstam","Bokyung"
"Sales",432391,"Skogmar","Iara"
"Sales",432393,"Simkin","Yongqiao"
"Sales",211862,"Kavanagh","Arvin"
"Sales",432405,"Barbanera","Dipayan"
"Sales",210529,"Besancenot","Adam"
"Sales",210461,"Lammel","Jianhui"
"Sales",210441,"Rousseau","Shigenori"
"Sales",432433,"Cronan","Sadok"
"Sales",432446,"Kading","Marit"
"Sales",432475,"Auria","Yinlin"
"Sales",211868,"Maliniak","Xiaocheng"
"Sales",446873,"Perko","Lene"
"Sales",211889,"Boguraev","Kellie"
"Sales",210388,"Masaki","Conrado"
"Sales",294750,"Dratva","LiMin"
"Sales",210349,"Pettey","Persi"
"Sales",210333,"Belinskaya","Shim"
"Sales",210309,"Carrere","Takahito"
"Sales",433157,"Serna","Tomofumi"
"Sales",433216,"Nanard","Weiye"
"Sales",433233,"Hiyoshi","Jessie"
"Sales",210174,"Quadeer","Chirstian"
"Sales",433267,"Piancastelli","Soenke"
"Sales",433273,"Peron","Sampalli"
"Sales",433276,"Ishibashi","Edwin"
"Sales",210167,"Schaap","Kish"
"Sales",211957,"Silva","Wojceich"
"Sales",445691,"Baumann","Radhia"
"Sales",210101,"Bottner","Menkae"
"Sales",210098,"Milicic","Mingzeng"
"Sales",210078,"Ranka","Siddarth"
"Sales",433509,"Demian","Dzung"
"Sales",445659,"Bodoff","Jagoda"
"Sales",209978,"Dichev","Bilhanan"
"Sales",433533,"Trogemann","Mahendra"
"Sales",405403,"Pusterhofer","Vojin"
"Sales",433560,"Isaak","Gou"
"Sales",209929,"Spell","Abdelkader"
"Sales",433602,"Hanabata","Chirstian"
"Sales",445626,"Lanphier","Satoru"
"Sales",209816,"Budinsky","Radhika"
"Sales",433681,"Poujol","Shaleah"
"Sales",209791,"Garnham","Mabhin"
"Sales",445612,"Chartres","Temple"
"Sales",209615,"Sankaranarayanan","Kwangjo"
"Sales",209609,"Hardjono","Reinhard"
"Sales",433790,"Rusmann","Prodip"
"Sales",445592,"Rusterholz","Olivera"
"Sales",209595,"Werthner","Ronghao"
"Sales",433815,"Covnot","Anoosh"
"Sales",212033,"Prochazka","Guther"
"Sales",212040,"Lunt","Bangqing"
"Sales",433854,"Rehfuss","Fuqing"
"Sales",445552,"Kleiser","Ziyad"
"Sales",209470,"Farris","Zito"
"Sales",433914,"Heuter","Dmitri"
"Sales",209427,"Attimonelli","Chiranjit"
"Sales",433931,"Krone","Foong"
"Sales",209379,"Jording","Freyja"
"Sales",255551,"Luck","Tomoyuki"
"Sales",434183,"Brizzi","Radhika"
"Sales",212129,"Sambasivam","DAIDA"
"Sales",434229,"Dredge","Utpal"
"Sales",209085,"Yamaashi","Rafols"
"Sales",445476,"Niizuma","Oscar"
"Sales",434266,"Kushnir","Slavian"
"Sales",209062,"Oxman","Charlene"
"Sales",212153,"Goodrum","Monique"
"Sales",434289,"Broomell","Sajjan"
"Sales",208950,"Strehl","Behnaam"
"Sales",434502,"Perelgut","Piyawadee"
"Sales",445454,"Kobuchi","Tadahiko"
"Sales",208769,"Codenie","Ymte"
"Sales",434543,"Kragelund","Akemi"
"Sales",434548,"Morrey","Jianhao"
"Sales",434557,"Perri","Elgin"
"Sales",255587,"Heinisuo","Zine"
"Sales",208704,"Hatcliff","Tooru"
"Sales",208600,"Rettelbach","King"
"Sales",208542,"Ranst","Ibibia"
"Sales",434636,"Rijckaert","Tua"
"Sales",208512,"Detkin","Tesuya"
"Sales",208509,"Morris","Teunis"
"Sales",208463,"Pillow","Ipke"
"Sales",255609,"Fabrizio","Adam"
"Sales",445368,"Noriega","Bouchung"
"Sales",208261,"Marshall","Neelam"
"Sales",434962,"Baez","Juyoung"
"Sales",445357,"Dredge","Chaosheng"
"Sales",208240,"Riesenhuber","Hirochika"
"Sales",435008,"Baik","Alenka"
"Sales",445333,"Bamford","Marke"
"Sales",208234,"Egerstedt","Paris"
"Sales",212281,"Kornatzky","Guenter"
"Sales",208228,"Sadowsky","Bilhanan"
"Sales",208212,"Lagarias","Bangqing"
"Sales",435042,"Borstler","Brigham"
"Sales",208203,"Bach","Arnould"
"Sales",445320,"Botman","Khun"
"Sales",212305,"Middleton","Bedrich"
"Sales",207941,"Emmerich","Florian"
"Sales",207903,"Nitsche","Rosella"
"Sales",207894,"Papadias","Tzu"
"Sales",405364,"Wixon","Cullen"
"Sales",435187,"Takkinen","Guiseppe"
"Sales",435218,"Burnard","Breannda"
"Sales",445285,"Pelz","Zhilian"
"Sales",405355,"Servi","Serap"
"Sales",212342,"Kaelbling","Tetsurou"
"Sales",435259,"Otillio","Gennadi"
"Sales",445260,"Stassinopoulos","Boriana"
"Sales",435305,"Pramanik","Berthier"
"Sales",212390,"Marrevee","Zongyan"
"Sales",207540,"Bottner","Shigeichiro"
"Sales",445234,"Erbe","Deborah"
"Sales",207461,"Peek","Remco"
"Sales",435422,"Tokunaga","Make"
"Sales",207449,"Uludag","Yechezkel"
"Sales",207431,"Uchoa","Marla"
"Sales",435514,"Giaccio","Jaber"
"Sales",445218,"Decaestecker","Gino"
"Sales",212460,"Mandell","Tua"
"Sales",255638,"Provine","Holgard"
"Sales",405334,"Dalton","Boriana"
"Sales",435604,"Reeken","Ymte"
"Sales",435630,"Baer","Dines"
"Sales",435844,"Hoogerwoord","Rayond"
"Sales",405278,"Frijda","Chenyi"
"Sales",435911,"Perez","Patricia"
"Sales",435919,"Krider","Vishu"
"Sales",255679,"Garnick","Lansing"
"Sales",435934,"Luff","DeForest"
"Sales",207062,"Alpin","Vasilis"
"Sales",435971,"Kisuki","Christfried"
"Sales",212598,"Miyakawa","Marsha"
"Sales",435980,"Rando","Toney"
"Sales",405242,"Falco","Kristine"
"Sales",207042,"Desikan","Moriyoshi"
"Sales",436372,"Leslie","Abdelkader"
"Sales",436374,"Masamoto","Uriel"
"Sales",444994,"Suri","Evgueni"
"Sales",207028,"Gluchowski","Mayuri"
"Sales",444914,"Domenig","JoAnna"
"Sales",212637,"Fasbender","Junichi"
"Sales",436460,"Thorensen","Maha"
"Sales",436843,"Claffy","Billur"
"Sales",207005,"Reeken","Masadi"
"Sales",436921,"Tomescu","Werner"
"Sales",436930,"Zedlitz","Yannik"
"Sales",444869,"Hennings","Zhenbing"
"Sales",405231,"Makinen","Kwangjo"
"Sales",212662,"Picel","Keiichiro"
"Sales",436958,"Alencar","Nimmagadda"
"Sales",436970,"Kalorkoti","Isamu"
"Sales",436974,"Gilg","Kellie"
"Sales",206748,"Fabrizio","Yucai"
"Sales",437350,"Wrigley","Avishai"
"Sales",206719,"Docker","Heping"
"Sales",206670,"Stanger","Kristen"
"Sales",437370,"Flexer","Nahid"
"Sales",206433,"Compeau","Unal"
"Sales",206405,"Valtorta","Carrsten"
"Sales",405227,"Heijenga","Yannis"
"Sales",437465,"Morris","Prasadram"
"Sales",206316,"Iwayama","Masali"
"Sales",212728,"Pillow","Marsja"
"Sales",437475,"Cairo","Hidekazu"
"Sales",206307,"Skrikant","Ramzi"
"Sales",206278,"Kriebel","Pantung"
"Sales",206056,"Munck","Juyoung"
"Sales",206053,"Alblas","Tsuneo"
"Sales",437702,"Gelosh","Alejandro"
"Sales",206000,"Schapire","Atreye"
"Sales",205990,"Milicic","Perry"
"Sales",205951,"Hiroyama","Itzchak"
"Sales",205731,"Shokrollahi","Alexius"
"Sales",205719,"Jullig","Maria"
"Sales",205648,"Ghazalie","Vishv"
"Sales",205384,"Wolniewicz","Eishiro"
"Sales",437796,"Katzenelson","Emdad"
"Sales",205342,"Dymetman","Elzbieta"
"Sales",205332,"Baar","Gita"
"Sales",437814,"Malabarba","Rajmohan"
"Sales",255756,"Trachtenberg","Piyawadee"
"Sales",438007,"Lanphier","Fumiya"
"Sales",205305,"Demir","Stevo"
"Sales",438037,"Akiyama","Luigi"
"Sales",438069,"Naudin","Jiafu"
"Sales",255759,"Bellone","Jianwen"
"Sales",438104,"Baaz","Izaskun"
"Sales",438133,"Solares","Zhensheng"
"Sales",212800,"Hardjono","Lihong"
"Sales",438148,"Schrooten","Yurii"
"Sales",438161,"Ashish","Shigeu"
"Sales",204884,"Bugrara","Mikhail"
"Sales",438350,"Angiulli","Prodip"
"Sales",204875,"Brlek","Karlis"
"Sales",204827,"Cusworth","Lijia"
"Sales",438371,"Lamba","Debatosh"
"Sales",204771,"Picaronny","Niclas"
"Sales",203251,"Steenbeek","Genki"
"Sales",203164,"Rikino","Alagu"
"Sales",203148,"Levergood","Moni"
"Sales",438439,"Codenie","Berhard"
"Sales",443873,"Ramsay","Vatsa"
"Sales",212826,"Malabarba","Leucio"
"Sales",443801,"Gopalakrishnan","Yefim"
"Sales",203107,"Heystek","Masako"
"Sales",203092,"Luit","Samphel"
"Sales",438858,"Siksek","Mitsuyuki"
"Sales",212861,"Markovitch","Khun"
"Sales",202819,"Atrawala","Ottavia"
"Sales",202802,"Madeira","Ramya"
"Sales",202584,"Vieth","Teruyuki"
"Sales",212865,"Gilg","Shigenori"
"Sales",443729,"Kroft","Constantine"
"Sales",438944,"Anick","Florian"
"Sales",438954,"Panienski","Kenton"
"Sales",202492,"Kornatzky","Nobuyoshi"
"Sales",438961,"Albarhamtoshy","Marsha"
"Sales",202485,"Krider","Fatemeh"
"Sales",443699,"Feldhoffer","Anoosh"
"Sales",212881,"Koblitz","Weiyi"
"Sales",202481,"Gaughan","Cathie"
"Sales",202385,"Azumi","Xuedong"
"Sales",202336,"Anido","Guangming"
"Sales",443696,"Douceur","Henk"
"Sales",202254,"Waeselynck","Haldon"
"Sales",439090,"Tsunoo","Hyuncheol"
"Sales",202077,"Bahr","Sachio"
"Sales",439120,"Makrucki","Luigi"
"Sales",439213,"Kaelbling","Shigehito"
"Sales",255773,"Emden","Ingemar"
"Sales",212931,"Driscoll","Fayez"
"Sales",201933,"Ranst","Xianlong"
"Sales",201922,"Sundgren","Gurbir"
"Sales",201656,"Pagter","Susanne"
"Sales",405206,"Biran","Carrsten"
"Sales",201631,"Shihab","Zhanqiu"
"Sales",439317,"Litzkow","Kendra"
"Sales",201616,"Mahnke","Moon"
"Sales",212941,"Sury","Dharmaraja"
"Sales",201582,"Sgarro","Youssef"
"Sales",443598,"Kermarrec","Chenyi"
"Sales",201557,"Sifakis","Odoardo"
"Sales",439539,"Kusalik","Luisa"
"Sales",439543,"Miyakawa","Qingxiang"
"Sales",201527,"Mitsuhashi","Shem"
"Sales",201518,"Choobineh","Jeanne"
"Sales",443512,"Heydon","Eben"
"Sales",201462,"Erva","Jolita"
"Sales",201458,"Tempesti","Leandro"
"Sales",255780,"Streng","Krassimir"
"Sales",439627,"Coors","Danai"
"Sales",405171,"Sifakis","Irena"
"Sales",201427,"Rattan","Gao"
"Sales",255804,"Brender","Pranay"
"Sales",201419,"Weedman","Martijn"
"Sales",439868,"Gruenwald","Toney"
"Sales",439941,"Rathonyi","Weiyi"
"Sales",201341,"Vural","Augustine"
"Sales",439983,"Peron","Jianwen"
"Sales",443482,"Gulak","Menkae"
"Sales",440861,"Mitzlaff","Valeska"
"Sales",440864,"Alpay","Tonia"
"Sales",440877,"Kuhnemann","Kerryn"
"Sales",201279,"Aloisi","Tsz"
"Sales",443473,"Marquardt","Vitaly"
"Sales",440895,"Redmiles","Godehard"
"Sales",201258,"Verhaegen","Hyuncheol"
"Sales",201247,"Luks","Minghong"
"Sales",440905,"Fairtlough","Xiping"
"Sales",440911,"Mundy","Babette"
"Sales",213011,"Porenta","Suzette"
"Sales",201242,"Peir","Kasturi"
"Sales",440939,"Maliniak","Masako"
"Sales",440948,"Siepmann","Renny"
"Sales",440974,"Simmen","Mitsuyuki"
"Sales",440977,"Fontet","Ibibia"
"Sales",441001,"Ushiama","Vatsa"
"Sales",441003,"Dayang","Barton"
"Sales",441006,"Lueh","Doowon"
"Sales",442859,"Uehara","Susanna"
"Sales",442861,"Rosch","Taisook"
"Sales",442872,"Condotta","Stabislas"
"Sales",201191,"Basagni","Kitty"
"Sales",442913,"Liedekerke","Hilari"
"Sales",201189,"Petereit","Tadahiro"
"Sales",442928,"Staylopatis","Ranan"
"Sales",443432,"Hebert","Sangeeta"
"Sales",442945,"Matzat","Guiseppe"
"Sales",201113,"Orlowski","Munenori"
"Sales",443412,"Syang","Zsolt"
"Sales",201091,"Cangellaris","Susanna"
"Sales",443002,"Perry","Lene"
"Sales",443008,"Backhouse","Divier"
"Sales",443011,"Lanteri","Gregory"
"Sales",443027,"Zhang","Sarita"
"Sales",443388,"Kroll","Lena"
"Sales",443053,"Zlotek","Aloke"
"Sales",213121,"Koshiba","Angel"
"Sales",255815,"Jahnichen","Arlette"
"Sales",200668,"Whitcomb","Jaana"
"Sales",213147,"Paludetto","Aleksandar"
"Sales",443128,"Fritzsche","Nectarios"
"Sales",200625,"Androutsos","Masako"
"Sales",200623,"Bisiani","Valeska"
"Sales",200618,"Panienski","Berna"
"Sales",213150,"Stentiford","KayLiang"
"Sales",410072,"Lorin","Valeska"
"Sales",10178,"Litvinov","Valery"
"Sales",10185,"Sidhu","Duro"
"Sales",10232,"Auria","Marko"
"Sales",10857,"Stenning","Fusako"
"Sales",10862,"Kadhim","Zhenbing"
"Sales",11212,"Peternell","Teruyuki"
"Sales",11256,"Ratzlaff","Gudjon"
"Sales",11328,"Ferriere","Xiong"
"Sales",11389,"Provine","Ronnie"
"Sales",11468,"Maksimenko","Navin"
"Sales",11478,"Ginneken","Nidapan"
"Sales",11811,"Boissier","Herb"
"Sales",12358,"Syrotiuk","Achilleas"
"Sales",12411,"Ibel","Shao"
"Sales",12435,"Gadepally","Marek"
"Sales",12448,"Salverda","Honglan"
"Sales",12478,"Hopewell","Yahiko"
"Sales",12491,"Gruenwald","Cullen"
"Sales",12742,"Bhattacharjee","Supot"
"Sales",12761,"Schaad","Hitofumi"
"Sales",12803,"Boissier","Gad"
"Sales",13018,"Moehrke","Toshimi"
"Sales",13028,"Siksek","Mayumi"
"Sales",13036,"Heystek","Idoia"
"Sales",13065,"Schiper","Zine"
"Sales",13146,"Erie","Haldon"
"Sales",13519,"Cardazo","Kristin"
"Sales",13528,"Liesche","Fumitaka"
"Sales",13540,"Krohn","Cordelia"
"Sales",13559,"Yurek","Etsuo"
"Sales",13622,"Juneja","Tamiya"
"Sales",13661,"Kobara","Marsal"
"Sales",13672,"Desikan","Tremaine"
"Sales",13690,"Osgood","Constantino"
"Sales",13723,"Schnelling","Magy"
"Sales",13786,"Berendt","Takushi"
"Sales",13836,"Przulj","Taiji"
"Sales",14036,"Schaad","Bogdan"
"Sales",14071,"Manderick","Tristan"
"Sales",14082,"Krychniak","Siddarth"
"Sales",14095,"Underwood","Tonia"
"Sales",14158,"Setiz","Caolyn"
"Sales",14359,"Leslie","Henk"
"Sales",14364,"Lund","Remzi"
"Sales",14366,"Laventhal","Gererd"
"Sales",14442,"Koprowski","Qunsheng"
"Sales",14610,"Merle","Lijia"
"Sales",14618,"Brlek","Cedric"
"Sales",14657,"Casperson","Saddek"
"Sales",14685,"Kawashimo","Deborah"
"Sales",14882,"Matzen","Malu"
"Sales",14973,"Schaad","Fumitaka"
"Sales",14979,"Marletta","Steen"
"Sales",15000,"Bahi","Thanasis"
"Sales",15043,"Ventosa","Christoph"
"Sales",15127,"Binkley","Sanjeeva"
"Sales",15371,"Kuszyk","Shih"
"Sales",15410,"Kushner","Wilmer"
"Sales",15415,"Marquardt","Claudi"
"Sales",15469,"Sadowski","Aksel"
"Sales",15501,"Vilarrasa","Mandell"
"Sales",15605,"Tchuente","Gil"
"Sales",15681,"Sewelson","Shigehiro"
"Sales",15873,"Taubenfeld","Mari"
"Sales",15878,"Peris","Chrisa"
"Sales",15967,"Klyachko","Ohad"
"Sales",16001,"Langford","Gina"
"Sales",16005,"Sundgren","Udo"
"Sales",16150,"Crooks","Irena"
"Sales",16153,"Cyre","Shir"
"Sales",16372,"Terkki","Holgard"
"Sales",16421,"Azumi","Felicidad"
"Sales",16435,"Wissmann","Renee"
"Sales",16475,"Schieder","JiYoung"
"Sales",16583,"Mikschl","Roddy"
"Sales",16590,"Brodal","Woody"
"Sales",16648,"Kropatsch","Heather"
"Sales",16654,"Fargier","Arnd"
"Sales",16685,"Lueh","Jaewon"
"Sales",16928,"Conte","Dayanand"
"Sales",16932,"Baumann","Guttorm"
"Sales",16970,"Haraldson","Renee"
"Sales",16996,"Millington","Shigenori"
"Sales",17006,"Pargas","Magy"
"Sales",17089,"Erman","Rafail"
"Sales",17170,"Birdsall","Brewster"
"Sales",17176,"Birsak","Niteen"
"Sales",17295,"Morton","IEEE"
"Sales",17334,"Luby","Ayonca"
"Sales",17343,"Madeira","Kauko"
"Sales",17352,"Katiyar","Muneo"
"Sales",17791,"Stifter","Matt"
"Sales",18118,"Chenney","Debaprosad"
"Sales",18183,"Grospietsch","Yongdong"
"Sales",18194,"Lindqvist","Nidapan"
"Sales",18591,"Scharstein","Abdelghani"
"Sales",18885,"Noriega","Valter"
"Sales",18997,"Tischendorf","Basim"
"Sales",19005,"Schmezko","Ennio"
"Sales",19012,"Panangaden","Gal"
"Sales",19248,"Kaiser","Yucel"
"Sales",19279,"Eickenmeyer","Goo"
"Sales",19284,"Trumbly","Morris"
"Sales",19367,"McFarlin","Spyrose"
"Sales",19669,"Honiden","Shem"
"Sales",19684,"Swab","Anneke"
"Sales",19698,"Avouris","Gina"
"Sales",19934,"Pagter","Noritoshi"
"Sales",19940,"Einsfeld","Reinhard"
"Sales",20027,"Atrawala","Vidar"
"Sales",20089,"Merli","Unal"
"Sales",20102,"Morton","Sarita"
"Sales",20118,"Schneeberger","Mohammed"
"Sales",20130,"Picco","Xiaoshan"
"Sales",20131,"Rijckaert","Gen"
"Sales",20154,"Parascandalo","Makato"
"Sales",20173,"Bruckman","Ger"
"Sales",20232,"Conti","Pasqua"
"Sales",20338,"Butner","Reinhard"
"Sales",20398,"Lemarechal","Kristinn"
"Sales",20435,"Homond","Oguz"
"Sales",20449,"Kakkad","Hercules"
"Sales",20482,"Servi","Morrie"
"Sales",20494,"Pagter","Lucien"
"Sales",20515,"Halloran","Jolita"
"Sales",20520,"Dalphin","King"
"Sales",20521,"Impagliazzo","Dulce"
"Sales",20527,"Birrer","Gina"
"Sales",20545,"Chaudhury","Woody"
"Sales",20572,"Axelband","Vishv"
"Sales",20600,"Bazelow","Kellyn"
"Sales",20611,"Demizu","Rayond"
"Sales",20721,"Iisaku","Tru"
"Sales",20774,"Janetzko","Jasminko"
"Sales",20807,"Varker","Chenxi"
"Sales",20843,"Schiper","Marla"
"Sales",20861,"Morris","Nadjib"
"Sales",21120,"Zyda","Shin"
"Sales",21388,"Provine","Kerryn"
"Sales",21404,"Setiz","Dante"
"Sales",21462,"Hitomi","Sven"
"Sales",21476,"Gien","Rajmohan"
"Sales",21508,"Poupard","Theirry"
"Sales",21524,"Demizu","Kayoko"
"Sales",21937,"Zeidenstein","Niteen"
"Sales",21969,"Middleton","Takahito"
"Sales",22038,"Sury","Hilary"
"Sales",22277,"Cunliffe","Tesuya"
"Sales",22315,"Joslin","Jayesh"
"Sales",22341,"Barvinok","Shir"
"Sales",22409,"Erbe","Jouko"
"Sales",22411,"Braunmuhl","Mansur"
"Sales",22550,"Pagter","Erzsebet"
"Sales",22559,"Khalil","Serge"
"Sales",22593,"Jeansoulin","Danae"
"Sales",22656,"Ranai","Takanari"
"Sales",22688,"Ebeling","Sham"
"Sales",22727,"Gerlach","Mori"
"Sales",22860,"Parascandalo","Taizo"
"Sales",22863,"Denna","Petter"
"Sales",22871,"Heijenga","Kitty"
"Sales",22882,"Gonthier","Shaleah"
"Sales",22910,"Cummings","Shawna"
"Sales",22933,"Morrow","Torsten"
"Sales",22952,"Encarnacion","Hausi"
"Sales",22978,"Khalil","Charmane"
"Sales",22994,"Gecsei","Atreyi"
"Sales",23015,"Otillio","Elvis"
"Sales",24589,"Borstler","Saniya"
"Sales",24597,"Bakhtari","Tsuneo"
"Sales",24613,"Stifter","Hitofumi"
"Sales",24681,"Aingworth","Zhensheng"
"Sales",25112,"Haraldson","Muneo"
"Sales",25131,"Baja","Lokesh"
"Sales",25411,"Godskesen","Mohamadou"
"Sales",25441,"Tomescu","Shietung"
"Sales",25532,"Shrader","Peternela"
"Sales",25772,"Marrevee","Greger"
"Sales",25830,"Janocha","Janalee"
"Sales",26440,"Lakshmanan","Seongbae"
"Sales",26513,"DuCasse","Mingdong"
"Sales",26521,"Suermann","Marke"
"Sales",26545,"Rosenbaum","Badri"
"Sales",26639,"Weiland","Guadalupe"
"Sales",26646,"Muhling","Ottavia"
"Sales",26647,"Velardi","Lansing"
"Sales",26681,"Rodier","Abdulla"
"Sales",26720,"Leonhardt","Chenye"
"Sales",27139,"Matzat","Piyush"
"Sales",27208,"Auyong","Mats"
"Sales",27245,"Reinhart","Subhada"
"Sales",27259,"Lipner","Michaela"
"Sales",27366,"Hennebert","Nakhoon"
"Sales",27397,"Pepe","Bojan"
"Sales",27472,"Birjandi","Manohar"
"Sales",27521,"Pietrzykowski","Hidde"
"Sales",27525,"Jiang","Alejandra"
"Sales",27636,"Lalonde","Kiyomitsu"
"Sales",27653,"Tetzlaff","Yongmin"
"Sales",27673,"Jonsson","Hatem"
"Sales",27710,"Jakobus","Pantung"
"Sales",27720,"Picaronny","Phule"
"Sales",27736,"Masand","Jaewon"
"Sales",27785,"Mukaidono","Feipei"
"Sales",27789,"Boyle","Fumitake"
"Sales",27800,"Sommer","Baruch"
"Sales",27815,"Gulla","Abdulah"
"Sales",27912,"Worfolk","Domenick"
"Sales",27990,"Meszaros","Morris"
"Sales",28001,"Slutz","Sachar"
"Sales",28265,"Bain","Frederique"
"Sales",28302,"Minakawa","Ugo"
"Sales",28340,"Provine","Hongzhu"
"Sales",28374,"Delgrossi","Yonghoan"
"Sales",28648,"Luca","Nagui"
"Sales",28688,"Pargaonkar","Tesuya"
"Sales",28689,"Lores","Jessie"
"Sales",28739,"Wixon","Elliott"
"Sales",29095,"Murthy","Djenana"
"Sales",29210,"Collette","Uzi"
"Sales",29413,"Highland","Basem"
"Sales",29431,"Bresenham","Jeong"
"Sales",29435,"Gajiwala","Neven"
"Sales",29787,"Wiegley","Guoxiang"
"Sales",29820,"Segond","Nidapan"
"Sales",29887,"Fandrianto","Boaz"
"Sales",29909,"Menyhert","Arvind"
"Sales",30105,"Usery","Doowon"
"Sales",30114,"Asrin","Mikhail"
"Sales",30163,"Attimonelli","Hyuckchul"
"Sales",30209,"Aloisi","Yannis"
"Sales",30211,"Erol","Vasilis"
"Sales",30439,"Lamba","Masasuke"
"Sales",30518,"Mandelberg","Eran"
"Sales",30529,"Cooley","Edwin"
"Sales",30567,"Nitta","Duke"
"Sales",30570,"Khalid","Kristian"
"Sales",30581,"Porotnikoff","Berhard"
"Sales",30757,"Boissier","Wonhee"
"Sales",30776,"Rosti","Wanqing"
"Sales",30788,"Schaft","Kazuhisa"
"Sales",30843,"Leppanen","Monique"
"Sales",30874,"Luck","Amstein"
"Sales",30900,"Gaughan","Alexius"
"Sales",31109,"Mersereau","Kankanahalli"
"Sales",31116,"Pagter","Vitali"
"Sales",31127,"Puppo","Mizuhito"
"Sales",31165,"Impagliazzo","Sachin"
"Sales",31200,"Leslie","Dannz"
"Sales",31219,"Magliocco","Tianruo"
"Sales",31479,"Taneja","Gennadi"
"Sales",31520,"Kilgour","Shaowei"
"Sales",31535,"Sidou","Mong"
"Sales",31586,"Frezza","Paris"
"Sales",31766,"Masand","Rance"
"Sales",31792,"Belinskaya","Rosita"
"Sales",31807,"Stiles","Dekang"
"Sales",31839,"Mundy","Demos"
"Sales",31859,"Farrel","Giap"
"Sales",32281,"Toyoshima","Yinlin"
"Sales",32303,"Merli","Bodh"
"Sales",32336,"Cannata","Giao"
"Sales",32651,"Claffy","Berhard"
"Sales",32674,"Rindone","Zeydy"
"Sales",32691,"Simmen","Ghassan"
"Sales",32742,"Sommen","Luigi"
"Sales",32757,"Azadmanesh","Hausi"
"Sales",33008,"Birnbaum","Keiichiro"
"Sales",33032,"Hasham","Heping"
"Sales",33058,"Shimshoni","Tze"
"Sales",33075,"Gladwell","Mads"
"Sales",33269,"Trelles","Sugwoo"
"Sales",33275,"Ramalingam","Masaru"
"Sales",33348,"Caine","Boutros"
"Sales",33367,"Hiyoshi","Eric"
"Sales",33369,"Gargeya","Florian"
"Sales",33644,"Beilner","Dmitry"
"Sales",33698,"Dalton","Mohan"
"Sales",33718,"Heiserman","Gennady"
"Sales",33738,"Champarnaud","Yakkov"
"Sales",34003,"Zumaque","Mana"
"Sales",34072,"Backhouse","Waiman"
"Sales",34486,"Nergos","Fatemeh"
"Sales",34794,"Silva","Aleksander"
"Sales",34804,"Raczkowsky","Debatosh"
"Sales",34822,"Baranowski","Chrisa"
"Sales",34860,"Veldwijk","Stafford"
"Sales",35137,"Collavizza","Tonny"
"Sales",35150,"Roisin","Deborah"
"Sales",35157,"Picci","Elliott"
"Sales",35165,"Demri","Martins"
"Sales",35187,"Boudaillier","Xiong"
"Sales",35196,"Speek","Reinhard"
"Sales",35233,"Tasistro","Pradeep"
"Sales",35242,"Flasterstein","Ingmar"
"Sales",35248,"Passafiume","Tua"
"Sales",35472,"Talmon","Mountaz"
"Sales",35558,"Staudhammer","Kshitij"
"Sales",35563,"Frijda","Ghassan"
"Sales",35814,"Gurbaxani","Maik"
"Sales",35897,"Baaz","Poorav"
"Sales",35899,"Cannard","Cathie"
"Sales",35932,"Zuberek","Annemarie"
"Sales",35934,"Dymetman","Jaewon"
"Sales",35937,"Plesums","Luise"
"Sales",36974,"Bugaenko","Kagan"
"Sales",36977,"Erev","Shigenori"
"Sales",36998,"Maliniak","Phule"
"Sales",37086,"Prampolini","Jaewoo"
"Sales",37314,"Couchot","Rosella"
"Sales",37318,"Isard","Alejandro"
"Sales",37326,"Nanard","Mohit"
"Sales",37331,"Szilard","Muneo"
"Sales",37335,"Curless","Chandrasekaran"
"Sales",37414,"Setlzner","Jahangir"
"Sales",37661,"Begiun","Masamitsu"
"Sales",37674,"Sinitsyn","Vitali"
"Sales",37686,"Ohori","Kiyokazu"
"Sales",37717,"Lichtman","Arunachalam"
"Sales",37977,"Scallan","Nahid"
"Sales",37979,"Porotnikoff","Anyuan"
"Sales",38012,"Beznosov","Quingbo"
"Sales",38085,"Keohane","Anoosh"
"Sales",38418,"Bahi","Kerryn"
"Sales",38839,"Kirkerud","Lunjin"
"Sales",38944,"Oskamp","Honglan"
"Sales",39510,"Gips","Lucian"
"Sales",39596,"Kadhim","Toshimori"
"Sales",39856,"Barinka","Goo"
"Sales",39924,"Mitina","Anestis"
"Sales",40136,"Sevcikova","Ishfaq"
"Sales",40144,"Leslie","Uta"
"Sales",40195,"Roisin","Jingling"
"Sales",40268,"Kroha","Shaw"
"Sales",40475,"Noriega","Deniz"
"Sales",40584,"Zykh","Dmitry"
"Sales",40962,"Condotta","Chuanyi"
"Sales",40999,"Cmelik","Zvonko"
"Sales",41024,"Huhdanpaa","Owen"
"Sales",41298,"Cesareni","Elvia"
"Sales",41372,"Luff","Toney"
"Sales",41394,"Simkin","Koldo"
"Sales",41403,"Wrigley","Khedija"
"Sales",41448,"Standera","Nahum"
"Sales",41452,"Selenyi","Uwe"
"Sales",41539,"Turnbull","Dulce"
"Sales",41559,"Fontan","Gully"
"Sales",41605,"Hebden","Padma"
"Sales",41659,"Mansanne","Lene"
"Sales",41728,"Rahimi","Shigehito"
"Sales",41737,"Sethi","Supot"
"Sales",41780,"Gurbaxani","Ebru"
"Sales",41873,"Lorys","Bokyung"
"Sales",41903,"Ravishankar","Adamantios"
"Sales",41947,"Kawashima","Tse"
"Sales",42371,"Mersereau","Pragnesh"
"Sales",42381,"Trelles","Danai"
"Sales",42391,"Haumacher","Wojceich"
"Sales",42452,"Sidou","Itzchak"
"Sales",42557,"Makrucki","Adin"
"Sales",42625,"Swick","Harngdar"
"Sales",42861,"Arlazarov","Aral"
"Sales",42868,"Takanami","Menkae"
"Sales",42880,"Birke","Radhia"
"Sales",42918,"Serra","Evgueni"
"Sales",42936,"Nitsche","Chuanti"
"Sales",42938,"Hiroyama","Yuuichi"
"Sales",42946,"Murillo","Randi"
"Sales",43162,"Benveniste","Abdelghani"
"Sales",43356,"Steenbeek","Younwoo"
"Sales",43430,"Billingsley","Reinhard"
"Sales",43707,"Fritzsche","Gudjon"
"Sales",43728,"Demeyer","Kersti"
"Sales",43745,"Thambidurai","Temple"
"Sales",43809,"Thiran","Adin"
"Sales",43862,"Eppinger","Reinhold"
"Sales",43905,"Fadgyas","Gadiel"
"Sales",43938,"Munch","Erzsebet"
"Sales",43957,"Nastansky","Bilhanan"
"Sales",44042,"Ladret","Susuma"
"Sales",44049,"Cochrane","Sergi"
"Sales",44062,"Hertweck","Yurij"
"Sales",44089,"Kinley","Kasturi"
"Sales",44157,"Schwartzbauer","Erzsebet"
"Sales",44218,"Jeong","Goh"
"Sales",44294,"Douceur","Yoshinari"
"Sales",44315,"Manderick","Toshiki"
"Sales",44325,"Gini","Bernt"
"Sales",44365,"Solovay","Mooi"
"Sales",44457,"Vuskovic","Saddek"
"Sales",44474,"Kavraki","Shuzo"
"Sales",44870,"Orlowski","Xiong"
"Sales",44938,"Potthoff","Valdiodio"
"Sales",45256,"Puppo","Berry"
"Sales",45284,"Swift","Tesuro"
"Sales",45308,"Coullard","Toong"
"Sales",45385,"Rosaz","Conrado"
"Sales",45432,"Barreiro","Richard"
"Sales",45535,"Nilsson","Danco"
"Sales",45572,"Lowrie","Uri"
"Sales",45574,"Pena","KayLiang"
"Sales",45861,"Melton","Leaf"
"Sales",45862,"Pietrzykowski","Saniya"
"Sales",45976,"Trystram","Tianruo"
"Sales",46196,"Pero","Oscal"
"Sales",46228,"Pena","Ghassan"
"Sales",46259,"Chleq","Hyuncheol"
"Sales",46290,"Erie","Yinghua"
"Sales",46292,"Bellone","Rance"
"Sales",46488,"Byoun","Zhanqiu"
"Sales",46553,"Shimshoni","Dmitri"
"Sales",46637,"Shackel","Mayuko"
"Sales",46641,"Auyong","Mayuko"
"Sales",46821,"Diderrich","Gian"
"Sales",46902,"Brender","Lena"
"Sales",46963,"Cesareni","Val"
"Sales",46976,"Sessa","Francesca"
"Sales",47180,"Monarch","Tesuro"
"Sales",47219,"Senzako","Kyoichi"
"Sales",47247,"Karnin","Ebbe"
"Sales",47266,"Brattka","Luigi"
"Sales",47657,"Vigier","Ayonca"
"Sales",47770,"Sridhar","Conrado"
"Sales",48006,"Edelhoff","Bowen"
"Sales",48060,"Leuchs","Ziya"
"Sales",48349,"Bultermann","Toong"
"Sales",48394,"Siegrist","Jianhua"
"Sales",48412,"Melski","Aimee"
"Sales",48483,"Munch","Alejandra"
"Sales",48817,"Kowalchuk","Heekeun"
"Sales",49046,"Ritzmann","Neelam"
"Sales",49058,"Rabejac","Kazuhiko"
"Sales",49060,"Karcich","Vivian"
"Sales",49077,"Siprelle","Kasturi"
"Sales",49094,"Jiang","Lihong"
"Sales",49096,"Picel","Christoper"
"Sales",49149,"Schusler","Salvador"
"Sales",49335,"Breugel","Gunilla"
"Sales",49345,"Larfeldt","Idoia"
"Sales",49369,"Ecklund","Berna"
"Sales",49379,"Masand","Mahmut"
"Sales",49399,"Gargeya","Ranan"
"Sales",49843,"Chorvat","Genki"
"Sales",49871,"Nishimukai","Toong"
"Sales",49877,"Hashii","Maja"
"Sales",49938,"Falco","Aral"
"Sales",49973,"Billawala","Stabislas"
"Sales",49975,"Sudkamp","Geoff"
"Sales",50201,"Itzfeldt","Sachem"
"Sales",50248,"Constantine","Khaled"
"Sales",50268,"Borovoy","Danil"
"Sales",50514,"Gecseg","Anneli"
"Sales",50860,"Thorelli","Udaiprakash"
"Sales",50870,"Chinin","Jouni"
"Sales",50906,"Ibel","Djenana"
"Sales",50955,"Plump","Susuma"
"Sales",51172,"Ramalingam","Niranjan"
"Sales",51200,"Ozeri","Gaurav"
"Sales",51272,"Nooteboom","Godehard"
"Sales",51331,"Pusterhofer","Jackson"
"Sales",51767,"Kaiser","Boguslaw"
"Sales",51810,"Marciano","Vivian"
"Sales",52020,"Michaeli","Teunis"
"Sales",52088,"Collette","Sreekrishna"
"Sales",52121,"Strooper","Juyoung"
"Sales",52125,"Mitzlaff","Suebskul"
"Sales",52348,"Radwan","Junsik"
"Sales",52383,"Benzmuller","Mrinalini"
"Sales",52384,"Bellmore","Naraig"
"Sales",52406,"Lupu","Duangkaew"
"Sales",52420,"Pramanik","Badri"
"Sales",52497,"Ferriere","Marc"
"Sales",52693,"Figueira","Peer"
"Sales",52801,"Jiang","Tran"
"Sales",52828,"Merey","Serenella"
"Sales",53012,"Muchinsky","Yongdong"
"Sales",53167,"Swist","Sastry"
"Sales",53514,"Dayana","Navid"
"Sales",53977,"Unno","Alper"
"Sales",53992,"Chiodo","Yannik"
"Sales",54217,"Madeira","Yechiam"
"Sales",54260,"Bamford","Lucien"
"Sales",54296,"Bresenham","Masadi"
"Sales",54301,"Marzano","Adhemar"
"Sales",54558,"Pokrovskii","Hidde"
"Sales",54591,"Yoshimura","Josyula"
"Sales",54686,"Antonakopoulos","Yefim"
"Sales",54970,"Fordan","Jouni"
"Sales",55238,"Maquelin","Elvia"
"Sales",55349,"Merro","Jingling"
"Sales",55761,"Baaz","Berhard"
"Sales",55764,"Fadgyas","Chiranjit"
"Sales",55769,"Coombs","Geoffrey"
"Sales",55796,"Milicia","Qiwen"
"Sales",55803,"Sommen","Jayesh"
"Sales",55835,"Waymire","Nechama"
"Sales",55841,"Kadhim","Susanne"
"Sales",56039,"Nicolson","Greger"
"Sales",56047,"Engelmann","Mircea"
"Sales",56086,"Cooman","Yuuichi"
"Sales",56138,"Waymire","Filipp"
"Sales",56188,"Eppinger","Mabhin"
"Sales",56430,"Klassen","Tesuya"
"Sales",56453,"Assaf","Evgueni"
"Sales",56505,"Matzat","Kwan"
"Sales",56742,"Conry","Parto"
"Sales",56746,"Fadgyas","Mads"
"Sales",56812,"Merli","Ohad"
"Sales",56854,"Brodal","Duro"
"Sales",57155,"Brattka","Lene"
"Sales",57162,"Schueller","Sadegh"
"Sales",57164,"Gecsel","Manu"
"Sales",57185,"Ponthieu","Babette"
"Sales",57381,"Ginesta","Kousuke"
"Sales",57399,"Matzke","Doowon"
"Sales",57880,"Brodie","Mandell"
"Sales",57894,"Azumi","Lein"
"Sales",57972,"Malinowski","Gian"
"Sales",57977,"Leuchs","Zhongwei"
"Sales",57996,"Xiaoshan","Zhonghua"
"Sales",58028,"Keirsey","Honesty"
"Sales",58033,"Etalle","Maren"
"Sales",58569,"Emiris","Moriyoshi"
"Sales",58622,"Kaelbling","Malu"
"Sales",58625,"Birsak","Noritoshi"
"Sales",58644,"Ermel","Atilio"
"Sales",58655,"Munro","Neelam"
"Sales",58891,"Munawer","Make"
"Sales",58904,"Validov","Moti"
"Sales",58917,"Kragelund","Leon"
"Sales",58932,"Seuren","Horward"
"Sales",58946,"Suomi","Wayne"
"Sales",58959,"Gecseg","Younwoo"
"Sales",60191,"Gire","Mahmut"
"Sales",60448,"Irland","Piyush"
"Sales",60469,"Kampfer","Angel"
"Sales",62455,"Plumb","Moty"
"Sales",62472,"Buescher","Renee"
"Sales",62489,"Erol","Fox"
"Sales",63030,"Zhiwei","Achilleas"
"Sales",63037,"Bazzichi","Urs"
"Sales",63038,"Hasham","Abdelaziz"
"Sales",63229,"Lunn","Uzi"
"Sales",63257,"Trogemann","Elvis"
"Sales",63329,"Schaaf","Mart"
"Sales",63615,"Rehfuss","Barry"
"Sales",63979,"Strehl","Idoia"
"Sales",64079,"Pagter","Shaibal"
"Sales",64173,"Koshiba","Fumiko"
"Sales",64183,"Norsworthy","Gonzalo"
"Sales",64220,"Basart","Berhard"
"Sales",64231,"Hiraishi","Baoqiu"
"Sales",64262,"Raoux","Huan"
"Sales",64324,"Bellmore","Bedir"
"Sales",64353,"Legleitner","Sachin"
"Sales",64398,"Perna","Nectarios"
"Sales",64422,"Shigei","Lalit"
"Sales",64441,"Rusterholz","Katsuyuki"
"Sales",64922,"Zeilberger","Shuzo"
"Sales",64932,"Ramsay","Suvo"
"Sales",64983,"Huxford","Ziyad"
"Sales",65019,"Penn","Dipankar"
"Sales",65059,"Schurmann","Zhenbing"
"Sales",65544,"Verhaegen","Fox"
"Sales",66083,"Reistad","Mamdouh"
"Sales",66111,"Massonet","Udi"
"Sales",66119,"Itschner","Bernt"
"Sales",66125,"Begiun","Waiman"
"Sales",66138,"Itzfeldt","Mats"
"Sales",66229,"Mayerwieser","Dannz"
"Sales",66800,"Sundgren","Bernd"
"Sales",66814,"Barvinok","Yoshinari"
"Sales",66841,"Ranum","Make"
"Sales",66872,"Itschner","Herbert"
"Sales",67277,"Aamodt","Teiji"
"Sales",67360,"Liedekerke","Bangqing"
"Sales",67367,"Birch","Karlis"
"Sales",67402,"Ruemmler","Maya"
"Sales",67976,"Cangellaris","Gurbir"
"Sales",68028,"Syang","Richara"
"Sales",68031,"Candan","Guoxiang"
"Sales",68071,"Luef","Denny"
"Sales",68474,"Jayawardene","Rosalie"
"Sales",68527,"Pehl","Shaowei"
"Sales",68567,"Kroon","Zhilian"
"Sales",68572,"Peha","Rafail"
"Sales",68580,"Matteis","Xiaoqiang"
"Sales",69096,"Assaf","Shugo"
"Sales",69213,"Bernini","Olivera"
"Sales",69216,"Bonifati","Yagil"
"Sales",69219,"Redmiles","Shuky"
"Sales",69247,"Zockler","Giap"
"Sales",69659,"Chleq","Hongzhu"
"Sales",69717,"Gecsei","Boalin"
"Sales",70101,"Hooghiemstra","Mats"
"Sales",70222,"Jakobus","Qunsheng"
"Sales",70276,"Schwaller","Weiwu"
"Sales",70277,"Luke","Idoia"
"Sales",70310,"Ranai","Neven"
"Sales",70333,"Heuser","Mrinalini"
"Sales",70886,"Bierman","Krassimir"
"Sales",70988,"DasSarma","Ziyad"
"Sales",71168,"Chiola","Bartek"
"Sales",71627,"Ranta","Aria"
"Sales",71655,"Barreiro","Kish"
"Sales",71726,"Murillo","Yuuichi"
"Sales",71752,"Maraist","Shunichi"
"Sales",71776,"Zucker","Ramachenga"
"Sales",71816,"Leslie","Ziyad"
"Sales",71851,"Gurbaxani","Kristen"
"Sales",71892,"Heemskerk","Alagu"
"Sales",72107,"Samarati","Maia"
"Sales",72142,"Guerreiro","Hyuckchul"
"Sales",72176,"Thibadeau","Olivera"
"Sales",72226,"Gecseg","Nectarios"
"Sales",72241,"Bharadwaj","Howell"
"Sales",72254,"Cooley","Ohad"
"Sales",72802,"Staudhammer","Serenella"
"Sales",72805,"Emden","Lijia"
"Sales",72909,"Lunn","Mariusz"
"Sales",72918,"Szilard","Takahira"
"Sales",73274,"Chaudhuri","Dinkar"
"Sales",73381,"Foote","Magy"
"Sales",73391,"Bierman","Eben"
"Sales",73412,"Zucker","Sreekrishna"
"Sales",73616,"Pehl","Bedir"
"Sales",73685,"Fujisaki","Yurii"
"Sales",73842,"Esteva","Seongbin"
"Sales",73855,"Blokdijk","Greger"
"Sales",73924,"Simmen","Heather"
"Sales",74120,"Piveteau","Uzi"
"Sales",74147,"Quittner","Gift"
"Sales",74162,"Narlikar","Froduald"
"Sales",74182,"Stasinski","Takushi"
"Sales",74270,"Vieri","Janche"
"Sales",74290,"Menhardt","Geoffrey"
"Sales",74331,"Taubman","Christophe"
"Sales",74350,"Rassart","Duri"
"Sales",74393,"Lemarechal","Giri"
"Sales",74405,"Vecchi","Fai"
"Sales",74429,"Ranta","Lein"
"Sales",74433,"Radhakrishnan","Dung"
"Sales",74560,"Trumbly","Emdad"
"Sales",74587,"Alvarado","Matk"
"Sales",74596,"Oppitz","Rance"
"Sales",74957,"Ducloy","Berni"
"Sales",74971,"Engelmann","Aleksander"
"Sales",75092,"Malabarba","Fumiyo"
"Sales",75338,"Peac","Bokyung"
"Sales",75351,"Baig","Mountaz"
"Sales",75641,"Homond","Becky"
"Sales",75663,"Baez","Mark"
"Sales",75994,"Michaeli","Muzhong"
"Sales",76089,"Kilgore","Remzi"
"Sales",76454,"Czaja","Yuchang"
"Sales",76480,"Klassen","Kazuhisa"
"Sales",76495,"Cangellaris","Zhonghua"
"Sales",76531,"Hebden","Bodo"
"Sales",76534,"Lieberherr","Pantung"
"Sales",76635,"Pell","Adil"
"Sales",76636,"Gomatam","Xiaoshan"
"Sales",76665,"Lores","Barton"
"Sales",76757,"Halloran","Marsal"
"Sales",76774,"Montemayor","Zsolt"
"Sales",76867,"Schapiro","Uri"
"Sales",76924,"Cooke","Dmitry"
"Sales",76927,"Millington","Heeju"
"Sales",76937,"Matzat","Shuji"
"Sales",76955,"Molenkamp","Jingling"
"Sales",76962,"Bodoff","Ebru"
"Sales",76984,"Riefers","Gilbert"
"Sales",76987,"Schaad","Haldon"
"Sales",77027,"Xiaoshan","IEEE"
"Sales",77057,"Baalen","Kokou"
"Sales",77075,"Picaronny","Steen"
"Sales",77093,"Shackell","Stamatina"
"Sales",77108,"Stemann","Zeydy"
"Sales",77172,"Erie","Arch"
"Sales",77285,"McDermid","JiYoung"
"Sales",77312,"Haddadi","Giordano"
"Sales",77325,"Brickell","Feiyu"
"Sales",77343,"Munke","Shirish"
"Sales",77370,"Camurati","Saeed"
"Sales",77436,"Wallrath","Juichirou"
"Sales",77462,"Karnin","Idoia"
"Sales",77522,"Giaccio","Marie"
"Sales",77574,"Keustermans","Lalit"
"Sales",77657,"Kroft","Miomir"
"Sales",77706,"Nitsch","Yinlin"
"Sales",77707,"McFarlan","Fen"
"Sales",77718,"Erie","Kristen"
"Sales",77733,"Henseler","Lijie"
"Sales",77866,"Krupka","Noritoshi"
"Sales",78011,"Petersohn","Masoud"
"Sales",78046,"Gniady","Shuichi"
"Sales",78048,"Jumpertz","Jaewoo"
"Sales",78148,"Peyn","Iara"
"Sales",78163,"Andreotta","Ult"
"Sales",78262,"Linnainmaa","Alain"
"Sales",78327,"Stranks","Tetsushi"
"Sales",78334,"Schade","Saniya"
"Sales",78420,"Danlos","Heon"
"Sales",78447,"Bahk","Chiranjit"
"Sales",78485,"Weedman","Guther"
"Sales",78505,"Stasinski","Haldun"
"Sales",78528,"Panangaden","Fai"
"Sales",78594,"Wielonsky","Moon"
"Sales",78608,"Chorvat","Youpyo"
"Sales",78615,"Zaumen","Christ"
"Sales",78667,"Bahk","Shahab"
"Sales",78676,"Birjandi","Mona"
"Sales",78697,"Stavenow","Troy"
"Sales",78760,"Eterovic","Tsutomu"
"Sales",78770,"Miculan","Erzsebet"
"Sales",78775,"Ravishankar","Remmert"
"Sales",78787,"Ruther","Weijing"
"Sales",78826,"Rabehasaina","Masali"
"Sales",78917,"Bazzichi","Dayanand"
"Sales",79080,"Schrooten","Shunichi"
"Sales",79105,"Cullers","Sasan"
"Sales",79113,"Khamsi","Lorien"
"Sales",79143,"Covnot","Taisook"
"Sales",79186,"Soloway","Maris"
"Sales",79241,"Billawala","Odinaldo"
"Sales",79244,"Bashian","Yuriy"
"Sales",79289,"Bergere","Gao"
"Sales",79317,"Sherertz","Paraskevi"
"Sales",79333,"Kalsbeek","Mari"
"Sales",79349,"Etalle","Ishfaq"
"Sales",79390,"Shigei","Bernt"
"Sales",79415,"Esposito","Sibyl"
"Sales",79425,"Cannard","Lijie"
"Sales",79426,"Weedman","Lidong"
"Sales",79435,"Butner","Chinhyun"
"Sales",79509,"Akiyama","Vitaly"
"Sales",79625,"Falby","Kristine"
"Sales",79653,"Cools","Anestis"
"Sales",79677,"Mundy","Kwangho"
"Sales",79711,"Cyne","Boaz"
"Sales",79742,"Fiutem","Vishwani"
"Sales",79756,"Colorni","Bezalel"
"Sales",79760,"Braunmuhl","Poornachandra"
"Sales",79881,"Beerel","King"
"Sales",79894,"Cheshire","Udi"
"Sales",79961,"Luks","Rosalyn"
"Sales",79980,"Flasterstein","Shai"
"Sales",80032,"Isaac","Yurij"
"Sales",80034,"Fujisaki","Shaowen"
"Sales",80063,"Hoogerwoord","Arie"
"Sales",80078,"Chinal","Tamiya"
"Sales",80234,"Naudin","Chanjung"
"Sales",80256,"Itzigehl","Sibyl"
"Sales",80448,"Kalloufi","Nahla"
"Sales",80487,"Marciano","Mori"
"Sales",80668,"Ressouche","Nirmal"
"Sales",80685,"Falby","Takahira"
"Sales",80706,"Hardjono","Garnik"
"Sales",80763,"Merro","Bader"
"Sales",80837,"Tempesti","Nigel"
"Sales",80838,"Ruemmler","Cheong"
"Sales",80871,"Sidhu","Anyuan"
"Sales",80901,"Wissmann","Kazuhisa"
"Sales",80926,"Zaumen","Tremaine"
"Sales",80985,"Baaz","Bedrich"
"Sales",81072,"Siprelle","Augustine"
"Sales",81150,"Kugler","Shahar"
"Sales",81221,"Capobianchi","Srinidhi"
"Sales",81240,"Piveteau","Martijn"
"Sales",81290,"Strooper","Shigenori"
"Sales",81294,"Waterhouse","Hilary"
"Sales",81332,"Peck","Stamatina"
"Sales",81386,"Schusler","Abdelghani"
"Sales",81410,"Asrin","Wuxu"
"Sales",81423,"Schade","Steen"
"Sales",81451,"Khasidashvili","Guadalupe"
"Sales",81505,"Spelt","Sergi"
"Sales",81517,"Reutenauer","Xiong"
"Sales",81669,"Seiwald","Neelam"
"Sales",81824,"Gomatam","Mats"
"Sales",81831,"Erol","Mantis"
"Sales",81837,"Fontet","Haldun"
"Sales",81864,"Henders","Chaitali"
"Sales",81866,"Luby","Kazuhito"
"Sales",81881,"Schmiedel","Goo"
"Sales",81933,"Lunn","Vatsa"
"Sales",81946,"Osgood","Panayotis"
"Sales",82018,"Chimia","Basant"
"Sales",82061,"Byoun","Oscar"
"Sales",82064,"Bridgland","Nahum"
"Sales",82089,"Menhoudj","Shuji"
"Sales",82125,"Otillio","Ravishankar"
"Sales",82145,"Pagter","Zhongwei"
"Sales",82203,"Billawala","Koichi"
"Sales",82217,"Krybus","Aloys"
"Sales",82218,"Schreiter","Pranav"
"Sales",82228,"Ghelli","Matk"
"Sales",82229,"Fairtlough","Gilbert"
"Sales",82239,"Fairtlough","Uinam"
"Sales",82280,"Farrel","Woody"
"Sales",82286,"Genin","Radhika"
"Sales",82302,"Lung","Udo"
"Sales",82308,"Herber","Vishwani"
"Sales",82361,"Schreiter","Genta"
"Sales",82371,"Erev","Frederique"
"Sales",82398,"Heinisuo","Gladys"
"Sales",82412,"Rosenbaum","Ugo"
"Sales",82472,"Rajaraman","Wayne"
"Sales",82660,"Sudbeck","Chaosheng"
"Sales",82669,"Welham","Froduald"
"Sales",82739,"Stassinopoulos","Chenye"
"Sales",82742,"Peternell","Shugo"
"Sales",82795,"Gammage","Rosine"
"Sales",83072,"Bultermann","Gererd"
"Sales",83112,"Holburn","Morrie"
"Sales",83452,"Nivat","Arra"
"Sales",83868,"Serot","Barton"
"Sales",83891,"Falster","Gopalakrishnan"
"Sales",83961,"Gimarc","Hidde"
"Sales",84184,"Castellani","Chuanyi"
"Sales",84579,"Montemayor","Frederique"
"Sales",84588,"Babu","Uinam"
"Sales",84641,"Demri","Gaurav"
"Sales",84839,"Masamoto","Ulises"
"Sales",85338,"Janetzko","Tru"
"Sales",85363,"Chartres","Troy"
"Sales",85376,"Dalphin","Kien"
"Sales",85411,"Levasseur","Qiwen"
"Sales",85440,"Birta","Marjo"
"Sales",85445,"Pollock","Yongdong"
"Sales",85481,"Monarch","Jouni"
"Sales",85726,"Kroft","Erzsebet"
"Sales",85732,"Rodier","Mark"
"Sales",85743,"Wissmann","Ramalingam"
"Sales",85744,"Papadias","Bouchung"
"Sales",85784,"Cronau","Nechama"
"Sales",86019,"Mitsuhashi","Monique"
"Sales",86033,"Smailagic","Richard"
"Sales",86034,"Asrin","Shirish"
"Sales",86037,"Badache","Khaled"
"Sales",86046,"Hardjono","Sachem"
"Sales",86519,"Denis","Armond"
"Sales",86552,"Wielonsky","Tetsurou"
"Sales",86578,"Poujol","Evgueni"
"Sales",86618,"Nicolson","Nidapan"
"Sales",87172,"Mateescu","Miquel"
"Sales",87246,"Melichar","Boaz"
"Sales",87256,"Gulik","Jovan"
"Sales",87282,"Caine","Uwe"
"Sales",87673,"Yetto","Halsur"
"Sales",87751,"Frolund","Lakshmi"
"Sales",87787,"Luca","Shin"
"Sales",87789,"Rosenbaum","Froduald"
"Sales",88010,"Ventosa","Prodip"
"Sales",88055,"Schlumberger","Taizo"
"Sales",88091,"Mondadori","Karsten"
"Sales",88092,"Hartvigsen","Barna"
"Sales",88107,"Alpin","Valery"
"Sales",88857,"Toyoshima","Hideo"
"Sales",88966,"Lally","Mani"
"Sales",89352,"Ramamoorthy","Mitchel"
"Sales",89423,"Chiodo","Angus"
"Sales",89424,"Roison","Shahab"
"Sales",90011,"Raoux","Hideyuki"
"Sales",90078,"Champarnaud","Susuma"
"Sales",90085,"Oppitz","Branimir"
"Sales",90093,"Schwabacher","Richara"
"Sales",90122,"Halevi","Taisook"
"Sales",90158,"Cappelli","JiYoung"
"Sales",90418,"Awdeh","Mart"
"Sales",90531,"Munck","Sashi"
"Sales",90553,"Bondorf","Bezalel"
"Sales",90714,"Manderick","Boriana"
"Sales",90826,"Ressouche","Odoardo"
"Sales",91756,"Vandervoorde","Xiaobin"
"Sales",91786,"Rajala","Feiyu"
"Sales",91795,"Cullers","Bojan"
"Sales",91821,"Shigei","Serif"
"Sales",92017,"Laurillard","Tiina"
"Sales",92121,"Kakkad","Mototsugu"
"Sales",92194,"Christ","Chaoyi"
"Sales",92202,"Beidas","Hatsukazu"
"Sales",92231,"Rikino","Mana"
"Sales",92241,"Oaver","Zeydy"
"Sales",92253,"Schwartzburd","Hailing"
"Sales",92272,"Snyers","Tse"
"Sales",92314,"Hutter","Chinho"
"Sales",92323,"Azuma","Florina"
"Sales",92520,"Passino","Berhard"
"Sales",92527,"Koblick","Christoph"
"Sales",92854,"McFarlan","Rafael"
"Sales",92887,"Oxenboll","Kazuhiro"
"Sales",92890,"Hebert","Xudong"
"Sales",92915,"Biran","Susumu"
"Sales",92922,"Eiter","Aluzio"
"Sales",92984,"Cooke","Shiv"
"Sales",93197,"Magliocco","Arie"
"Sales",93221,"McDermid","Sanjit"
"Sales",93241,"Borstler","Juichirou"
"Sales",93270,"Halloran","Stepehn"
"Sales",93309,"Binkley","Rasiah"
"Sales",93332,"Uhrig","Roselyn"
"Sales",93344,"Escriba","Bernardo"
"Sales",93786,"Armand","Satoru"
"Sales",94059,"Hardjono","Jeanne"
"Sales",94178,"Mondadori","Zhanqiu"
"Sales",94182,"Vesna","Shigeo"
"Sales",94416,"Cesareni","Aran"
"Sales",94446,"Luke","Tomoyuki"
"Sales",94493,"Lichtman","Filipp"
"Sales",94716,"Matzel","Suzette"
"Sales",94746,"Eiter","Thodoros"
"Sales",94770,"Gomatam","Kamran"
"Sales",94775,"Kilgore","Moie"
"Sales",94914,"Preusig","Ranan"
"Sales",94926,"Bresenham","Urs"
"Sales",95030,"Yetto","Gianluca"
"Sales",95080,"Gips","Yolla"
"Sales",95405,"Ellozy","Phillip"
"Sales",95409,"Heydon","Mats"
"Sales",95413,"Strandh","Sachem"
"Sales",95864,"Munck","Janalee"
"Sales",96040,"Rosti","Maia"
"Sales",96043,"Chiola","Nevio"
"Sales",96110,"Asrin","Chuanti"
"Sales",96117,"Desikan","Arunachalam"
"Sales",96127,"Jarecki","Duke"
"Sales",96184,"Chiodo","Shietung"
"Sales",96378,"Gimbel","Hyuckchul"
"Sales",96379,"Perez","Oguz"
"Sales",96380,"Yamaashi","LiMin"
"Sales",96407,"Veccia","Hidde"
"Sales",96414,"Covnot","Mahmut"
"Sales",96488,"Lund","Feixiong"
"Sales",96715,"Merle","Valeri"
"Sales",96856,"Compeau","Sachio"
"Sales",96860,"Bain","Weiyi"
"Sales",96868,"Shimshoni","Huan"
"Sales",97044,"Rindone","Howell"
"Sales",97090,"Camurati","Bartek"
"Sales",97121,"Lindqvist","Kristina"
"Sales",97135,"Underwood","Mechthild"
"Sales",97155,"Beidas","Mikhail"
"Sales",97191,"Tetzlaff","Eldridge"
"Sales",97648,"Kornyak","Suvo"
"Sales",97662,"Matzke","Kwun"
"Sales",97666,"Alencar","Spyrose"
"Sales",97689,"Zeidenstein","Maria"
"Sales",97885,"Edelhoff","Seshu"
"Sales",97991,"Linares","Munir"
"Sales",98033,"Masaki","Jaewoo"
"Sales",98251,"Mukaidono","Branimir"
"Sales",98299,"Sgarro","Deborah"
"Sales",98377,"Flanders","Steve"
"Sales",98972,"Marquardt","Yuguang"
"Sales",99014,"Siprelle","Adly"
"Sales",99037,"Giveon","Duke"
"Sales",99083,"Horswill","Sanjoy"
"Sales",99132,"Zschoche","Ingmar"
"Sales",99133,"Peternell","Jaideep"
"Sales",99421,"Tchuente","Jayson"
"Sales",99509,"Luft","Eldridge"
"Sales",99540,"Rusterholz","Erzsebet"
"Sales",99550,"Hebert","Tsvetan"
"Sales",100081,"Kleiser","Christoper"
"Sales",100091,"Rabejac","Barun"
"Sales",100104,"Lieberherr","Sibyl"
"Sales",100134,"Bugrara","Hideo"
"Sales",100444,"Itzigehl","Arno"
"Sales",100451,"Kuhnemann","Shir"
"Sales",100458,"Rosch","Keiichiro"
"Sales",100488,"Luce","Kayoko"
"Sales",100511,"Kenevan","Danae"
"Sales",100555,"Gecsel","Lucien"
"Sales",100563,"Jonsson","Shahaf"
"Sales",100628,"Ashish","Arno"
"Sales",100658,"Antonakopoulos","Uma"
"Sales",100686,"Beausoleil","TRUE"
"Sales",100946,"Lundstrom","Zengping"
"Sales",100983,"Gini","Subbu"
"Sales",101008,"Meriste","Oscal"
"Sales",101022,"Masada","Giao"
"Sales",101023,"Winter","Marjo"
"Sales",101030,"Milicic","Khun"
"Sales",101101,"Hiroyama","Sreekrishna"
"Sales",101177,"Linares","Shir"
"Sales",101487,"Sury","Abdelaziz"
"Sales",101539,"Rotem","Shigehito"
"Sales",101735,"Masand","Shigeu"
"Sales",101802,"Boguraev","Spyrose"
"Sales",101906,"Jording","Boutros"
"Sales",101913,"Carrere","Sampalli"
"Sales",101916,"Sabnani","Koichi"
"Sales",101944,"Wegerle","Dekang"
"Sales",102272,"Hatcliff","Becky"
"Sales",102334,"Roohalamini","Mario"
"Sales",102422,"Matteis","Wojceich"
"Sales",102442,"Schneeberger","Gita"
"Sales",102449,"Luff","Gila"
"Sales",102458,"Flanders","Valdiodio"
"Sales",102764,"Siochi","Marsja"
"Sales",102784,"Swiler","Yurij"
"Sales",102788,"Benveniste","Magdalena"
"Sales",102870,"Alpay","Marsal"
"Sales",102942,"Vilarrasa","Gretta"
"Sales",102949,"Erde","Bader"
"Sales",102968,"Kranzdorf","Ekawit"
"Sales",103015,"Pietrzykowski","Kwangho"
"Sales",103056,"Talmon","Sarita"
"Sales",103236,"Sambasivam","Nidapan"
"Sales",103279,"Vuskovic","Shigeichiro"
"Sales",103322,"Chartres","Naftaly"
"Sales",103379,"Grandbois","Masaki"
"Sales",103421,"Mateescu","Chrisa"
"Sales",103443,"Dalton","Mari"
"Sales",103446,"Kuhnemann","KayLiang"
"Sales",103467,"Glinert","Kwangyoen"
"Sales",103501,"Krupka","Elgin"
"Sales",103776,"Ashish","Franziska"
"Sales",103780,"Lukaszewicz","Elvis"
"Sales",103819,"Erde","Kristina"
"Sales",103857,"Pramanik","Marla"
"Sales",103885,"Heijenga","Christophe"
"Sales",103906,"Sifakis","Lucian"
"Sales",103961,"Suermann","Gurbir"
"Sales",103991,"Mukaidono","Sorina"
"Sales",104011,"Journel","Masanao"
"Sales",104034,"Snedden","Gennadi"
"Sales",104251,"Kakkad","Reuven"
"Sales",104272,"Lieblein","Kayoko"
"Sales",104310,"Bernini","Zhenbing"
"Sales",104364,"Shanbhogue","Jordanka"
"Sales",104372,"Fadgyas","Marc"
"Sales",104424,"Benner","Neelam"
"Sales",104427,"Krupka","Nathan"
"Sales",104449,"Denna","Wonhee"
"Sales",104809,"Sooriamurthi","Reinhold"
"Sales",104817,"Savasere","Achilleas"
"Sales",104860,"Krybus","Fumiyo"
"Sales",105083,"Kading","Jolita"
"Sales",105104,"Melton","Lena"
"Sales",105119,"Takkinen","Moie"
"Sales",105154,"Montemayor","Lenore"
"Sales",105178,"Pesch","Sadok"
"Sales",105186,"Merey","Kellie"
"Sales",105203,"Tischendorf","Ronghao"
"Sales",105204,"Schaad","Ennio"
"Sales",105659,"Szmurlo","Shuho"
"Sales",105665,"Falco","Tonia"
"Sales",105669,"Michaels","Basem"
"Sales",106046,"Gulik","Subir"
"Sales",106433,"Cherinka","Ortrun"
"Sales",106444,"Wossner","Susanna"
"Sales",106476,"Carrera","Danco"
"Sales",106518,"Viele","Ferdinand"
"Sales",106545,"Delgrande","Feipei"
"Sales",106577,"Orsini","Florina"
"Sales",106580,"Birta","Lene"
"Sales",106714,"Radwan","Kaijung"
"Sales",106734,"Isard","Shmuel"
"Sales",106741,"Goldhammer","Tomoyuki"
"Sales",107427,"Hebden","Premsyl"
"Sales",107442,"Mamelak","Toong"
"Sales",107471,"Acton","Kazuhide"
"Sales",107479,"Kalsbeek","Douadi"
"Sales",107493,"Prampolini","Wuxu"
"Sales",107584,"Magliocco","Marsal"
"Sales",107870,"Uhrig","Rance"
"Sales",107901,"Honiden","Munir"
"Sales",108101,"Halevi","Val"
"Sales",108102,"Ranum","Angus"
"Sales",108131,"Puppo","Nimmagadda"
"Sales",108140,"Kalefeld","Francoise"
"Sales",108212,"Versino","Masali"
"Sales",108443,"Polajnar","Lenore"
"Sales",108525,"Clouatre","Hironobu"
"Sales",108532,"Luft","Arvind"
"Sales",108536,"Baba","Fumino"
"Sales",108591,"Besancenot","Zorica"
"Sales",108593,"Kushnir","Pradeep"
"Sales",108673,"Perry","Along"
"Sales",108722,"Rikino","Eishiro"
"Sales",109057,"Whitcomb","Gino"
"Sales",109314,"Merkl","Xiaoheng"
"Sales",109321,"Norsworthy","Fusako"
"Sales",109406,"Bael","Arne"
"Sales",109647,"Beutelspacher","Pohua"
"Sales",109697,"Cyne","Remco"
"Sales",109715,"Miyakawa","Subhash"
"Sales",109744,"Hemaspaandra","Lansing"
"Sales",200011,"Baranowski","Shahar"
"Sales",200093,"Kruskal","Mats"
"Sales",200097,"Zumaque","Paloma"
"Sales",200116,"Nivat","Eben"
"Sales",200119,"Poehlman","Frazer"
"Sales",200121,"Erdi","Bangqing"
"Sales",200193,"Servieres","Syozo"
"Sales",200207,"Kobuchi","Sudhanshu"
"Sales",200247,"Beznosov","Chaoyi"
"Sales",200253,"Gyimothy","Zorica"
"Sales",200275,"Honglei","Van"
"Sales",200292,"Uchoa","Pranas"
"Sales",200295,"Lammel","Kirk"
"Sales",200350,"Nations","Adly"
"Sales",200376,"Strehl","Chaitali"
"Sales",200382,"Pauthner","Mansur"
"Sales",200684,"Cullers","Srinidhi"
"Sales",201088,"Krybus","Lunjin"
"Sales",201106,"Fendler","Marc"
"Sales",201135,"Jahnichen","Shaw"
"Sales",201151,"Tyugu","Chaosheng"
"Sales",201200,"Kuszyk","Marjo"
"Sales",201228,"Jayawardene","Shem"
"Sales",201234,"Pocchiola","Poornachandra"
"Sales",201260,"Garnham","Fox"
"Sales",201274,"Begiun","Francesca"
"Sales",201275,"Busillo","Stabislas"
"Sales",201321,"Radwan","Nobuyoshi"
"Sales",201337,"Bennis","Constantijn"
"Sales",201358,"Erdmenger","Toshimitsu"
"Sales",201372,"Kitai","Elgin"
"Sales",201388,"Baca","Dharmaraja"
"Sales",201484,"Jayawardene","Zongyan"
"Sales",201530,"Salinas","Uno"
"Sales",201547,"Juneja","Sampalli"
"Sales",201598,"Stamatiou","Youpyo"
"Sales",201646,"Serov","Dipayan"
"Sales",201940,"Maierhofer","Janche"
"Sales",202007,"Heuser","Alejandro"
"Sales",202008,"Furudate","Shuky"
"Sales",202259,"Perfilyeva","Masanao"
"Sales",202300,"Peir","Shuzo"
"Sales",202347,"Brandsma","Giordano"
"Sales",202349,"Alpay","Takahiro"
"Sales",202360,"Jeong","Indrajit"
"Sales",202510,"Akaboshi","Amstein"
"Sales",202554,"Vandervoorde","Uzi"
"Sales",202758,"Cunliffe","Christoper"
"Sales",202806,"Tokunaga","Saeko"
"Sales",202815,"Guerreiro","Nishit"
"Sales",202829,"Jiafu","Nevin"
"Sales",202874,"Anily","Feiyu"
"Sales",202889,"Perz","Heather"
"Sales",202894,"Eppinger","Jiong"
"Sales",203127,"Gils","Mats"
"Sales",203156,"Crouzet","Cristinel"
"Sales",203161,"Attimonelli","Mohua"
"Sales",203200,"Lovengreen","Kristin"
"Sales",203219,"Wursthorn","Tadahiko"
"Sales",203238,"Zallocco","Fei"
"Sales",204801,"Irland","Guangming"
"Sales",204833,"Skafidas","Edwin"
"Sales",205366,"Shimshoni","Kazuhira"
"Sales",205432,"Jiang","Zeljko"
"Sales",205677,"Biran","Urs"
"Sales",205943,"Krohm","Chinya"
"Sales",205978,"Vidal","Dmitry"
"Sales",205997,"Danley","Chaosheng"
"Sales",206040,"Erol","Muzhong"
"Sales",206043,"Armand","Rosella"
"Sales",206068,"Pauthner","Khalid"
"Sales",206087,"Picel","Guangming"
"Sales",206092,"Kobara","Elvis"
"Sales",206291,"Claffy","Heeju"
"Sales",206394,"Furudate","Reinhold"
"Sales",206435,"Picco","Mariangiola"
"Sales",206650,"Salinas","Elrique"
"Sales",206658,"Baba","Frazer"
"Sales",206682,"Heuter","Sorina"
"Sales",206767,"Vesna","Uwe"
"Sales",206980,"Lambe","Mana"
"Sales",207030,"Wuwongse","Alselm"
"Sales",207292,"Encarnacion","Juichirou"
"Sales",207443,"Picht","Tayeb"
"Sales",207463,"Tibblin","Sastry"
"Sales",207561,"Emden","Gian"
"Sales",207581,"Ratnakar","Fumitaka"
"Sales",207582,"Langford","Giri"
"Sales",207588,"Schreiter","Chenye"
"Sales",207824,"Clouatre","Rosella"
"Sales",207868,"Kalsbeek","Girolamo"
"Sales",207944,"Tibblin","Jamaludin"
"Sales",208125,"Motley","Douadi"
"Sales",208140,"Tokunaga","Bedrich"
"Sales",208174,"Rosca","Mokhtar"
"Sales",208209,"Matzat","Kersti"
"Sales",208464,"Narahara","Sanjeeva"
"Sales",208508,"Bolsens","Olivera"
"Sales",208543,"Azuma","Uinam"
"Sales",208592,"Christianini","Srinidhi"
"Sales",208682,"Sidje","Jasminko"
"Sales",208687,"Rosin","Heejo"
"Sales",208732,"Bridgland","Arvin"
"Sales",209006,"Hofman","Masami"
"Sales",209014,"Suri","Tommaso"
"Sales",209041,"Ranst","Munehiko"
"Sales",209045,"Staelin","Kazuhiro"
"Sales",209053,"Rothenberg","Fan"
"Sales",209113,"Scallan","Guangming"
"Sales",209384,"Socorro","Sariel"
"Sales",209437,"Validov","Candido"
"Sales",209492,"Asmuth","Mabo"
"Sales",209652,"Lodder","Peternela"
"Sales",209710,"Rissanen","Jaana"
"Sales",209746,"Hatcliff","Subir"
"Sales",209759,"Lichtner","Mabhin"
"Sales",209815,"Kornyak","Bader"
"Sales",209822,"Gruenwald","Minghong"
"Sales",209872,"Kaiser","Breannda"
"Sales",209921,"Maquelin","Gully"
"Sales",209980,"McAlpine","Persi"
"Sales",209991,"Nitsche","Jaewon"
"Sales",210015,"Piancastelli","Dung"
"Sales",210037,"Gronowski","Atreye"
"Sales",210044,"Bergere","Ymte"
"Sales",210109,"Krone","Hugo"
"Sales",210142,"Cichocki","Shih"
"Sales",210199,"Vesel","DAIDA"
"Sales",210276,"Braunmuhl","Nidapan"
"Sales",210373,"Improta","Kazuyasu"
"Sales",210456,"Berendt","Yefim"
"Sales",210462,"Varker","Heping"
"Sales",210485,"Codenie","Mitchel"
"Sales",210627,"Langford","Uno"
"Sales",210634,"Senzako","Samphel"
"Sales",210710,"Farrar","Nevio"
"Sales",210741,"Peral","Lansing"
"Sales",210747,"Bratten","Doohun"
"Sales",210812,"Blokdijk","Khaled"
"Sales",210814,"Schade","Chikako"
"Sales",210861,"Ozeki","Alagu"
"Sales",210869,"Steenbeek","Mihalis"
"Sales",210884,"Biran","Khatoun"
"Sales",210890,"Masaki","Xiaobin"
"Sales",210921,"Birsak","Parke"
"Sales",210927,"Uehara","Kenton"
"Sales",211163,"Joslin","Ranga"
"Sales",211195,"Oppitz","Jouko"
"Sales",211279,"Munawer","Shiv"
"Sales",211281,"Lichtner","Trygve"
"Sales",213562,"Christianini","Manu"
"Sales",213589,"Cappello","Yuchang"
"Sales",213626,"Wixon","Sangeeta"
"Sales",213706,"Sidou","Alexius"
"Sales",214983,"Farrel","Holgard"
"Sales",215017,"Perez","Masaki"
"Sales",215034,"Vural","Shimshon"
"Sales",215084,"Huhdanpaa","Jianwen"
"Sales",215107,"Naudin","Khedija"
"Sales",215110,"Sluis","Shichao"
"Sales",215118,"Furedi","Anneli"
"Sales",215147,"Luon","Hironoby"
"Sales",215162,"Schoegge","Eckart"
"Sales",215243,"Quadeer","Jaana"
"Sales",215277,"Bach","Ewing"
"Sales",215391,"Schmiedel","Rosine"
"Sales",215436,"Angiulli","Yurii"
"Sales",216857,"Otillio","Christoph"
"Sales",216921,"Lenart","Lena"
"Sales",216960,"Stellhorn","Houman"
"Sales",216965,"Birke","Badri"
"Sales",217006,"Chinin","Yechiam"
"Sales",217069,"Pulkowski","Vasilii"
"Sales",217173,"Krichel","Torsten"
"Sales",217190,"Gill","Charmane"
"Sales",217215,"Unni","Idoia"
"Sales",218024,"Madeira","Maha"
"Sales",218081,"Wrigley","Persi"
"Sales",218087,"Streit","Byong"
"Sales",218125,"Hanratty","Hyuncheol"
"Sales",218167,"Fargier","Diederik"
"Sales",218201,"Ashish","Harjit"
"Sales",218243,"Rosenbaum","Dinkar"
"Sales",218296,"Rande","Arup"
"Sales",218319,"Speer","Kitty"
"Sales",218368,"Walston","Lijie"
"Sales",218432,"Pettit","Eran"
"Sales",218477,"Kornatzky","Vishwani"
"Sales",218483,"Herber","Selwyn"
"Sales",218552,"Bratsberg","Boriana"
"Sales",218599,"Kroon","Otmar"
"Sales",218674,"Lipner","Toshiko"
"Sales",218818,"Weedon","Cullen"
"Sales",218862,"Rusterholz","Shawna"
"Sales",218894,"Steinauer","Bluma"
"Sales",219006,"Bonifati","Hsiangchu"
"Sales",219103,"Hasham","Yoshinari"
"Sales",219115,"Schaap","Fumiko"
"Sales",219116,"Sgarro","Jinxi"
"Sales",219164,"Crabtree","Aran"
"Sales",219190,"Petereit","Qingxiang"
"Sales",219227,"Fordan","Babette"
"Sales",219229,"Fargier","Ayonca"
"Sales",219235,"Usdin","Munehiko"
"Sales",219312,"Katalagarianos","Kien"
"Sales",219330,"Bernick","Ronghao"
"Sales",219362,"Zhiwei","Katsuo"
"Sales",219374,"Clemencon","Beshir"
"Sales",219376,"Ranon","Otmar"
"Sales",219437,"Homond","Arlette"
"Sales",219503,"Nannarelli","Christoph"
"Sales",219508,"Perelgut","Kazuhisa"
"Sales",219557,"Collette","Dayanand"
"Sales",219559,"Serna","Steen"
"Sales",219688,"Matzov","Mitchel"
"Sales",219701,"Lund","Junichi"
"Sales",219855,"Badache","Izaskun"
"Sales",219981,"Petersohn","Akeel"
"Sales",219983,"Bodoff","Takahito"
"Sales",220066,"Monarch","Laurentiu"
"Sales",220074,"Harnett","Luigi"
"Sales",220151,"DeMori","Sailaja"
"Sales",220200,"Sabnani","Rance"
"Sales",220366,"Hambrick","Domenico"
"Sales",220373,"Coorg","Kensyu"
"Sales",220449,"Kading","Nirmal"
"Sales",220503,"Unni","Kokou"
"Sales",220529,"Chinin","Oguz"
"Sales",220569,"Kabayashi","Willard"
"Sales",220649,"Raczkowsky","Valdiodio"
"Sales",221265,"Swist","DAIDA"
"Sales",221285,"Fairtlough","Trygve"
"Sales",221713,"Ratnakar","Lakshmi"
"Sales",221714,"Tagansky","Zeydy"
"Sales",221729,"Kuszyk","Hongzhu"
"Sales",221779,"Heusch","Heekeun"
"Sales",221789,"Heuser","Snehasis"
"Sales",222358,"Pramanik","Vishv"
"Sales",222367,"Linnainmaa","Stamatina"
"Sales",222406,"Gulik","Souichi"
"Sales",222448,"Peral","Bader"
"Sales",223027,"Glinert","Sakthirel"
"Sales",223141,"Skrikant","Garnet"
"Sales",223658,"Usery","Make"
"Sales",223662,"Rebaine","Kazuhira"
"Sales",224297,"Kabayashi","Aemilian"
"Sales",224305,"Baer","Jaideep"
"Sales",224719,"Deverell","Christ"
"Sales",224816,"Gecseg","Yishay"
"Sales",224897,"Verhoeff","Gor"
"Sales",224921,"Rissland","Florian"
"Sales",224987,"Katiyar","Tse"
"Sales",224989,"Preusig","Conor"
"Sales",225047,"Vecchio","Zongyan"
"Sales",225105,"Hempstead","Palash"
"Sales",225287,"Decleir","Ronnie"
"Sales",225310,"Dusink","Clyde"
"Sales",225327,"Kalloufi","Vishwani"
"Sales",225331,"Simkin","Tsz"
"Sales",225401,"Etalle","Adas"
"Sales",225486,"Wrigley","Xinan"
"Sales",225528,"Kulisch","Sukumar"
"Sales",225565,"Miculan","Yongmin"
"Sales",225578,"Goodrum","Eran"
"Sales",225580,"Coullard","Uno"
"Sales",225594,"Emmerich","Mariusz"
"Sales",225671,"Isaak","Ranan"
"Sales",225725,"Macedo","Kwangho"
"Sales",225752,"Sichman","Magy"
"Sales",225783,"Dahlbom","Oscar"
"Sales",225819,"Anger","Arvind"
"Sales",225988,"Glinert","Macha"
"Sales",226016,"Delaune","Martijn"
"Sales",226018,"Puppe","Rosalie"
"Sales",226028,"Lupu","Kagan"
"Sales",226067,"Benner","Baruch"
"Sales",226118,"Haraldson","Haldon"
"Sales",226172,"Kowalchuk","Toshiko"
"Sales",226272,"Hashii","Vidya"
"Sales",226292,"Radhakrishnan","Khosrow"
"Sales",226295,"Blokdijk","Phule"
"Sales",226305,"Reinhard","Kersti"
"Sales",226384,"Makinen","Hausi"
"Sales",226401,"Ohori","Fatemeh"
"Sales",226480,"Kusalik","Leszek"
"Sales",226484,"Daescu","Xiaoqiu"
"Sales",226534,"Luiz","Avishai"
"Sales",226535,"Denis","Mircea"
"Sales",226553,"Pashtan","Adhemar"
"Sales",226590,"Kobuchi","Kamakshi"
"Sales",226657,"Fadgyas","Subhrajyoti"
"Sales",226784,"Prochazka","Vatsa"
"Sales",226805,"Eastman","Nahum"
"Sales",226831,"Pulkowski","Yuichiro"
"Sales",226839,"Genther","Cristinel"
"Sales",226847,"Kading","Oldrich"
"Sales",226848,"Asmuth","Stevo"
"Sales",226849,"Brookner","Pragnesh"
"Sales",226857,"Calkin","Neelam"
"Sales",226907,"Nivat","Shigenori"
"Sales",227051,"Kavraki","Bluma"
"Sales",227061,"Stemann","Kellie"
"Sales",227103,"Nishimukai","Junichi"
"Sales",227249,"Erni","Hideyuki"
"Sales",227350,"McAffer","Khosrow"
"Sales",227434,"Bouloucos","Sajjan"
"Sales",227507,"Passino","Zhenbing"
"Sales",227515,"Hardjono","LiMin"
"Sales",228217,"Luke","Khedija"
"Sales",228223,"Hatcliff","Pranav"
"Sales",228224,"Viele","Shahab"
"Sales",228246,"Aloisi","Bartek"
"Sales",228589,"Leivant","Juyoung"
"Sales",228655,"Blokdijk","Jiong"
"Sales",228675,"Wissmann","Wojceich"
"Sales",228677,"Servieres","Hein"
"Sales",228873,"Steenbeek","Gina"
"Sales",228894,"Chorvat","Eberhardt"
"Sales",228898,"Sankaranarayanan","Weiru"
"Sales",228967,"Rodiger","Mario"
"Sales",229783,"Mattern","Yoshinari"
"Sales",229795,"Ressouche","Bogdan"
"Sales",229874,"Miara","Kousuke"
"Sales",229924,"Atchley","Basim"
"Sales",229926,"Sgarro","Tomofumi"
"Sales",229937,"Butner","Huiqun"
"Sales",229940,"Kuszyk","Cheong"
"Sales",229952,"Kruskal","Basem"
"Sales",229960,"Bale","Mack"
"Sales",230353,"Maierhofer","Siamak"
"Sales",230399,"Iacovou","Dmitri"
"Sales",230433,"Hockney","Shakhar"
"Sales",230531,"Valtorta","Lene"
"Sales",230710,"Klassen","Jiann"
"Sales",230741,"Mellouli","Arvin"
"Sales",230830,"Hofstetter","Sumant"
"Sales",230838,"Kossowski","Mads"
"Sales",230907,"Lieblein","Shirish"
"Sales",230942,"Schaar","Masadi"
"Sales",231076,"Kirkerud","Mabry"
"Sales",231134,"Janetzko","Duro"
"Sales",231142,"Otillio","Tsvetan"
"Sales",231149,"Leslie","Valery"
"Sales",231172,"Berstel","Berthier"
"Sales",231200,"Botman","Unal"
"Sales",231214,"Ladret","Ung"
"Sales",231265,"Kolinko","Guozhong"
"Sales",231279,"Muntz","Giap"
"Sales",231292,"Koshino","Gererd"
"Sales",231294,"Brender","Sven"
"Sales",231443,"Olivero","Atreyi"
"Sales",231504,"Pollacia","Szabolcs"
"Sales",231555,"Ibel","Aamod"
"Sales",231570,"Vecchi","Dietrich"
"Sales",231633,"Binding","Sudhanshu"
"Sales",231711,"Rissland","Pradeep"
"Sales",231748,"Curless","Christophe"
"Sales",231750,"Siepmann","Arvind"
"Sales",231754,"Stemann","Yannis"
"Sales",231850,"Straney","Youjian"
"Sales",231870,"Suwa","Wayne"
"Sales",231903,"Castellani","Krisda"
"Sales",231906,"Schnabel","Naftali"
"Sales",231927,"Iivonen","Evgueni"
"Sales",231940,"Servi","JiYoung"
"Sales",232225,"Ernst","Tonny"
"Sales",232331,"Leijenhorst","Marla"
"Sales",232358,"Sadowski","Stabislas"
"Sales",232383,"Lagarias","Yaghout"
"Sales",232722,"Srimani","Mitchel"
"Sales",232814,"Bashian","Ewing"
"Sales",232882,"Pepe","Zhigen"
"Sales",233183,"Petereit","Sumali"
"Sales",233189,"Bruckman","Hitomi"
"Sales",233398,"Streng","Boalin"
"Sales",233427,"Rusmann","Cristinel"
"Sales",233450,"Mahmud","Toshiki"
"Sales",233490,"Ebeling","Zorica"
"Sales",233492,"Breugel","Zhensheng"
"Sales",233547,"Dichev","Masali"
"Sales",233562,"DeMori","Tamiya"
"Sales",233565,"Krzyzanowski","Shigeichiro"
"Sales",233583,"Denos","Nimmagadda"
"Sales",233599,"Vesel","Chenyi"
"Sales",233615,"Cannata","Mats"
"Sales",233622,"Babu","Serenella"
"Sales",233633,"Kusalik","Masami"
"Sales",233683,"Pargaonkar","Georg"
"Sales",233806,"Peak","Akeel"
"Sales",233812,"DeMori","Supot"
"Sales",233841,"Giaccio","Stevo"
"Sales",233847,"Karnin","Boriana"
"Sales",233866,"Chleq","Berni"
"Sales",233870,"Apsitis","Domenick"
"Sales",233918,"Chaudhury","Mitchel"
"Sales",233941,"Aamodt","Hairong"
"Sales",233948,"Wynblatt","Yoshinari"
"Sales",233978,"Miculan","Shaibal"
"Sales",234045,"Zschoche","Gift"
"Sales",234067,"Flexer","Kensyu"
"Sales",234084,"Viele","Rance"
"Sales",234102,"Manderick","Khaled"
"Sales",234166,"Birke","Isamu"
"Sales",234406,"Schahn","Tetsurou"
"Sales",234520,"Gluchowski","Youngkon"
"Sales",234742,"Thiria","Magdalena"
"Sales",234810,"Usery","Arun"
"Sales",234870,"Restivo","Mayuri"
"Sales",234919,"Melski","Sukumar"
"Sales",234938,"Hooghiemstra","Kiyomitsu"
"Sales",234952,"Parveen","Ramalingam"
"Sales",234977,"Atrawala","Miyeon"
"Sales",235044,"Kadhim","Sukumar"
"Sales",235070,"Cheshire","Radoslaw"
"Sales",235103,"Poehlman","Vidya"
"Sales",235112,"Usery","Mechthild"
"Sales",235133,"Taneja","Arch"
"Sales",235162,"Openshaw","Piyawadee"
"Sales",235167,"Salverda","Arif"
"Sales",235170,"Gladwell","Izaskun"
"Sales",235204,"Masada","Stamatina"
"Sales",235317,"Gerteisen","Sorina"
"Sales",235573,"Stamatiou","Adil"
"Sales",235606,"Luit","Khaled"
"Sales",235615,"Heuser","Wilmer"
"Sales",235636,"Whitcomb","Ekawit"
"Sales",235724,"Bellmore","Malu"
"Sales",235765,"Tiemann","Duke"
"Sales",235842,"Rosis","Keiichiro"
"Sales",236052,"Krone","Adly"
"Sales",236064,"Harbusch","Venkatesan"
"Sales",236065,"Khamsi","Yishay"
"Sales",236248,"Docker","Eirik"
"Sales",236255,"Velasco","Weiwu"
"Sales",236648,"Roison","Djenana"
"Sales",236686,"Angelov","Palash"
"Sales",236691,"Pramanik","Hatim"
"Sales",236733,"Pero","Ziva"
"Sales",236753,"Mellouli","Gao"
"Sales",236899,"Wegerle","Shrikanth"
"Sales",236942,"Bashian","Nidapan"
"Sales",237003,"Kropp","Masaru"
"Sales",237014,"Kusalik","Danai"
"Sales",237022,"Gopalakrishnan","Ibibia"
"Sales",237065,"Kalafatis","Olivera"
"Sales",237077,"Isaac","Lihong"
"Sales",237103,"Hiltgen","King"
"Sales",237119,"Cappelli","Hideo"
"Sales",237170,"Fujisaki","Xiaoqiang"
"Sales",237196,"England","Abdelkader"
"Sales",237306,"Passafiume","Masoud"
"Sales",237424,"Honglei","Khaled"
"Sales",237516,"Pettit","Aran"
"Sales",237529,"Vingron","Yannik"
"Sales",237546,"Clemencon","Guttorm"
"Sales",237558,"Riefers","Nikolaos"
"Sales",237650,"Ecklund","Kien"
"Sales",237851,"Ozery","Baziley"
"Sales",237869,"Buescher","Mizuhito"
"Sales",237912,"Farrow","Jaana"
"Sales",237934,"Langford","Mayumi"
"Sales",237964,"Leonhardt","Debatosh"
"Sales",237983,"Mitsuhashi","Prodip"
"Sales",237992,"Chinin","Horward"
"Sales",238002,"Zumaque","Sumali"
"Sales",238026,"Skogmar","Kazuhito"
"Sales",238031,"Jording","Amabile"
"Sales",238033,"Biron","Breannda"
"Sales",238040,"Swan","Mariangiola"
"Sales",238047,"Krohn","Renee"
"Sales",238091,"Keohane","Badri"
"Sales",238148,"Apsitis","Debatosh"
"Sales",238164,"Sullins","Perry"
"Sales",238926,"Halloran","Xuejun"
"Sales",238971,"Erni","Oscal"
"Sales",238984,"Ranst","Dipankar"
"Sales",239066,"Pesch","Stafford"
"Sales",239333,"Pfau","Morris"
"Sales",239422,"Morrin","Angus"
"Sales",239423,"Gyimothy","Hongzue"
"Sales",239474,"Colorni","Wilmer"
"Sales",239494,"Stifter","Ramachenga"
"Sales",239517,"Bernick","Ennio"
"Sales",239526,"Lueh","Chiradeep"
"Sales",239576,"Duclos","Jaewoo"
"Sales",239640,"Gihr","Zorica"
"Sales",239676,"Delgrossi","Sergi"
"Sales",239709,"Zeleznik","Tze"
"Sales",239729,"Rousseau","Lijie"
"Sales",239927,"Riefers","Theron"
"Sales",239935,"Brickell","Fumitake"
"Sales",239937,"Luit","Paloma"
"Sales",239938,"Rissanen","Pascal"
"Sales",239968,"Uhrik","Dietrich"
"Sales",239987,"Nations","Anwar"
"Sales",239999,"Weisert","Kagan"
"Sales",240005,"Selvestrel","Xiaoshan"
"Sales",240008,"Candan","Kasidit"
"Sales",240029,"Rissland","Kristof"
"Sales",240258,"Bojadziev","Zsolt"
"Sales",240302,"Waterhouse","Geraldo"
"Sales",240322,"Peck","Mansur"
"Sales",240332,"Talmon","Sachio"
"Sales",240338,"Badache","Tokuyasu"
"Sales",240376,"Ranta","Toshimo"
"Sales",240399,"Iwayama","Jenwei"
"Sales",240420,"Bakhtari","Billur"
"Sales",240516,"Yetto","Shichao"
"Sales",240553,"Ranze","Xiping"
"Sales",240682,"Seiwald","Minghong"
"Sales",240732,"Chandrasekhar","Jongsuk"
"Sales",240741,"Servieres","Shmuel"
"Sales",240785,"Hardjono","Rosli"
"Sales",240839,"Bellone","Christ"
"Sales",240883,"Cronin","Domenick"
"Sales",240903,"Deyuan","Mohammad"
"Sales",240907,"Kilgour","Kristine"
"Sales",241150,"Linares","Bogdan"
"Sales",241222,"Bahr","Zhongwei"
"Sales",241603,"Bergere","Kazuhito"
"Sales",241622,"Grospietsch","Mara"
"Sales",241635,"Narahara","Lidong"
"Sales",241695,"Molenkamp","Youpyo"
"Sales",241940,"Schoegge","Carrsten"
"Sales",242002,"Blokdijk","Thanasis"
"Sales",242269,"Picel","JiYoung"
"Sales",242300,"Stasinski","Anoosh"
"Sales",242373,"Weisert","Christoper"
"Sales",242509,"Hebden","Rosalyn"
"Sales",242518,"Makinen","Sanjiv"
"Sales",242523,"Rande","Behnaam"
"Sales",242532,"Nastansky","Golgen"
"Sales",242549,"Bolotov","Hatsukazu"
"Sales",242613,"Kawashimo","Sadegh"
"Sales",242635,"Walstra","Berto"
"Sales",245276,"Docker","KayLiang"
"Sales",245626,"Mahmud","Jamaludin"
"Sales",245690,"Benner","Kristinn"
"Sales",245759,"Pavlopoulou","Conrado"
"Sales",245964,"Tsunoo","Gio"
"Sales",245992,"Stanger","Moto"
"Sales",246034,"Hoppenstand","Giap"
"Sales",246040,"Angelov","Jackson"
"Sales",246101,"Sherertz","Karoline"
"Sales",246324,"Rissland","Perla"
"Sales",246368,"Openshaw","Kristof"
"Sales",246407,"Slaats","Goetz"
"Sales",246808,"Boissier","Dmitri"
"Sales",246952,"Pettis","Tsvetan"
"Sales",247090,"Kawashima","Ronghao"
"Sales",247321,"Back","Yurij"
"Sales",247325,"Matzov","Zsolt"
"Sales",247376,"Simmel","Selwyn"
"Sales",248040,"Papastamatiou","Giri"
"Sales",248071,"Encarnacion","Cathie"
"Sales",248412,"Yeung","Magdalena"
"Sales",248440,"Baaz","Odoardo"
"Sales",248452,"Beznosov","Leaf"
"Sales",248798,"Argence","Bowen"
"Sales",248859,"Baar","Arvind"
"Sales",248905,"Bakhtari","Sandeepan"
"Sales",248939,"Ghelli","Paris"
"Sales",248946,"Plump","Hidekazu"
"Sales",249137,"Heystek","Mayuko"
"Sales",249230,"Danlos","Nahid"
"Sales",249524,"Birrer","Mara"
"Sales",249538,"Thorensen","Hatem"
"Sales",249560,"Bazzichi","Eckart"
"Sales",249582,"Shimshoni","Weiyi"
"Sales",249613,"Onuegbe","Magy"
"Sales",249720,"Strehl","Dipayan"
"Sales",249751,"Reutenauer","Vishwani"
"Sales",249755,"Noriega","Lorien"
"Sales",249986,"Reeken","Ulises"
"Sales",250020,"Mitsuhashi","Sachar"
"Sales",250193,"Showalter","Maren"
"Sales",250233,"Zhiwei","Augustine"
"Sales",250432,"Ghelli","Wonhee"
"Sales",250468,"Vidal","Morris"
"Sales",250483,"Rusmann","Hyuckchul"
"Sales",250489,"Bahk","Alassane"
"Sales",250499,"Aseltine","Arif"
"Sales",250598,"Itschner","Kristinn"
"Sales",250609,"Varley","Ymte"
"Sales",250913,"Sluis","Limsoon"
"Sales",250953,"Pluym","Jinxi"
"Sales",250971,"Sankaranarayanan","Sarita"
"Sales",251100,"Itzigehl","Youssef"
"Sales",251182,"Dulli","Goh"
"Sales",251207,"Pettey","Anwar"
"Sales",251260,"Alpin","Xuejun"
"Sales",251300,"Shimshoni","Keiichiro"
"Sales",251556,"Nitsche","Lucien"
"Sales",251661,"Sambasivam","Cullen"
"Sales",251714,"Imataki","Yagil"
"Sales",251730,"Riexinger","Jeane"
"Sales",251837,"Sullins","Bedir"
"Sales",251889,"Ebeling","Turgut"
"Sales",251891,"Cesareni","Youssef"
"Sales",251953,"Straney","Douadi"
"Sales",251972,"Hutter","Kousuke"
"Sales",252167,"Begiun","Gian"
"Sales",252269,"Docker","Bernardo"
"Sales",252287,"Camurati","Fox"
"Sales",252480,"Bottner","Youjian"
"Sales",252533,"Swiler","Zejun"
"Sales",252541,"Zyda","Hugh"
"Sales",252561,"Standera","Shmuel"
"Sales",252613,"Vilarrasa","Arra"
"Sales",252993,"Piazza","Sushant"
"Sales",253491,"Covnot","Quingbo"
"Sales",253509,"Kaminger","Karsten"
"Sales",253655,"Fiutem","Kazuhiko"
"Sales",253667,"Shumilov","Douadi"
"Sales",253687,"Fiutem","Syozo"
"Sales",253717,"Bondorf","Tommaso"
"Sales",253756,"Peltason","Nahum"
"Sales",253787,"Bottner","Filipe"
"Sales",253802,"Zyda","Rosalyn"
"Sales",253872,"Fairtlough","Chenye"
"Sales",253962,"Przulj","Steve"
"Sales",253975,"Borstler","Khalil"
"Sales",254159,"Thambidurai","Mayumi"
"Sales",254501,"Gulak","Shay"
"Sales",254621,"Hiraishi","Elgin"
"Sales",254841,"Kranzdorf","Morris"
"Sales",254866,"Verhoeff","Krister"
"Sales",254867,"Vecchio","Lunjin"
"Sales",254907,"Boyle","Zhensheng"
"Sales",254924,"Bernardinello","Shooichi"
"Sales",254982,"Jonsson","Yakkov"
"Sales",254996,"Schneeberger","Anwar"
"Sales",255024,"Jording","Matt"
"Sales",255130,"Krupka","Mooi"
"Sales",255228,"Baranowski","Takahito"
"Sales",255230,"Dymetman","Elvis"
"Sales",255250,"Tiemann","Khalid"
"Sales",255254,"Vural","Jiafu"
"Sales",255257,"Bernatsky","Somnath"
"Sales",256162,"Vickson","Berthier"
"Sales",256164,"Khalid","Somnath"
"Sales",256210,"Munke","Yefim"
"Sales",256233,"Grospietsch","Brigham"
"Sales",256351,"Uehara","Remco"
"Sales",256366,"Perly","Maya"
"Sales",256447,"Hitomi","Huican"
"Sales",256476,"Busillo","Gaurav"
"Sales",256492,"Perri","Kazuhiko"
"Sales",256534,"Senzako","Berto"
"Sales",256539,"Slobodova","Dhritiman"
"Sales",258358,"Zedlitz","Byong"
"Sales",258371,"Ciolek","Udi"
"Sales",258409,"Manderick","Prasadram"
"Sales",258671,"Delgrossi","Weijing"
"Sales",258711,"Shanbhogue","King"
"Sales",258748,"Werthner","Martijn"
"Sales",258796,"Hofstetter","Badri"
"Sales",258809,"Luan","Danil"
"Sales",259017,"Schueller","Siddarth"
"Sales",259020,"Eiter","Gad"
"Sales",259057,"Krogh","Ziya"
"Sales",259153,"Kemmerer","Zdislav"
"Sales",259851,"Gill","Goetz"
"Sales",259854,"Khamsi","Berni"
"Sales",259859,"Hooghiemstra","Miomir"
"Sales",259863,"Siegrist","Jovan"
"Sales",259867,"Muniz","Theirry"
"Sales",259908,"Onuegbe","Lijie"
"Sales",259932,"Matteis","Ennio"
"Sales",259973,"Takkinen","Divier"
"Sales",261182,"Baumann","Mahmut"
"Sales",261226,"Baby","Zhaofang"
"Sales",261254,"Kuszyk","Munehiro"
"Sales",261261,"Luan","Isaac"
"Sales",261321,"Eldridge","Aram"
"Sales",262087,"Kossowski","Danco"
"Sales",263041,"Khalid","Moheb"
"Sales",263045,"Linares","Taizo"
"Sales",263071,"Constantine","Hideo"
"Sales",263138,"Provine","Phuoc"
"Sales",263148,"Streng","Sasan"
"Sales",263163,"Krychniak","Ibibia"
"Sales",263232,"Isard","Toney"
"Sales",263267,"Duclos","Doohun"
"Sales",263320,"Oberman","Weiye"
"Sales",263346,"Hasham","Waiman"
"Sales",263394,"Remmers","Ung"
"Sales",263485,"Bazzichi","Parviz"
"Sales",263486,"Pargaonkar","Gita"
"Sales",263711,"Gladwell","Haldon"
"Sales",263786,"Waeselynck","Caolyn"
"Sales",263801,"Stentiford","Yuping"
"Sales",263802,"Fairtlough","Mikhail"
"Sales",264224,"Ramsey","Mantis"
"Sales",264282,"Lindqvist","Shahab"
"Sales",264284,"Billingsley","Maya"
"Sales",264299,"Kushnir","Elrique"
"Sales",264325,"Reutenauer","Mack"
"Sales",264448,"Underwood","Sachin"
"Sales",264511,"Snyers","Yinghua"
"Sales",264934,"Rajcani","Alexius"
"Sales",265210,"Fontet","Mara"
"Sales",265211,"Gronowski","Shigeu"
"Sales",265236,"Hettesheimer","Lokesh"
"Sales",265247,"Frolund","Mingsen"
"Sales",265304,"Seuren","Larisa"
"Sales",265334,"Cusworth","Zhensheng"
"Sales",265770,"Hashii","Pintsang"
"Sales",265831,"Hempstead","Takanari"
"Sales",265859,"Setlzner","Mitsuyuki"
"Sales",265904,"Gecsel","Kendra"
"Sales",265921,"Pelz","Hauke"
"Sales",265936,"Kawashimo","Fun"
"Sales",265953,"Magliocco","Tsvetan"
"Sales",266012,"Vieri","Satosi"
"Sales",266049,"Delaune","Odysseas"
"Sales",266126,"Wiegley","Fei"
"Sales",266157,"Luby","Hidefumi"
"Sales",266214,"Swen","Tomofumi"
"Sales",266264,"Kieras","Susuma"
"Sales",266347,"Narwekar","Aloke"
"Sales",266485,"Caine","Sandeepan"
"Sales",266531,"Veevers","Syozo"
"Sales",266550,"Rouquie","Yuriy"
"Sales",266560,"Esteva","Sivanarayana"
"Sales",266647,"Moffat","Domenick"
"Sales",266683,"Azadmanesh","Eric"
"Sales",266808,"Narahari","Edwin"
"Sales",266814,"Granlund","Vasiliy"
"Sales",266847,"Servieres","Noritoshi"
"Sales",266982,"Zaiane","Danai"
"Sales",267005,"Condotta","Filipe"
"Sales",267066,"Melichar","Mabhin"
"Sales",267069,"Luders","Sachin"
"Sales",267109,"Kaminger","Mohua"
"Sales",267147,"Lichtner","Woody"
"Sales",267218,"Porotnikoff","Eirik"
"Sales",267343,"Birch","Kankanahalli"
"Sales",267368,"Boyle","George"
"Sales",267400,"Erman","Constantijn"
"Sales",267428,"Doering","Reuven"
"Sales",267591,"Lieberherr","Sandeepan"
"Sales",267632,"Plump","Mandell"
"Sales",267713,"Simmen","Youjian"
"Sales",267733,"Dehkordi","Heekeun"
"Sales",267780,"Holburn","Munir"
"Sales",267806,"Peek","Jinya"
"Sales",267810,"Lanteri","Adin"
"Sales",267828,"Stentiford","Freyja"
"Sales",267835,"Xiaoshan","Jungsoon"
"Sales",267857,"Serna","Barry"
"Sales",267889,"Adachi","Francesca"
"Sales",267936,"Christianini","Arra"
"Sales",268051,"Levasseur","Faiza"
"Sales",268084,"Leslie","Manibrata"
"Sales",268097,"Erva","Luigi"
"Sales",268102,"Whitcomb","Heeju"
"Sales",268125,"Peroz","Nimmagadda"
"Sales",268204,"Vakili","Nahid"
"Sales",268233,"Plavsic","Taiji"
"Sales",268234,"McFarlin","Abdulla"
"Sales",268241,"Luft","Greger"
"Sales",268315,"Godskesen","Jaber"
"Sales",268434,"Kruskal","Nakhoon"
"Sales",268487,"Kaelbling","Gay"
"Sales",268493,"Bierman","Demos"
"Sales",268562,"Eiron","Manton"
"Sales",268661,"Zaccaria","Mohammad"
"Sales",268667,"Piazza","Munir"
"Sales",268675,"Covnot","Diederik"
"Sales",268753,"Veeraraghavan","Hyuncheol"
"Sales",268831,"Massonet","Trygve"
"Sales",268865,"Tzvieli","Becky"
"Sales",269087,"Zolotykh","Martien"
"Sales",269109,"Goldhammer","Karlis"
"Sales",269192,"Akiyama","Ung"
"Sales",269201,"Thiran","Houman"
"Sales",269591,"Simmen","Marie"
"Sales",269971,"Rehfuss","Gao"
"Sales",269985,"Kriebel","Mingsen"
"Sales",269993,"Comte","Taizo"
"Sales",270067,"Kavvadias","Moheb"
"Sales",270123,"Bach","Saeed"
"Sales",270160,"Przulj","Xuedong"
"Sales",270188,"Trystram","Lech"
"Sales",270282,"Oberman","Mayuko"
"Sales",270382,"Merks","Jeane"
"Sales",270601,"Kriebel","Dekang"
"Sales",270695,"Dahlbom","Marit"
"Sales",270765,"Flanders","Stafford"
"Sales",272266,"Ossenbruggen","Kristen"
"Sales",272308,"Hockney","Ramya"
"Sales",272565,"Decaestecker","Basant"
"Sales",272635,"Waleschkowski","Shooichi"
"Sales",272705,"Gips","Shirish"
"Sales",273080,"Shimshoni","Greger"
"Sales",273148,"Azulay","Moie"
"Sales",273193,"Hitomi","Georg"
"Sales",273462,"Luga","Mark"
"Sales",273548,"Pehl","Roded"
"Sales",275277,"Melichar","Poornachandra"
"Sales",275323,"Zwicker","Gaurav"
"Sales",275867,"Auria","Selwyn"
"Sales",275870,"Melski","Greger"
"Sales",275898,"Angelopoulos","Jessie"
"Sales",276128,"Alvarado","Mohan"
"Sales",276185,"Chaudhuri","Taiji"
"Sales",276201,"Wielonsky","Masasuke"
"Sales",276967,"Boguraev","Vidya"
"Sales",277078,"Rodite","Yongdong"
"Sales",280316,"Staelin","Gladys"
"Sales",280419,"Heuser","Dante"
"Sales",280424,"Klerer","Gift"
"Sales",280448,"Aamodt","Theron"
"Sales",280458,"Pauthner","Navid"
"Sales",280537,"Badr","Uwe"
"Sales",280610,"Leslie","Mohammad"
"Sales",280741,"Jarecki","Deborah"
"Sales",280862,"Sigstam","Leen"
"Sales",280939,"Ressouche","Uinam"
"Sales",280954,"Cappelletti","Raimond"
"Sales",280971,"Peyn","Pintsang"
"Sales",280976,"Awdeh","Greger"
"Sales",281007,"Negoita","Otmar"
"Sales",281016,"Yavatkar","Boriana"
"Sales",281125,"Zweizig","Vojin"
"Sales",281150,"Lichtner","Masanao"
"Sales",281291,"Chaudhury","Duri"
"Sales",281293,"Bednarek","Chikara"
"Sales",281295,"Verhaegen","Tse"
"Sales",281379,"Cappello","Sadegh"
"Sales",281403,"Einsfeld","Kwangsub"
"Sales",281433,"Businaro","Xiping"
"Sales",281458,"Biron","Niranjan"
"Sales",281513,"Sgarro","Susanta"
"Sales",281526,"Kavvadias","Sanjiv"
"Sales",281652,"Sridhar","Berni"
"Sales",281667,"Bahk","Baocai"
"Sales",281768,"Beausoleil","Eckart"
"Sales",281833,"Kalsbeek","Taegyun"
"Sales",281983,"Klyachko","Kiyotoshi"
"Sales",282091,"Masand","Conrado"
"Sales",282133,"Brickell","Marek"
"Sales",282141,"Itzfeldt","Shai"
"Sales",282189,"Braccini","Toshiko"
"Sales",282215,"Iwayama","Chandrasekaran"
"Sales",282359,"Cangellaris","Frazer"
"Sales",282432,"Turnbull","Utz"
"Sales",282475,"Jiafu","Marlo"
"Sales",282491,"Waterhouse","Karoline"
"Sales",282509,"Griswold","Danae"
"Sales",282516,"Sudbeck","Saeko"
"Sales",282644,"Deverell","Alois"
"Sales",282652,"Brattka","Shaibal"
"Sales",282669,"Aumann","Gaetan"
"Sales",282756,"Sinicrope","Udo"
"Sales",282807,"Doering","Zhonghui"
"Sales",282815,"Reistad","Kwok"
"Sales",282871,"Hennings","Heekeun"
"Sales",282875,"Taneja","Eric"
"Sales",282952,"Swist","Demin"
"Sales",283005,"Ellozy","Nahid"
"Sales",283171,"Blokdijk","Kiyokazu"
"Sales",283225,"Duclos","Ult"
"Sales",283411,"Peak","Yongdong"
"Sales",283416,"Tomescu","Pranav"
"Sales",283436,"Baja","Bingning"
"Sales",283443,"Wilfing","Frederique"
"Sales",283534,"Waeselynck","Basant"
"Sales",283545,"Rotem","Claude"
"Sales",283546,"Showalter","Subhankar"
"Sales",283615,"Isaak","Petter"
"Sales",283646,"Schnabel","Aimee"
"Sales",283754,"Kisuki","Alselm"
"Sales",283758,"Murthy","Conal"
"Sales",283837,"Wuwongse","Bluma"
"Sales",283896,"Mandell","Hisao"
"Sales",283903,"Prochazka","Gretta"
"Sales",283926,"Juneja","Werner"
"Sales",284172,"Pero","DAIDA"
"Sales",284184,"Pero","Sahrah"
"Sales",284203,"Weisert","Subhankar"
"Sales",284313,"Vesna","Georg"
"Sales",284356,"Copas","Lillian"
"Sales",284390,"Attimonelli","Mohua"
"Sales",284401,"Georgatos","Xiaoqiang"
"Sales",284425,"Servi","Khue"
"Sales",284450,"Krybus","Vatsa"
"Sales",284455,"Peak","Arumugam"
"Sales",284474,"Petersohn","Mona"
"Sales",284542,"Saoudi","Tran"
"Sales",284588,"Braunschweig","Erzsebet"
"Sales",284621,"Goldhammer","Gino"
"Sales",284655,"Nanard","Mohd"
"Sales",284917,"Speek","Xiahua"
"Sales",284927,"Ullian","Rafols"
"Sales",284984,"Fioravanti","Masali"
"Sales",284990,"Theuretzbacher","Froduald"
"Sales",284999,"Hebden","Vidar"
"Sales",285129,"Nitto","Zhonghua"
"Sales",285134,"Decaestecker","Randi"
"Sales",285135,"Peir","Matt"
"Sales",285139,"Middleton","Shigehito"
"Sales",285164,"Kumaresan","Xiaocheng"
"Sales",285269,"Georgatos","Shem"
"Sales",285365,"Bodoff","Zhensheng"
"Sales",285411,"Rusterholz","Shan"
"Sales",285505,"Cangellaris","Mani"
"Sales",285515,"Highland","Heeju"
"Sales",285526,"Werthner","Babette"
"Sales",285535,"Guting","Yifei"
"Sales",285551,"Erie","Zita"
"Sales",285577,"Daescu","Patricio"
"Sales",285589,"Frolund","Uta"
"Sales",285591,"Kropatsch","Tremaine"
"Sales",285648,"Lieberherr","Hilary"
"Sales",285675,"Orsini","Deborah"
"Sales",285736,"Begiun","Boaz"
"Sales",285746,"Munke","Jenwei"
"Sales",285795,"Benantar","Apostol"
"Sales",285801,"Velardi","Martien"
"Sales",285803,"Hertweck","Almudena"
"Sales",285835,"Kornyak","Kshitij"
"Sales",285862,"Reeker","Mingzeng"
"Sales",285868,"Ouhyoung","Uzi"
"Sales",285882,"Rouquie","Hongzue"
"Sales",285898,"Schade","Mihalis"
"Sales",286020,"Cmelik","Yifei"
"Sales",286072,"Luit","Christophe"
"Sales",286221,"Figueira","Shahaf"
"Sales",286250,"Thorelli","Zsolt"
"Sales",286303,"Pollacia","Yakichi"
"Sales",286419,"Gips","Martine"
"Sales",286562,"Azevdeo","Reuven"
"Sales",286600,"Zeleznik","Mariangiola"
"Sales",286650,"Turnbull","Marek"
"Sales",286666,"Cappello","Masoud"
"Sales",286697,"Melter","Ult"
"Sales",286698,"Ritzmann","Hairong"
"Sales",286920,"Esposito","Sanjit"
"Sales",286927,"Brendel","Apostol"
"Sales",286951,"Badache","Miquel"
"Sales",286982,"Ranze","Aksel"
"Sales",287013,"Asmuth","Heng"
"Sales",287170,"Worfolk","Hausi"
"Sales",287206,"Schlumberger","Vatsa"
"Sales",287243,"Lorys","Suvo"
"Sales",287277,"Koshino","Pragnesh"
"Sales",287280,"Zeidenstein","Serge"
"Sales",287292,"Rosch","Faiza"
"Sales",287355,"Picht","Shir"
"Sales",287402,"Seiwald","Takanari"
"Sales",287411,"Birjandi","Dipankar"
"Sales",287476,"Valette","Kitty"
"Sales",287484,"VanScheik","Saeko"
"Sales",287571,"Stenning","Kristin"
"Sales",287847,"Oppitz","Shigeichiro"
"Sales",287952,"Oehlmann","Siddarth"
"Sales",288076,"Botman","Sreekrishna"
"Sales",288083,"Larfeldt","Michaela"
"Sales",288203,"Feldhoffer","Luigi"
"Sales",288280,"Luft","Rance"
"Sales",288287,"Kushnir","Shahaf"
"Sales",288304,"Majewski","Shan"
"Sales",288359,"Beidas","Kwok"
"Sales",288410,"Lund","Tiina"
"Sales",288464,"Bugrara","Oksana"
"Sales",288569,"Talmon","Anwar"
"Sales",288606,"Swiss","Susumu"
"Sales",288608,"Parhami","Wilmer"
"Sales",288650,"Pargaonkar","Gao"
"Sales",288672,"Jayawardene","Heejo"
"Sales",288738,"Schieder","Charlene"
"Sales",288747,"Monkewich","Tamiya"
"Sales",289138,"Shinomoto","Sushant"
"Sales",289168,"Giaccio","Tsutomu"
"Sales",289171,"Linnainmaa","Sreekrishna"
"Sales",289260,"Kroon","Emran"
"Sales",290360,"Auyong","Rosita"
"Sales",290433,"Figueira","Anwar"
"Sales",290668,"Maccarone","Shigeaki"
"Sales",290695,"Undy","Xiadong"
"Sales",290698,"Gimarc","Kazuhide"
"Sales",290723,"Perez","Sajjad"
"Sales",292185,"Samarati","Anyuan"
"Sales",292222,"Nanard","Billie"
"Sales",292241,"Raczkowsky","Marsja"
"Sales",292579,"Ramsay","Susanne"
"Sales",292601,"Felder","Zdislav"
"Sales",292998,"Ramsay","Rosalyn"
"Sales",293078,"Bisiani","Jaideep"
"Sales",293112,"Esposito","Martina"
"Sales",293122,"Chleq","Fox"
"Sales",293338,"Baranowski","Marko"
"Sales",293346,"Ambroszkiewicz","Hausi"
"Sales",293364,"Tagansky","Paddy"
"Sales",293382,"Papadias","Zine"
"Sales",293414,"Bazelow","Alain"
"Sales",293420,"Esposito","Marsha"
"Sales",293427,"Ducloy","Chenye"
"Sales",293434,"Ghandeharizadeh","Sachio"
"Sales",293461,"Ullian","Tamiya"
"Sales",293882,"Malinowski","Alain"
"Sales",294181,"Georgatos","Georg"
"Sales",294187,"Liesche","Marie"
"Sales",294190,"Muchinsky","Marlo"
"Sales",294209,"Puoti","Baruch"
"Sales",294225,"Glinert","Tetsurou"
"Sales",294252,"Bardell","Elrique"
"Sales",296057,"Rabejac","Eishiro"
"Sales",296100,"Shackell","Berto"
"Sales",296368,"Warwick","Annemarie"
"Sales",296375,"Tzvieli","Maren"
"Sales",296383,"Veeraraghavan","Angus"
"Sales",296441,"Trystram","Macha"
"Sales",296488,"Tsukuda","Serap"
"Sales",296696,"Peek","Manibrata"
"Sales",296704,"Norsworthy","Otmar"
"Sales",296846,"Penz","Juyoung"
"Sales",296949,"Sidou","Aleksander"
"Sales",296996,"Setiz","Elliott"
"Sales",297054,"Kusakabe","Tzu"
"Sales",297058,"Rebaine","Patricia"
"Sales",297094,"Macedo","Shaunak"
"Sales",297151,"Vidal","Yurij"
"Sales",297152,"Hartvigsen","Fumiyo"
"Sales",297186,"Asmuth","Jovan"
"Sales",297225,"Smailagic","Berna"
"Sales",297252,"Lorch","Collette"
"Sales",297261,"Taubman","Yongmin"
"Sales",297669,"Cunliffe","Ghassan"
"Sales",297671,"Highland","Yoshimitsu"
"Sales",297676,"Kermarrec","Cedric"
"Sales",297758,"Garnier","Yakichi"
"Sales",297759,"Guerreiro","Dannz"
"Sales",297792,"Oberman","Adas"
"Sales",297840,"Jullig","Marsja"
"Sales",297994,"Serre","Chrisa"
"Sales",298028,"Koblitz","Arra"
"Sales",298081,"Kropf","DAIDA"
"Sales",298108,"Dusink","Bodh"
"Sales",298138,"Bauknecht","Reinhold"
"Sales",298149,"Bultermann","Narain"
"Sales",298341,"Domenig","Shugo"
"Sales",298360,"Butterworth","Mabry"
"Sales",298368,"Shinomoto","Tristan"
"Sales",298370,"Douceur","Tsz"
"Sales",298429,"Ouhyoung","Tuval"
"Sales",298436,"Cincotta","Shalesh"
"Sales",298448,"Giveon","Snehasis"
"Sales",298463,"Roccetti","Lubomir"
"Sales",298473,"Nitsch","Kasidit"
"Sales",298489,"Boreale","Subbu"
"Sales",298695,"Schrift","Gopalakrishnan"
"Sales",298737,"Savasere","Aksel"
"Sales",298750,"Hockney","Maia"
"Sales",298818,"Ghazalie","Martins"
"Sales",298888,"Foote","Moss"
"Sales",298940,"Covnot","Geoffry"
"Sales",299033,"Gente","Fei"
"Sales",299072,"Merks","Masali"
"Sales",299132,"Koyama","Uri"
"Sales",299167,"Neimat","Rafols"
"Sales",299223,"Raczkowsky","Qunsheng"
"Sales",299271,"Heystek","Divine"
"Sales",299302,"Alblas","Saddek"
"Sales",299307,"Stavenow","Mara"
"Sales",299310,"Kolvik","Arra"
"Sales",299390,"Bolsens","Arco"
"Sales",299423,"Schmittgen","Guozhong"
"Sales",299453,"McFarlin","Aran"
"Sales",299454,"Peternell","Ronnie"
"Sales",299729,"Cheshire","Basant"
"Sales",299780,"Sgarro","Elgin"
"Sales",299794,"Birta","Feipei"
"Sales",299805,"Piveteau","Geoffry"
"Sales",299827,"Perelgut","Shalesh"
"Sales",400092,"Bennet","Neven"
"Sales",400134,"Serdy","Marsja"
"Sales",400153,"Luce","Danai"
"Sales",400179,"Aseltine","Vishu"
"Sales",400192,"Sessa","Gennadi"
"Sales",400251,"Zaiane","Saddek"
"Sales",400289,"Bellmore","Adas"
"Sales",400299,"Haraldson","Anneke"
"Sales",400309,"Prampolini","Kristian"
"Sales",400318,"Danley","Tiina"
"Sales",400334,"Chepyzhov","Dekang"
"Sales",400335,"Angelopoulos","Ennio"
"Sales",400447,"Lodder","Sanjiv"
"Sales",400461,"Krohn","Xudong"
"Sales",400478,"Lund","Rafols"
"Sales",400503,"Szilard","Tadahiro"
"Sales",400515,"Panwar","Sudhanshu"
"Sales",400682,"Nitta","Huai"
"Sales",400721,"Demri","Kwangsub"
"Sales",400729,"Remmers","Shuji"
"Sales",400755,"Isaak","Shaunak"
"Sales",400861,"Eastman","Amabile"
"Sales",400883,"DeMori","Georg"
"Sales",400887,"Lamparter","Mohan"
"Sales",400889,"Cummings","Owen"
"Sales",400897,"Khalil","George"
"Sales",400907,"Lamparter","Satyanarayana"
"Sales",400950,"Erie","Otmar"
"Sales",400966,"Percebois","Izaskun"
"Sales",400972,"Lalonde","Chinho"
"Sales",401021,"Unni","Brigham"
"Sales",401108,"Kropp","Takahito"
"Sales",401125,"Rothe","Josyula"
"Sales",401128,"Ermel","Armond"
"Sales",401153,"Khalil","Becky"
"Sales",401380,"Giveon","Shakhar"
"Sales",401501,"Ghelli","Xuejun"
"Sales",401884,"Lovengreen","Moon"
"Sales",401926,"Matteis","Mary"
"Sales",401965,"Braccini","Mayuko"
"Sales",401978,"Waymire","Shaz"
"Sales",402223,"Breugel","Fai"
"Sales",402281,"Eiron","Boguslaw"
"Sales",402349,"Lipner","Harngdar"
"Sales",402353,"Heydon","Munehiko"
"Sales",402405,"Piancastelli","Guttorm"
"Sales",402410,"Cooke","Bokyung"
"Sales",402419,"Gurbaxani","Hiroyasu"
"Sales",402811,"Himler","Mabry"
"Sales",402819,"Kandlur","Christoph"
"Sales",402904,"Azadmanesh","Herbert"
"Sales",402931,"Gulla","Panayotis"
"Sales",402958,"Vieri","Maya"
"Sales",403061,"Swan","Danil"
"Sales",403087,"Pulkowski","Yakkov"
"Sales",403132,"Ranft","Sverrir"
"Sales",403163,"Oehlmann","Dmitri"
"Sales",403202,"Onuegbe","Honglan"
"Sales",403208,"Benner","Unal"
"Sales",403235,"Snyers","Gritta"
"Sales",403352,"Kolvik","Fuqing"
"Sales",405549,"Pauthner","Debaprosad"
"Sales",405566,"Terkki","Youpyo"
"Sales",405592,"Delgrange","Domenick"
"Sales",405602,"Anguita","Shao"
"Sales",405646,"Gerteisen","Harjit"
"Sales",405672,"Talmor","Etsuo"
"Sales",405888,"Alpay","Leucio"
"Sales",405931,"Hebert","Werner"
"Sales",405954,"Delaune","Xiaocheng"
"Sales",405955,"Kaelbling","Owen"
"Sales",406004,"Fraisse","Pranas"
"Sales",406209,"Baar","Jayesh"
"Sales",406260,"Jeansoulin","Mizuhito"
"Sales",406270,"Kenevan","Ayakannu"
"Sales",406277,"Paludetto","Siamak"
"Sales",406317,"Rabehasaina","Hinrich"
"Sales",406362,"Landherr","Ebru"
"Sales",406600,"Garigliano","Kenroku"
"Sales",406700,"Besselaar","Yefim"
"Sales",406963,"Melter","Harjit"
"Sales",408582,"Clemencon","Rosli"
"Sales",408619,"Segond","Inderjeet"
"Sales",408637,"Guardalben","Radhika"
"Sales",408656,"Birch","Mario"
"Sales",408950,"Barriga","Subhrajyoti"
"Sales",408988,"Menyhert","Leaf"
"Sales",408995,"Muhlberg","Sungwon"
"Sales",409028,"Hebden","Steve"
"Sales",409732,"Straney","Nitsan"
"Sales",409748,"Slutz","Vishwani"
"Sales",409823,"Halloran","Tianruo"
"Sales",409844,"Keirsey","Christoper"
"Sales",409877,"Prochazka","Dmitry"
"Sales",410733,"Passafiume","Gill"
"Sales",410772,"Strandh","Terresa"
"Sales",410880,"Schwaller","Shigeo"
"Sales",410882,"Mamelak","Munehiro"
"Sales",410904,"Klyachko","Boriana"
"Sales",410924,"Nations","Luerbio"
"Sales",410986,"Demizu","Akhilish"
"Sales",410989,"Wegerle","Hideyuki"
"Sales",411017,"Herath","Jiang"
"Sales",411047,"Wendorf","Ebbe"
"Sales",411062,"Morrey","Mabo"
"Sales",411083,"Bressoud","Jacopo"
"Sales",411132,"Zirintsis","Karoline"
"Sales",411139,"Sevcikova","Muneo"
"Sales",411444,"Papadias","Xuejun"
"Sales",411513,"Hainaut","Ute"
"Sales",411514,"Kalsbeek","Bedir"
"Sales",411523,"Sifakis","Halsur"
"Sales",411532,"Thisen","Morrie"
"Sales",411536,"Hebert","Foong"
"Sales",411563,"Peek","Jolita"
"Sales",411581,"Simkin","Steve"
"Sales",411594,"Munawer","Muneo"
"Sales",411694,"Itzigehl","Shaunak"
"Sales",411724,"Benantar","Sachin"
"Sales",411760,"Gischer","Heekeun"
"Sales",411777,"Detkin","Ortrud"
"Sales",411845,"Radivojevic","Chinho"
"Sales",411940,"Codenie","Gritta"
"Sales",412012,"Anandan","Mara"
"Sales",412074,"Wixon","Marjo"
"Sales",412099,"Weedon","Premsyl"
"Sales",412151,"Melter","Koichi"
"Sales",412156,"Swan","Bikash"
"Sales",412157,"Mamelak","Zhilian"
"Sales",412184,"Heuter","Ramzi"
"Sales",412196,"Zongker","Shaunak"
"Sales",412233,"Fritzsche","Fumiko"
"Sales",412275,"Holburn","Lene"
"Sales",412295,"Scharstein","Bezalel"
"Sales",412305,"Coombs","Tetsurou"
"Sales",412426,"Herber","Kiyotoshi"
"Sales",412427,"Androutsos","Kristen"
"Sales",412484,"Remmele","Gritta"
"Sales",412492,"Anily","Pranas"
"Sales",412545,"Felder","Minghong"
"Sales",412555,"Bade","Takahito"
"Sales",412581,"Nivat","Jessie"
"Sales",412593,"Grabner","Maren"
"Sales",412653,"Rajcani","Nobuyoshi"
"Sales",412656,"Zykh","Gunilla"
"Sales",412702,"Parhami","Tran"
"Sales",412710,"Kamber","Oscar"
"Sales",413305,"Duclos","Zsolt"
"Sales",413327,"Ellozy","Heejo"
"Sales",413402,"Christ","Nechama"
"Sales",413423,"Conti","Fai"
"Sales",413615,"Bahk","Vojin"
"Sales",413711,"Stasinski","Adil"
"Sales",413722,"Demeyer","Subhankar"
"Sales",413868,"Callaway","Kristinn"
"Sales",413907,"Brodie","Genki"
"Sales",413964,"Jonsson","Guttorm"
"Sales",413981,"Naudin","Hiroyasu"
"Sales",413991,"Merlo","Kerryn"
"Sales",414042,"Cummings","Giri"
"Sales",414139,"Soicher","Yakkov"
"Sales",414140,"Vickson","Leucio"
"Sales",414173,"Jonsson","Gina"
"Sales",414180,"Dengi","Kinh"
"Sales",414189,"Eldridge","Parviz"
"Sales",414194,"Whittlesey","Akhilish"
"Sales",414234,"Borovoy","Tamiya"
"Sales",414280,"Arlazarov","Genki"
"Sales",414292,"Mandell","Josyula"
"Sales",414367,"Ginneken","Sreekrishna"
"Sales",414422,"Gips","Moto"
"Sales",414427,"Itzigehl","Huai"
"Sales",414438,"Quaggetto","Jianhao"
"Sales",414458,"Lorin","Weidon"
"Sales",414481,"Suppi","Younwoo"
"Sales",414555,"Duclos","Etsuo"
"Sales",414571,"Hiltgen","Jinya"
"Sales",414602,"Feldmann","Valeska"
"Sales",414620,"Vecchi","Surveyors"
"Sales",414632,"Sullins","Jianhao"
"Sales",414664,"Huhdanpaa","Ohad"
"Sales",414724,"Bottner","Phuoc"
"Sales",414893,"Vendrig","Aloke"
"Sales",415152,"Danecki","Jongsuk"
"Sales",415457,"Makinen","Sasan"
"Sales",415459,"Lampe","Danny"
"Sales",415622,"Steinauer","Subhrajyoti"
"Sales",415644,"Hoppenstand","Chaosheng"
"Sales",415698,"Gyimothy","Shao"
"Sales",415833,"Setia","Bangqing"
"Sales",415867,"Erev","Shuji"
"Sales",415886,"Vanwelkenhuysen","Licheng"
"Sales",415919,"Nitta","Emdad"
"Sales",415958,"Edelhoff","Chikako"
"Sales",415982,"Iwayama","Gretta"
"Sales",415998,"Vrecion","Heon"
"Sales",416064,"Luck","Kousuke"
"Sales",416085,"Granlund","Sachem"
"Sales",416160,"Bazzichi","Stella"
"Sales",416476,"Pollock","Garnet"
"Sales",416477,"Rohrbach","Claudi"
"Sales",416551,"Pell","Anneli"
"Sales",416752,"Babu","Dannz"
"Sales",416783,"Makrucki","Kagan"
"Sales",416795,"Wossner","Aksel"
"Sales",416804,"Cusworth","Toshimo"
"Sales",416815,"Knightly","Mohd"
"Sales",416864,"Shiratori","Chiradeep"
"Sales",417119,"Snedden","Manton"
"Sales",417141,"Belinskaya","Mandell"
"Sales",417172,"Dulin","Amalendu"
"Sales",417173,"Passino","Kellie"
"Sales",417182,"Terlouw","Jeanne"
"Sales",417188,"Vieth","Yechiam"
"Sales",417194,"Maierhofer","Sanjeeva"
"Sales",417196,"Dusink","Visit"
"Sales",417217,"Einsfeld","Denny"
"Sales",417238,"Varker","DAIDA"
"Sales",417240,"Stafford","Limsoon"
"Sales",417427,"Lores","Doohun"
"Sales",417528,"Welham","Eirik"
"Sales",417529,"Kornatzky","Yakichi"
"Sales",417571,"Ambroszkiewicz","Geoffry"
"Sales",417830,"Androutsos","Geoff"
"Sales",418306,"Kumaresan","Moriyoshi"
"Sales",418367,"Cullers","Zengping"
"Sales",418420,"Flanders","Vasiliy"
"Sales",418435,"Erev","Makato"
"Sales",418482,"Cincotta","Arto"
"Sales",418611,"Peak","Chirstian"
"Sales",418656,"Egerstedt","Aluzio"
"Sales",418671,"Calkin","Xiaoshan"
"Sales",418716,"Linnainmaa","Marke"
"Sales",418740,"Saoudi","Giao"
"Sales",419092,"Lienhardt","Sergi"
"Sales",419127,"Gyorkos","Faiza"
"Sales",419178,"Osgood","Henk"
"Sales",419333,"Fetvedt","Susuma"
"Sales",419345,"Bratten","Shietung"
"Sales",419366,"Rabehasaina","Goo"
"Sales",419374,"Pollacia","Yoshinari"
"Sales",419784,"Reutenauer","Kiyomitsu"
"Sales",419810,"Szmurlo","Chiradeep"
"Sales",419901,"Monarch","Kyoichi"
"Sales",419907,"Rajaraman","Tayeb"
"Sales",419974,"Mahnke","Kamran"
"Sales",420023,"Huttel","Kazuhiro"
"Sales",420049,"Eiron","Anoosh"
"Sales",420063,"Schneeberger","Harjit"
"Sales",420155,"Liesche","Youpyo"
"Sales",420158,"Henders","Jasminko"
"Sales",420229,"Esposito","Kristian"
"Sales",420448,"Farris","Moss"
"Sales",420464,"Alblas","Shan"
"Sales",420509,"Mahmud","Dzung"
"Sales",420575,"Schade","Sampalli"
"Sales",420684,"Percebois","Stein"
"Sales",420737,"Andreotta","Becky"
"Sales",420756,"Demri","Guther"
"Sales",421292,"Suri","Shuzo"
"Sales",421309,"Stanger","King"
"Sales",421365,"Anguita","Baruch"
"Sales",421418,"Hasenauer","Kamakshi"
"Sales",421614,"Krone","Holgard"
"Sales",421619,"Liesche","Gen"
"Sales",421673,"Maksimenko","Valeska"
"Sales",421695,"Merel","Theron"
"Sales",421744,"Kaltofen","Kiyotoshi"
"Sales",421931,"Minakawa","Shiv"
"Sales",421951,"Benaini","Odoardo"
"Sales",421959,"Peck","Salvador"
"Sales",421971,"Terwilliger","Chiranjit"
"Sales",422025,"Junet","Guttorm"
"Sales",422073,"Heping","Kenton"
"Sales",422868,"Kugler","Fumino"
"Sales",422883,"Noriega","Jiang"
"Sales",423608,"Mawatari","Christoper"
"Sales",423634,"Ananiadou","Spyrose"
"Sales",423656,"Whitcomb","Huai"
"Sales",423658,"Theuretzbacher","Persi"
"Sales",423688,"Rosiles","Roddy"
"Sales",423692,"Bierbaum","Vugranam"
"Sales",423703,"Rissanen","Wanqing"
"Sales",423735,"Rosch","Dung"
"Sales",424019,"Rajala","Garnik"
"Sales",424020,"Legleitner","Rance"
"Sales",424050,"Valtorta","Jixiang"
"Sales",424069,"Thorelli","Lena"
"Sales",424090,"Holburn","Inderjeet"
"Sales",425129,"Ushiama","Xuejia"
"Sales",425144,"Fabrizio","Yannis"
"Sales",425220,"Anger","Xiadong"
"Sales",425246,"Vernadat","Salvador"
"Sales",426625,"Gente","Tayeb"
"Sales",426955,"Ashish","Sanjai"
"Sales",426986,"Furudate","Jixiang"
"Sales",427009,"Honiden","Sushant"
"Sales",427010,"Frolund","Mingsen"
"Sales",427022,"Pintelas","Yurii"
"Sales",427029,"Ramalingam","Samphel"
"Sales",427078,"Menhardt","Shigeichiro"
"Sales",427079,"Ligten","Kazuyasu"
"Sales",427093,"Schlumberger","Georgy"
"Sales",427824,"Hennings","Chinho"
"Sales",427855,"Theuretzbacher","Tzvetan"
"Sales",427888,"Siksek","Chanjung"
"Sales",427912,"Mansanne","Goetz"
"Sales",427942,"Flanders","Vojin"
"Sales",428152,"Naudin","Shigehito"
"Sales",428158,"Horswill","Masato"
"Sales",428188,"Zobel","Badri"
"Sales",428223,"McDermid","Fumiko"
"Sales",428247,"McAffer","Jasminko"
"Sales",428339,"Carrera","Emran"
"Sales",428348,"Antonisse","Khoa"
"Sales",428402,"Remmele","Stein"
"Sales",428454,"Weiland","Ottavia"
"Sales",428689,"Perez","Bouchung"
"Sales",428699,"Demri","Pranas"
"Sales",428728,"Gimarc","Jaber"
"Sales",428755,"Schlegelmilch","Charmane"
"Sales",428759,"Neimat","Ohad"
"Sales",428790,"Schach","Junsik"
"Sales",429022,"Schlegelmilch","Jackson"
"Sales",429106,"Badr","Shuky"
"Sales",429120,"Passafiume","Tsuneo"
"Sales",429780,"DuCasse","Venkatesan"
"Sales",429838,"Barvinok","Marko"
"Sales",429890,"Zaumen","Gopalakrishnan"
"Sales",429947,"Birnbaum","Pranav"
"Sales",429954,"Gladwell","Renny"
"Sales",429961,"Swiss","Houman"
"Sales",430019,"Luders","Zhaofang"
"Sales",430046,"Ishibashi","Limsoon"
"Sales",430064,"Prampolini","Gianluca"
"Sales",430069,"Esposito","Zijian"
"Sales",430094,"Krzyzanowski","Shen"
"Sales",430140,"Montemayor","Pragnesh"
"Sales",430147,"Jayawardene","Tran"
"Sales",430222,"Menhardt","Jaewoo"
"Sales",430269,"Conde","Karlis"
"Sales",430276,"Gulak","Fumiko"
"Sales",430300,"Binkley","Xuedong"
"Sales",430436,"Quadeer","Chandrasekaran"
"Sales",430563,"Chaudhury","Kazuhiko"
"Sales",430566,"Kuzuoka","Kensei"
"Sales",430667,"Jervis","Larisa"
"Sales",430753,"Mitsuhashi","Hongzue"
"Sales",430766,"Tyugu","Fumino"
"Sales",430817,"Zhiwei","Iara"
"Sales",430845,"Chappelet","Stafford"
"Sales",430916,"Fritzsche","Aron"
"Sales",431147,"Strooper","Ranga"
"Sales",431229,"Harbusch","Kokou"
"Sales",431268,"Merlo","Rafols"
"Sales",431291,"Hammerschmidt","Hideyuki"
"Sales",431343,"Isaak","Berhard"
"Sales",431360,"Lichtman","Shirish"
"Sales",431398,"Antonakopoulos","Takanari"
"Sales",431403,"Angel","Aemilian"
"Sales",431467,"Schach","Weijing"
"Sales",431527,"Baak","Abdelaziz"
"Sales",431610,"Shimshoni","Amalendu"
"Sales",431635,"Murrill","Adam"
"Sales",431734,"Lukaszewicz","Zongyan"
"Sales",431986,"Quaggetto","Kwangsub"
"Sales",432050,"Compeau","Irene"
"Sales",432382,"Parveen","Mart"
"Sales",432397,"Lambe","Eran"
"Sales",432428,"Zambonelli","Zita"
"Sales",432718,"Cunliffe","Hirochika"
"Sales",432755,"Serov","Huan"
"Sales",433149,"Schauser","Shahaf"
"Sales",433159,"Boissier","Sudharsan"
"Sales",433193,"Shihab","Badri"
"Sales",433255,"Yetim","Leah"
"Sales",433290,"Chaudhuri","Gully"
"Sales",433301,"Chelton","Moheb"
"Sales",433383,"Hutter","Manu"
"Sales",433488,"Antonisse","Wayne"
"Sales",433489,"Bahi","Pranjal"
"Sales",433535,"Perfilyeva","Roselyn"
"Sales",433593,"Narlikar","Adit"
"Sales",433627,"Katiyar","JoAnna"
"Sales",433629,"Pluym","Khue"
"Sales",433657,"Prampolini","Marko"
"Sales",433673,"Conta","Lein"
"Sales",433687,"Giveon","Conrado"
"Sales",433734,"Hertweck","Patricia"
"Sales",433738,"Petersohn","Toshimi"
"Sales",433916,"Muhlberg","Genta"
"Sales",433956,"Iisaku","Shimshon"
"Sales",434162,"Aloia","Bodo"
"Sales",434168,"Alencar","Aiman"
"Sales",434210,"Cromarty","Hailing"
"Sales",434312,"Zschoche","Lenore"
"Sales",434490,"Vingron","Huan"
"Sales",434492,"Ritcey","Nishit"
"Sales",434567,"Trystram","Toshimitsu"
"Sales",434605,"Alameldin","Yahiko"
"Sales",434644,"Ramsay","Palash"
"Sales",434832,"Mitzlaff","Vojin"
"Sales",434865,"Shobatake","Lokesh"
"Sales",434895,"Backhouse","Dipankar"
"Sales",434914,"Swift","Augustine"
"Sales",434923,"Riefers","Heather"
"Sales",434931,"Rosti","JiYoung"
"Sales",434939,"Rohrbach","Elzbieta"
"Sales",434971,"Hertweck","Shugo"
"Sales",435121,"Matzen","Duangkaew"
"Sales",435123,"Erdmenger","Tremaine"
"Sales",435131,"Bhattacharjee","Ramalingam"
"Sales",435148,"Buchter","Gennady"
"Sales",435213,"Lanteri","Kitty"
"Sales",435237,"Worfolk","Ugo"
"Sales",435297,"Nitsche","Siddarth"
"Sales",435298,"Shackel","Morris"
"Sales",435362,"Munoz","Aluzio"
"Sales",435368,"Falco","Martine"
"Sales",435395,"Katiyar","Rildo"
"Sales",435409,"Lorys","Fumiyo"
"Sales",435419,"Heiserman","Nevio"
"Sales",435534,"Halevi","Hatsukazu"
"Sales",435549,"Khalil","Munehiro"
"Sales",435553,"Moffat","Somnath"
"Sales",435562,"Ashish","Shuho"
"Sales",435571,"Fioravanti","Marlo"
"Sales",435619,"Bierbaum","Kazuhito"
"Sales",435655,"Melichar","Tua"
"Sales",435868,"Kuzuoka","Oddvar"
"Sales",435947,"Kabayashi","Harngdar"
"Sales",435973,"Luks","Ramalingam"
"Sales",436329,"Suessmith","Sreenivas"
"Sales",436380,"Rosaz","Serap"
"Sales",436422,"Denna","Roded"
"Sales",436457,"Deville","Wilmer"
"Sales",436464,"DasSarma","Alper"
"Sales",436465,"Stafford","Mariangiola"
"Sales",436485,"Haumacher","Paris"
"Sales",436836,"Muchinsky","Mads"
"Sales",436837,"Marrakchi","Pramod"
"Sales",436895,"Wursthorn","Bluma"
"Sales",436960,"Bednarek","Pintsang"
"Sales",437369,"Biran","Kazuhide"
"Sales",437418,"Mungall","Xiping"
"Sales",437442,"Delaune","Muzhong"
"Sales",437697,"Conde","Mahmut"
"Sales",437727,"Sidou","Pranay"
"Sales",437758,"Adachi","Goetz"
"Sales",437826,"Giarratana","Emdad"
"Sales",438002,"Haumacher","Gio"
"Sales",438012,"Lambe","Yongdong"
"Sales",438029,"Leaver","Feiyu"
"Sales",438035,"Koblitz","Boguslaw"
"Sales",438046,"Turnbull","Perry"
"Sales",438144,"Suri","Martial"
"Sales",438162,"Erdmenger","Mabry"
"Sales",438163,"Mellouli","Marl"
"Sales",438352,"Gajiwala","Mari"
"Sales",438445,"Sommer","Stabislas"
"Sales",438481,"Lanzelotte","Billur"
"Sales",439061,"Eiron","Kazunori"
"Sales",439074,"Plessier","Gou"
"Sales",439139,"Brookner","Xuejia"
"Sales",439146,"Lunt","Ronghao"
"Sales",439212,"Goldhammer","Sangeeta"
"Sales",439257,"Pluym","Khedija"
"Sales",439286,"Tyugu","Brigham"
"Sales",439294,"Sommer","Sreekrishna"
"Sales",439546,"Marakhovsky","Ayakannu"
"Sales",439669,"Janetzko","Subhrajyoti"
"Sales",439848,"Baca","Shaw"
"Sales",439867,"McClurg","Kwun"
"Sales",439869,"Schoegge","Ziva"
"Sales",439876,"Jording","Nakhoon"
"Sales",439920,"Stiles","Ute"
"Sales",439975,"Emiris","Harngdar"
"Sales",439981,"Chiodo","Soenke"
"Sales",439984,"Baez","TRUE"
"Sales",440884,"Sigstam","Renee"
"Sales",440918,"Swan","Mototsugu"
"Sales",440953,"Lung","Lech"
"Sales",440987,"Radhakrishnan","Hiroyasu"
"Sales",441009,"Zucker","Hyuckchul"
"Sales",442860,"Karunanithi","Dulce"
"Sales",442875,"Rodier","Guozhong"
"Sales",442879,"Schaap","Henk"
"Sales",442883,"Vendrig","Yinlin"
"Sales",442910,"Ellozy","Hatim"
"Sales",442942,"Kamber","Ebru"
"Sales",443039,"Pepe","Kristian"
"Sales",443113,"Nannarelli","Kiam"
"Sales",443140,"Pramanik","Feixiong"
"Sales",443146,"Champarnaud","Lunjin"
"Sales",443228,"Gecseg","Mohammad"
"Sales",443230,"Hmelo","Mayuko"
"Sales",443346,"Biros","Alair"
"Sales",444294,"Matzat","Nikolaus"
"Sales",444304,"Awdeh","Mark"
"Sales",444313,"Shackell","Ohad"
"Sales",444321,"Sigstam","Jinpo"
"Sales",444336,"Pintelas","Kristine"
"Sales",444366,"Farrow","Adam"
"Sales",444469,"Breugel","Sushant"
"Sales",444472,"Suermann","Masali"
"Sales",444551,"Gien","Ipke"
"Sales",444607,"Benzmuller","Masadi"
"Sales",444657,"Krohm","Ohad"
"Sales",444671,"Nations","Przemyslawa"
"Sales",444690,"Validov","Kazuhiko"
"Sales",444724,"Maginnis","Yuichiro"
"Sales",444744,"Farrar","Weijing"
"Sales",444756,"Varker","Nahid"
"Sales",444840,"Roisin","Sverrir"
"Sales",445058,"Gladwell","Taegyun"
"Sales",445104,"Marzano","Pranjal"
"Sales",445142,"Chenney","Mingdong"
"Sales",445724,"Facello","Zissis"
"Sales",445735,"Schiettecatte","Mingdong"
"Sales",445776,"Impagliazzo","Palash"
"Sales",445867,"Przulj","Baoqiu"
"Sales",445912,"Vecchi","Yurii"
"Sales",445927,"Nastansky","Dekang"
"Sales",445937,"Peroz","Sumali"
"Sales",445959,"Savasere","Henk"
"Sales",445960,"Schach","Rosalyn"
"Sales",446003,"Beznosov","Nirmal"
"Sales",446017,"Brickell","Nalini"
"Sales",446059,"Comellas","Yoshimitsu"
"Sales",446106,"Toyoshima","Margo"
"Sales",446121,"Cochrane","Fay"
"Sales",446146,"Jonsson","Gaetan"
"Sales",446155,"Prenel","Eckart"
"Sales",446427,"Gadepally","Wuxu"
"Sales",446498,"Bierbaum","Taisook"
"Sales",446623,"Angelopoulos","Beshir"
"Sales",446691,"Cheshire","Kristina"
"Sales",446703,"Benveniste","Masaru"
"Sales",446748,"Samarati","Gonzalo"
"Sales",446766,"Brandsma","Ronnie"
"Sales",447114,"Bolotov","Limsoon"
"Sales",447125,"Michaels","Eberhardt"
"Sales",447320,"Anger","Geoffrey"
"Sales",447347,"Lorho","Nobuyoshi"
"Sales",447385,"Skrikant","Yongqiao"
"Sales",447739,"Pouyioutas","Masamitsu"
"Sales",447752,"Chiodo","Ramachenga"
"Sales",447754,"Krone","Lorien"
"Sales",447762,"Cochrane","Kazuhito"
"Sales",447776,"Maliniak","Toney"
"Sales",447862,"Strooper","Babette"
"Sales",448119,"Smeets","Nikolaus"
"Sales",448584,"Swiss","Eben"
"Sales",448613,"Tzvieli","Ger"
"Sales",448617,"Pardalos","Shigeaki"
"Sales",448711,"Uludag","Chirstian"
"Sales",449003,"Pluym","DeForest"
"Sales",449025,"Levasseur","Shao"
"Sales",449035,"Suppi","Aria"
"Sales",449037,"Argence","Michaela"
"Sales",449039,"Pietracaprina","Demos"
"Sales",449215,"Trumbly","Arvind"
"Sales",449229,"Marchesini","Takanari"
"Sales",449257,"Perez","Gaetan"
"Sales",449266,"Parascandalo","Basim"
"Sales",449304,"Bernardinello","Herb"
"Sales",449335,"Thiria","Geoffrey"
"Sales",449343,"Eickenmeyer","Karoline"
"Sales",449436,"Paciorek","Hitofumi"
"Sales",449449,"Tetzlaff","Weidon"
"Sales",449465,"Pintelas","Chrisa"
"Sales",449494,"Lammel","Demin"
"Sales",449503,"Veldwijk","Uriel"
"Sales",449532,"Calkin","Diederik"
"Sales",449543,"Holburn","Abdelkader"
"Sales",449596,"Ernst","Shigeu"
"Sales",449655,"Backhouse","Thodoros"
"Sales",449753,"Braunschweig","Akeno"
"Sales",449787,"Colorni","Lansing"
"Sales",449820,"Desikan","Shimshon"
"Sales",449824,"Blokdijk","Marco"
"Sales",450096,"Diderrich","Divine"
"Sales",450099,"Kaiserswerth","Elrique"
"Sales",450249,"Waschkowski","Abdelwaheb"
"Sales",450256,"Luga","Zeljko"
"Sales",450351,"Bernini","Candido"
"Sales",450369,"Maksimenko","Subhash"
"Sales",450448,"Sessa","Shugo"
"Sales",450469,"Molenkamp","Fabrizio"
"Sales",450487,"Zwicker","Takushi"
"Sales",450787,"Pashtan","Jeong"
"Sales",450860,"Billingsley","Angus"
"Sales",450868,"Isaac","Udo"
"Sales",450920,"Noriega","Udo"
"Sales",451001,"Bottner","Kitty"
"Sales",451007,"Jeong","Mingzeng"
"Sales",451036,"Dulli","Chikako"
"Sales",451039,"Mawatari","Idoia"
"Sales",451269,"Figueira","Jahangir"
"Sales",451277,"Gire","Dinkar"
"Sales",451296,"Beidas","Shigeu"
"Sales",451329,"Broomell","Seongbae"
"Sales",451418,"Thambidurai","Saddek"
"Sales",451419,"Luke","Lokesh"
"Sales",451530,"Schlumberger","Xuedong"
"Sales",451564,"Pluym","Arunas"
"Sales",451603,"Merkl","Aris"
"Sales",451712,"Eldridge","Poorav"
"Sales",451784,"Birge","Yagil"
"Sales",451883,"Rosti","Shooichi"
"Sales",451885,"Percebois","Basim"
"Sales",451953,"Piancastelli","Debatosh"
"Sales",451965,"Ranai","Tsz"
"Sales",452005,"Jiang","Tokuyasu"
"Sales",452040,"Champarnaud","Kazuhide"
"Sales",452060,"Perko","Aamer"
"Sales",455082,"Kuhnemann","Mabhin"
"Sales",455107,"Emiris","Dharmaraja"
"Sales",455781,"Erni","Shuky"
"Sales",455837,"Lindqvist","Sachin"
"Sales",456427,"Fioravanti","Tomofumi"
"Sales",456466,"Negoita","Syozo"
"Sales",456976,"Serdy","Basant"
"Sales",457015,"Biran","Yoshinari"
"Sales",457024,"Swift","Faiza"
"Sales",457026,"Narahari","Fay"
"Sales",457057,"Roohalamini","Xinglin"
"Sales",457326,"Vural","Tadahiko"
"Sales",457335,"Figueira","Ugo"
"Sales",458925,"Loncour","Gererd"
"Sales",459035,"Back","Huan"
"Sales",459038,"Peyn","Wilmer"
"Sales",459131,"Bennis","Dinah"
"Sales",459198,"Krogh","Tsz"
"Sales",459925,"Mawatari","Alagu"
"Sales",459990,"Bala","Eberhardt"
"Sales",460120,"Kitai","Shuichi"
"Sales",460137,"Cannane","Tetsushi"
"Sales",460157,"Parascandalo","Sudhanshu"
"Sales",460207,"Hellwagner","Laurentiu"
"Sales",460212,"Jansen","Zhensheng"
"Sales",460282,"Ginesta","Sedat"
"Sales",460675,"Openshaw","Xianlong"
"Sales",460748,"Hiroyama","Peer"
"Sales",460754,"Luke","Junichi"
"Sales",460758,"Dahlbom","Debatosh"
"Sales",460767,"Kieras","Weidon"
"Sales",460803,"Linares","Zita"
"Sales",460839,"Akazan","Vishu"
"Sales",461949,"Laurillard","Duro"
"Sales",461960,"Ramsay","Remko"
"Sales",461985,"Terkki","Joydip"
"Sales",462071,"Murtafg","Ioana"
"Sales",462299,"Picht","Huei"
"Sales",462310,"Guting","Sangeeta"
"Sales",462343,"Erni","Shahid"
"Sales",462344,"Akazan","Giao"
"Sales",462418,"Theuretzbacher","Rasiah"
"Sales",462451,"Barvinok","Eran"
"Sales",462461,"Whitcomb","Remko"
"Sales",462472,"Jonsson","Tsvetan"
"Sales",462485,"Reutenauer","Yakichi"
"Sales",462501,"Vesel","Neelam"
"Sales",462562,"Acton","Navin"
"Sales",462632,"Birke","Palash"
"Sales",462675,"Shrader","Sajjan"
"Sales",462692,"Hiyoshi","Susanna"
"Sales",462702,"Tyugu","Harjit"
"Sales",462719,"Fioravanti","Mingdong"
"Sales",462731,"Botman","Saddek"
"Sales",462751,"Manderick","Xiadong"
"Sales",462890,"Peak","Jinya"
"Sales",462932,"Loncour","Jaber"
"Sales",462958,"Kabayashi","Utpal"
"Sales",462984,"Zweizig","Masako"
"Sales",463007,"Baak","Lijie"
"Sales",463059,"Stifter","Herbert"
"Sales",463061,"Hmelo","DAIDA"
"Sales",463262,"Niizuma","Morris"
"Sales",463266,"Anily","Salvador"
"Sales",463457,"Ouhyoung","Dietrich"
"Sales",463490,"Decleir","Remko"
"Sales",465296,"Muntz","Candida"
"Sales",465323,"Chaudhury","Marl"
"Sales",465373,"Pesch","Maja"
"Sales",465408,"Itzigehl","Kenroku"
"Sales",465416,"Peltason","Subir"
"Sales",470997,"Jullig","Maria"
"Sales",471000,"Stavenow","Ayonca"
"Sales",471046,"Shigei","Rasikan"
"Sales",471306,"Motley","Chaitali"
"Sales",471346,"Oppitz","Nidapan"
"Sales",471350,"Comellas","Constantine"
"Sales",471373,"Crelier","Tokuyasu"
"Sales",471434,"Improta","Masaru"
"Sales",471659,"Hmelo","Subir"
"Sales",471709,"Penn","Mitsuyuki"
"Sales",471718,"Segond","Slavian"
"Sales",471767,"Babb","Yurii"
"Sales",471797,"Smeets","Aiman"
"Sales",472137,"Gaughan","Urs"
"Sales",472139,"Eppinger","Heather"
"Sales",472256,"Perna","Muneo"
"Sales",472283,"Uhrik","Fan"
"Sales",472472,"Busillo","Mizuhito"
"Sales",472559,"Desikan","Ulises"
"Sales",472581,"Marshall","Paraskevi"
"Sales",472586,"Kuhnemann","Danil"
"Sales",472655,"Schahn","Nahum"
"Sales",472669,"Lemarechal","Kellyn"
"Sales",472728,"Stenning","Aimee"
"Sales",472754,"Lamba","Roselyn"
"Sales",472827,"Asmuth","Greger"
"Sales",472843,"Keustermans","Christoph"
"Sales",472872,"Danley","Danel"
"Sales",472874,"Kleiser","Shalesh"
"Sales",472891,"Swen","Paris"
"Sales",472898,"Swen","Frederique"
"Sales",472975,"Isaac","Constantine"
"Sales",473018,"Talmor","Basil"
"Sales",473020,"Mahnke","Toshiki"
"Sales",473077,"Kopetz","Shrikanth"
"Sales",473079,"Azadmanesh","Radhia"
"Sales",473297,"Ouhyoung","Supot"
"Sales",473584,"Gire","Vishv"
"Sales",473597,"Kalafatis","DAIDA"
"Sales",473624,"Koshino","Hatim"
"Sales",473635,"Diderrich","Gina"
"Sales",473854,"Ramalingam","Shaw"
"Sales",473875,"Cherinka","Herb"
"Sales",473964,"Hempstead","Sanjeeva"
"Sales",473988,"Pauthner","Bernice"
"Sales",474030,"Bashian","Masamitsu"
"Sales",474073,"Vigier","Nishit"
"Sales",474140,"Morrow","Vishwani"
"Sales",474144,"Bondorf","Yurii"
"Sales",474195,"Guenter","Zongyan"
"Sales",474200,"Sabnani","Masako"
"Sales",474269,"Bade","Pantung"
"Sales",474538,"Schueller","Kaijung"
"Sales",474556,"Hartvigsen","Duri"
"Sales",474557,"Wissmann","Ayonca"
"Sales",474571,"Zyda","Guiseppe"
"Sales",474586,"Wrigley","Masamitsu"
"Sales",474590,"Kulisch","JiYoung"
"Sales",474609,"Reutenauer","Seongbin"
"Sales",474862,"Chinin","Youpyo"
"Sales",474868,"Fadgyas","Subir"
"Sales",474942,"Lieblein","Atreyi"
"Sales",474948,"Stentiford","Gil"
"Sales",474963,"Curless","Manibrata"
"Sales",474978,"Lalonde","Mabry"
"Sales",474982,"Vieth","Gil"
"Sales",475198,"Collavizza","Bernice"
"Sales",475223,"Isaac","Feipei"
"Sales",475598,"Selenyi","Mircea"
"Sales",475617,"Waymire","Fun"
"Sales",475639,"Ranka","Maha"
"Sales",476062,"Kambil","Renee"
"Sales",476095,"Zielinski","Taisook"
"Sales",476124,"Janetzko","Selwyn"
"Sales",476137,"Farrel","Oguz"
"Sales",476338,"Rissland","Sukumar"
"Sales",476341,"Chinen","Munir"
"Sales",476363,"Facello","Muzhong"
"Sales",476402,"Prochazka","Piyawadee"
"Sales",476456,"Rodiger","Remko"
"Sales",476737,"Katzenelson","Kristinn"
"Sales",476784,"Schwaller","Yinghua"
"Sales",476802,"Wixon","Nadjib"
"Sales",476995,"Waymire","Naftali"
"Sales",477056,"Genther","Mountaz"
"Sales",477070,"Staelin","Karoline"
"Sales",477071,"Zambonelli","Gully"
"Sales",477075,"Luca","Basil"
"Sales",477098,"Monarch","Dante"
"Sales",477132,"Clouatre","Danai"
"Sales",477142,"Stenning","Mrinalini"
"Sales",477146,"Thombley","Yoshimitsu"
"Sales",477327,"Selvestrel","Hiroyasu"
"Sales",477426,"Saoudi","Lubomir"
"Sales",477441,"Siegrist","Chanjung"
"Sales",477699,"Mitina","Sudharsan"
"Sales",477738,"Lamma","Nevin"
"Sales",477782,"Bach","Nathalie"
"Sales",478168,"Halloran","Xiaopeng"
"Sales",478184,"Besselaar","Falguni"
"Sales",478273,"Prochazka","Dulce"
"Sales",478274,"Perng","Morris"
"Sales",478288,"Papadias","Theron"
"Sales",478289,"Zobel","Fai"
"Sales",478569,"Kropp","Wilmer"
"Sales",478584,"Sambasivam","Shaunak"
"Sales",478586,"Jansch","Poorav"
"Sales",478594,"Sommen","Mechthild"
"Sales",478600,"Ushiama","Aleksander"
"Sales",478630,"Brickell","Idoia"
"Sales",478639,"Rotem","Shigenori"
"Sales",478643,"Stenning","Malu"
"Sales",478843,"Tempesti","Gregory"
"Sales",478854,"Esposito","Brendon"
"Sales",478899,"Flowers","Zito"
"Sales",479167,"Backhouse","Mayuri"
"Sales",479178,"Miake","Ottavia"
"Sales",479181,"Keirsey","Subir"
"Sales",479215,"Sevcikova","Felicidad"
"Sales",479293,"Bage","Chandrasekaran"
"Sales",479331,"Haldar","Eishiro"
"Sales",479543,"Aumann","Dmitri"
"Sales",479556,"Eugenio","Youjian"
"Sales",479559,"Monkewich","Yuchang"
"Sales",479570,"Koprowski","Cathie"
"Sales",479582,"Grospietsch","Rafols"
"Sales",479630,"Poupard","Kotesh"
"Sales",479637,"Marsiglia","Genta"
"Sales",479653,"Reeken","Conor"
"Sales",479665,"Geffroy","Adib"
"Sales",479867,"Anandan","Akemi"
"Sales",479886,"Antonisse","Tesuro"
"Sales",479891,"Servi","Kwee"
"Sales",479948,"Ghandeharizadeh","Xinglin"
"Sales",480372,"Coombs","Zhanqiu"
"Sales",480385,"Cooke","Nathalie"
"Sales",480398,"Gecseg","Sarita"
"Sales",480409,"Fujisawa","Genki"
"Sales",480446,"Nyanchama","Basim"
"Sales",480701,"Vrecion","Bluma"
"Sales",480741,"Bail","Sastry"
"Sales",480762,"Luan","Aiman"
"Sales",480819,"Hashii","Cheong"
"Sales",481035,"Melton","Mohit"
"Sales",481045,"Jiang","Dulce"
"Sales",481056,"Kakkad","Sachem"
"Sales",481117,"Brender","Fay"
"Sales",481119,"Gils","Niranjan"
"Sales",481124,"Khalid","Mara"
"Sales",481136,"Bernini","Nahid"
"Sales",481137,"Swan","Margareta"
"Sales",481345,"Plotkin","Tru"
"Sales",481412,"Krohm","Wilmer"
"Sales",481449,"Heyers","Uta"
"Sales",481714,"Servi","Yuuichi"
"Sales",481785,"Wursthorn","Martial"
"Sales",481799,"Maquelin","Sampalli"
"Sales",482531,"Aseltine","Oddvar"
"Sales",482625,"Michaeli","Siamak"
"Sales",482642,"Mahnke","Vugranam"
"Sales",482659,"Passino","Zhenbing"
"Sales",482663,"Demir","Tadahiro"
"Sales",482678,"Sluis","Vojin"
"Sales",483283,"Gimarc","Fox"
"Sales",484024,"Langford","Mark"
"Sales",484078,"Soloway","Weiyi"
"Sales",484082,"Fadgyas","Percy"
"Sales",484085,"Swick","Basant"
"Sales",484488,"Kobuchi","Danny"
"Sales",484885,"Gopalakrishnan","Morris"
"Sales",485000,"Quaggetto","Conor"
"Sales",485008,"Bonifati","Makato"
"Sales",485010,"Nannarelli","Idoia"
"Sales",485034,"Zeleznik","Oguz"
"Sales",485078,"Templeman","Mohan"
"Sales",485099,"Chleq","Piyawadee"
"Sales",485376,"Leppanen","Ghassan"
"Sales",485479,"Honglei","Tetsurou"
"Sales",485496,"Butterworth","Giri"
"Sales",485520,"Streng","Marjo"
"Sales",485528,"Wossner","Arup"
"Sales",485615,"Beznosov","Tadahiro"
"Sales",485625,"Michaels","Huei"
"Sales",485658,"Syang","Alper"
"Sales",485668,"Ciolek","Muneo"
"Sales",485669,"Knightly","Hironobu"
"Sales",485834,"Kandlur","Miomir"
"Sales",485844,"Monkewich","Tsvetan"
"Sales",485850,"Pfau","Demos"
"Sales",486451,"Mandell","Ewing"
"Sales",486574,"Lienhardt","Angus"
"Sales",486600,"Butterworth","Alois"
"Sales",487039,"Syrzycki","Steve"
"Sales",487076,"Woycyznski","Tomofumi"
"Sales",487104,"Ghemri","Tremaine"
"Sales",487432,"Mapelli","Marin"
"Sales",487492,"Speek","Wilmer"
"Sales",487494,"Rosen","Yunming"
"Sales",487497,"Bouloucos","Arvind"
"Sales",487530,"Bernatsky","Huai"
"Sales",487562,"Kolinko","Harngdar"
"Sales",487743,"Kavvadias","Chanjung"
"Sales",487776,"Bruckman","Hausi"
"Sales",487780,"Hinsberger","Sungwon"
"Sales",488093,"Muchinsky","Jiang"
"Sales",488094,"Cangellaris","Shai"
"Sales",488169,"Kroon","Satyanarayana"
"Sales",488201,"Businaro","Toshimi"
"Sales",488447,"Henseler","Panayotis"
"Sales",488453,"Vigier","Mrinalini"
"Sales",488485,"Schwartzburd","Leszek"
"Sales",488512,"Rikino","Vojin"
"Sales",488617,"Kornatzky","Saniya"
"Sales",488633,"Perko","Zvonko"
"Sales",488659,"Schaar","Masaru"
"Sales",488889,"Viele","Rajmohan"
"Sales",488897,"Delgrossi","Lakshmi"
"Sales",488956,"Kranzdorf","Matt"
"Sales",489001,"England","Ingemar"
"Sales",489029,"Baak","Koldo"
"Sales",489034,"Eiter","Mechthild"
"Sales",489252,"Guardalben","Gadiel"
"Sales",489305,"Welham","Constantijn"
"Sales",489306,"Openshaw","Odysseas"
"Sales",489371,"Hinsberger","Heon"
"Sales",489608,"Vidya","Bernt"
"Sales",489639,"Antonakopoulos","Frederique"
"Sales",489645,"Schonegge","Kristin"
"Sales",489655,"Lagarias","Abdulla"
"Sales",489686,"Bael","Naftaly"
"Sales",489903,"Velardi","Vasiliy"
"Sales",489946,"Lindqvist","Jiakeng"
"Sales",489979,"Stenning","Jingling"
"Sales",489986,"Impagliazzo","Remco"
"Sales",490002,"Kaelbling","Naftaly"
"Sales",490016,"Valiente","Lijie"
"Sales",490039,"Bade","Yinghua"
"Sales",490089,"Sgarro","Mani"
"Sales",490146,"Gonthier","Reinhard"
"Sales",490203,"Crelier","Gay"
"Sales",490237,"Xiaoshan","Xudong"
"Sales",490312,"Rettelbach","Gino"
"Sales",490376,"Chleq","Khoa"
"Sales",490554,"Zirintsis","JiYoung"
"Sales",490579,"Guerreiro","Martien"
"Sales",490608,"Demri","Berry"
"Sales",490627,"Kuszyk","Khue"
"Sales",490630,"Lenart","Sadok"
"Sales",490654,"Roisin","Navin"
"Sales",490702,"Msuda","Akhilish"
"Sales",490930,"Godskesen","Tua"
"Sales",490971,"Foote","Torsten"
"Sales",491014,"Ratzlaff","Jiakeng"
"Sales",491407,"Jahnichen","Lena"
"Sales",491465,"Karner","Ramzi"
"Sales",491520,"Schonegge","Fumino"
"Sales",491574,"Teitelbaum","Shahab"
"Sales",491618,"Swan","Gonzalo"
"Sales",491624,"Clouatre","Laurentiu"
"Sales",491702,"Thiria","Jinya"
"Sales",491815,"Farris","Subhash"
"Sales",491851,"Braccini","Jaihie"
"Sales",491987,"Foong","Francoise"
"Sales",492005,"Brandsma","Remco"
"Sales",492013,"Bugrara","Muzhong"
"Sales",492095,"Auyong","Dipayan"
"Sales",492100,"Schmittgen","Domenick"
"Sales",492153,"Casperson","Tristan"
"Sales",492164,"Birta","Ghassan"
"Sales",492182,"Gire","Gaetan"
"Sales",492195,"Cusworth","Gil"
"Sales",492224,"Waymire","Younwoo"
"Sales",492361,"Jansen","Bangqing"
"Sales",492404,"Christianini","Terresa"
"Sales",492449,"Verspoor","Leen"
"Sales",492514,"Suwa","Sreenivas"
"Sales",492533,"Busillo","Xiaoheng"
"Sales",492546,"Aamodt","Elzbieta"
"Sales",492577,"Billawala","Genta"
"Sales",492599,"Grabner","Gor"
"Sales",492602,"Suomi","Lubomir"
"Sales",492618,"Gyorkos","JoAnna"
"Sales",492857,"Sanella","Tadahiro"
"Sales",492868,"Trumbly","Abdelkader"
"Sales",492947,"Pettit","Adel"
"Sales",492987,"Marquardt","Valery"
"Sales",492991,"Radivojevic","Zine"
"Sales",493012,"Georgatos","Satyanarayana"
"Sales",493027,"Hammerschmidt","Yoshinari"
"Sales",493109,"Bolsens","Avishai"
"Sales",493143,"Schnabel","Geraldo"
"Sales",493158,"Meriste","Lidong"
"Sales",493270,"Cunliffe","Eishiro"
"Sales",493280,"Hedayat","Zdislav"
"Sales",493289,"Ratnakar","Jahangir"
"Sales",493302,"Speckmann","Gonzalo"
"Sales",493321,"Herath","Oldrich"
"Sales",493347,"Broder","Zissis"
"Sales",493378,"Flexer","Demos"
"Sales",493461,"Randt","Christoph"
"Sales",493464,"Tsunoo","Bader"
"Sales",493478,"Bamford","Masaru"
"Sales",493569,"Salvesen","Mikhail"
"Sales",493611,"Apsitis","Juichirou"
"Sales",493642,"Baig","Sanjai"
"Sales",493734,"Schmiedel","Mayumi"
"Sales",493755,"Wossner","Shaowei"
"Sales",494115,"Mayerwieser","Vugranam"
"Sales",494227,"Rebaine","Sariel"
"Sales",494235,"Aseltine","Janalee"
"Sales",494254,"Ranze","Sandeepan"
"Sales",494268,"Maraist","Aran"
"Sales",494329,"Papadias","Kazuhiko"
"Sales",494345,"Nitta","Alair"
"Sales",494400,"Schicker","Yongqiao"
"Sales",494412,"Pettit","Garnik"
"Sales",494425,"Heping","Mong"
"Sales",494465,"Cyne","Sumali"
"Sales",494494,"Garnick","Otmar"
"Sales",494500,"Trachtenberg","Ottavia"
"Sales",494544,"Merlo","Mayuri"
"Sales",494549,"Rosti","Kasidit"
"Sales",494740,"Glowinski","Luisa"
"Sales",494751,"Homond","Arto"
"Sales",494755,"Czaja","Sajjan"
"Sales",494812,"Schlegelmilch","Muzhong"
"Sales",494820,"Takkinen","Bader"
"Sales",494870,"Douceur","Khedija"
"Sales",495073,"Fontan","Toshimori"
"Sales",495085,"Murrill","Shaw"
"Sales",495103,"Yoshizawa","Martial"
"Sales",495158,"Pfau","Sadun"
"Sales",495169,"Mitina","Sachar"
"Sales",495179,"Bellmore","Zhonghua"
"Sales",495187,"Gist","Kenton"
"Sales",495448,"Negoita","Hugh"
"Sales",495455,"Basawa","Ottavia"
"Sales",495479,"Guting","Odinaldo"
"Sales",495551,"Heemskerk","Frederique"
"Sales",495590,"Byoun","Chinho"
"Sales",495595,"Herber","Hideo"
"Sales",495628,"Stentiford","Herb"
"Sales",495679,"Schlumberger","Selwyn"
"Sales",495727,"Beeson","Kolar"
"Sales",495736,"Bahi","Jahangir"
"Sales",495842,"Servieres","Dulce"
"Sales",495946,"Perng","Krassimir"
"Sales",496013,"Shrader","Kiam"
"Sales",496216,"Itschner","Martijn"
"Sales",496225,"Domenig","Ayakannu"
"Sales",496262,"Kleiser","Kazuhira"
"Sales",496395,"Birjandi","Nevin"
"Sales",496428,"Kaiserswerth","Angus"
"Sales",496509,"Cronin","Sakthirel"
"Sales",496644,"Tischendorf","Krister"
"Sales",496720,"Zockler","Srinidhi"
"Sales",496727,"Kawashimo","Jixiang"
"Sales",496745,"Michaeli","Hidde"
"Sales",496773,"Baak","Shaunak"
"Sales",496777,"Kropf","Suvo"
"Sales",496810,"Champarnaud","Xiaobin"
"Sales",496817,"Serov","Arnd"
"Sales",496872,"Baer","Huei"
"Sales",496960,"Argence","Izaskun"
"Sales",497015,"Kitsuregawa","Teunis"
"Sales",497038,"Kushner","Sungwon"
"Sales",497100,"Miara","Martial"
"Sales",497113,"Orlowski","Edwin"
"Sales",497156,"Whitcomb","Jianhua"
"Sales",497180,"Simkin","Zhigen"
"Sales",497215,"DiGiano","Reuven"
"Sales",497225,"Hoogerwoord","Tristan"
"Sales",497482,"Ranta","Arlette"
"Sales",497500,"Manderick","Falguni"
"Sales",497563,"Manders","Chaoyi"
"Sales",497578,"Eterovic","Vasilis"
"Sales",497934,"Shrader","Weiru"
"Sales",497995,"Bala","Hidekazu"
"Sales",498066,"Simkin","Yaghout"
"Sales",498361,"Zizka","Mariangiola"
"Sales",498370,"Bridgland","Kwangsub"
"Sales",498628,"Dulay","Wanqing"
"Sales",498647,"Luff","Anoosh"
"Sales",498672,"Orlowski","Hisao"
"Sales",498679,"Back","Tuval"
"Sales",498698,"Terekhov","Adel"
"Sales",498753,"Miyakawa","Slavian"
"Sales",499123,"Highland","Tzvetan"
"Sales",499178,"Mayerwieser","Vitali"
"Sales",499213,"Eugenio","Badri"
"Sales",499231,"Hofmeyr","Padma"
"Sales",499286,"Argence","Jungsoon"
"Sales",499314,"Nyrup","Satosi"
"Sales",499328,"Ghelli","Shigeaki"
"Sales",499344,"Potthoff","Diederik"
"Sales",499460,"Lupu","Susanna"
"Sales",499557,"Katalagarianos","Aloys"
"Sales",499575,"Kisuki","Jacqueline"
"Sales",499637,"Dichev","Annemarie"
"Sales",499688,"Perin","Bingning"
"Sales",499695,"Kawashimo","Srinidhi"
"Sales",499708,"Uehara","Piyush"
"Sales",499794,"Hettesheimer","Saniya"
"Sales",499850,"Luke","Fumiko"
"Sales",499899,"Usdin","Mong"
"Sales",499960,"Veldwijk","Gaetan"
"Sales",499976,"Felder","Guozhong"
"Sales",499988,"Kleiser","Bangqing"
"Sales",10060,"Billingsley","Breannda"
"Sales",10061,"Herber","Tse"
"Sales",10160,"Khasidashvili","Debatosh"
"Sales",10468,"Shobatake","Yoshimitsu"
"Sales",10515,"Kirkerud","Raimond"
"Sales",10559,"Comellas","Arumugam"
"Sales",10770,"Perry","Bedir"
"Sales",10788,"Ullian","Frazer"
"Sales",11009,"Axelband","Alper"
"Sales",11030,"Hellwagner","Kwan"
"Sales",11086,"Dalphin","Yishai"
"Sales",11099,"Spataro","Woody"
"Sales",11159,"Schlenzig","Becky"
"Sales",11621,"Baaleh","Ottavia"
"Sales",11873,"Reeken","Venkatesan"
"Sales",11874,"Motley","Baoqiu"
"Sales",11890,"Kirkerud","Remmert"
"Sales",11962,"Erde","Niranjan"
"Sales",11980,"Pews","Yechezkel"
"Sales",12067,"Kalsbeek","Doowon"
"Sales",12213,"Brizzi","Kwangho"
"Sales",12301,"Akazan","Oksana"
"Sales",12306,"Menyhert","Suvo"
"Sales",12617,"Rusterholz","Shawna"
"Sales",12656,"Morton","Seshu"
"Sales",12886,"Liesche","Aimee"
"Sales",12917,"Remmele","Sergi"
"Sales",13186,"Barbanera","Kyoichi"
"Sales",13238,"Foote","Ebru"
"Sales",13293,"Yurov","Neelam"
"Sales",13329,"Rissland","Ottavia"
"Sales",13384,"Ghemri","Nectarios"
"Sales",13405,"Baba","Randy"
"Sales",13419,"Leivant","Bouchung"
"Sales",13449,"Coorg","Subhada"
"Sales",13466,"Yoshizawa","LiMin"
"Sales",13513,"Kitsuregawa","Atilio"
"Sales",13866,"Fargier","Macha"
"Sales",13943,"Plump","Maya"
"Sales",14189,"Tsukuda","Nahla"
"Sales",14278,"Schapiro","Kazuhiro"
"Sales",14706,"Guting","Hatem"
"Sales",14747,"Leppanen","Toong"
"Sales",14838,"Yurek","Inderjeet"
"Sales",14841,"Poulakidas","Stein"
"Sales",15210,"Peot","Apostol"
"Sales",15306,"Katzenelson","Gurbir"
"Sales",15330,"Chinal","Jaroslava"
"Sales",15347,"Paciorek","Przemyslawa"
"Sales",15702,"Improta","Roded"
"Sales",15718,"Syrotiuk","Shmuel"
"Sales",15813,"Callaway","Etsuo"
"Sales",16225,"Klassen","Naftaly"
"Sales",16245,"Collette","Mikhail"
"Sales",16284,"Rusterholz","Hugh"
"Sales",16355,"Luca","Nikolaos"
"Sales",16763,"Baja","Yishai"
"Sales",17553,"Bamford","Toshimitsu"
"Sales",17599,"Viele","Zissis"
"Sales",17641,"Parhami","Jaber"
"Sales",17683,"Henders","Bernt"
"Sales",17914,"Falco","Sanjeeva"
"Sales",17921,"Trachtenberg","Minghong"
"Sales",17938,"Zucker","Sachio"
"Sales",17998,"Benzaken","Arumugam"
"Sales",18006,"Hanabata","Vidya"
"Sales",18012,"Iacovou","Reuven"
"Sales",18302,"Munke","Lein"
"Sales",18306,"Fordan","Tua"
"Sales",18353,"Zhiwei","Szabolcs"
"Sales",18361,"Kobara","Naraig"
"Sales",18404,"Feldmann","Lein"
"Sales",18426,"Denos","Zhiguo"
"Sales",18430,"Benaini","Horward"
"Sales",18473,"Anily","Mabhin"
"Sales",18820,"Fontan","Xianlong"
"Sales",18869,"Debuse","Aamod"
"Sales",19059,"Picci","Cullen"
"Sales",19096,"Trelles","Zhiwei"
"Sales",19109,"Denis","Jenwei"
"Sales",19112,"Jeansoulin","Caolyn"
"Sales",19137,"Veeraraghavan","Uno"
"Sales",19146,"Oxenboll","Geraldo"
"Sales",19416,"DeMori","Howell"
"Sales",19424,"Chvatal","Shooichi"
"Sales",19533,"Grospietsch","Jacqueline"
"Sales",19746,"Zeidenstein","Shiv"
"Sales",19777,"Ferretti","Halsur"
"Sales",19778,"Ambroszkiewicz","Ferdinand"
"Sales",20967,"Setiz","Bingning"
"Sales",21232,"Stavenow","Gregory"
"Sales",21237,"Matzen","Padma"
"Sales",21249,"Schueller","Steen"
"Sales",21290,"Griswold","Boaz"
"Sales",21361,"Lally","Shooichi"
"Sales",21606,"Radhakrishnan","Lena"
"Sales",21648,"Fandrianto","Mayuko"
"Sales",21681,"Ellozy","Masadi"
"Sales",21731,"Shihab","Nahid"
"Sales",21752,"Bernatsky","Arto"
"Sales",21789,"Bhattacharjee","Serap"
"Sales",21845,"Rijckaert","Zissis"
"Sales",21875,"Sabnani","Tua"
"Sales",22179,"Garnick","Rosine"
"Sales",22184,"Eppinger","Chaosheng"
"Sales",23097,"Morrey","Kerhong"
"Sales",23098,"Krider","Yinlin"
"Sales",23211,"Pehl","Subir"
"Sales",23273,"Kaltofen","Deniz"
"Sales",23280,"Matzel","Along"
"Sales",23352,"Krone","Jaewoo"
"Sales",23362,"Yurek","Youjian"
"Sales",23373,"Morris","Jamaludin"
"Sales",23384,"Reinhard","Branimir"
"Sales",23469,"Chleq","Ennio"
"Sales",23494,"Deyuan","Gino"
"Sales",23543,"Shihab","Ishfaq"
"Sales",23565,"Merro","Guangming"
"Sales",23580,"Chelton","Chikara"
"Sales",23728,"Pileggi","Nishit"
"Sales",23734,"Lenart","Fabrizio"
"Sales",23791,"Pavlopoulou","Boguslaw"
"Sales",23830,"Marzano","Navin"
"Sales",23890,"Versino","Qingxiang"
"Sales",23960,"Chiola","Qingxiang"
"Sales",24056,"Shrader","Gladys"
"Sales",24088,"Rouquie","Parviz"
"Sales",24161,"Decaestecker","Jasminko"
"Sales",24177,"Aumann","Van"
"Sales",24213,"Menhardt","Valeska"
"Sales",24231,"Sooriamurthi","Along"
"Sales",24276,"Biran","Shem"
"Sales",24334,"Brookman","Zhilian"
"Sales",24548,"Hoogerwoord","Jiong"
"Sales",24819,"Fontet","Shridhar"
"Sales",24849,"Wendorf","Lijie"
"Sales",24869,"Puppe","Yechiam"
"Sales",24871,"Paludetto","Irene"
"Sales",24931,"Barbanera","Samphel"
"Sales",24965,"Fraisse","Mayuri"
"Sales",25306,"Panienski","Cullen"
"Sales",25578,"Baby","Yoshinari"
"Sales",25596,"Erva","Uno"
"Sales",25600,"McClurg","Jinpo"
"Sales",25614,"Kisuki","Danel"
"Sales",25683,"Fandrianto","Gregory"
"Sales",25721,"Feldhoffer","Shrikanth"
"Sales",25723,"Rijckaert","Lalit"
"Sales",25898,"Suri","Kamakshi"
"Sales",26115,"Schwabacher","Sudhanshu"
"Sales",26147,"Wielonsky","George"
"Sales",26152,"Radhakrishnan","Billur"
"Sales",26228,"Christianini","Shigehiro"
"Sales",26306,"Motley","Aloys"
"Sales",26341,"Mateescu","Remzi"
"Sales",26370,"Salvesen","Valery"
"Sales",26749,"Iisaka","Idoia"
"Sales",26757,"Albarhamtoshy","Masanao"
"Sales",26764,"Tischendorf","Mitsuyuki"
"Sales",26796,"Skafidas","Ohad"
"Sales",26811,"Farrow","Prodip"
"Sales",26913,"Bernatsky","Kiam"
"Sales",26951,"Brodie","Isamu"
"Sales",27010,"Lambe","Hairong"
"Sales",28214,"Reghbati","Visit"
"Sales",28493,"Silva","Ebbe"
"Sales",28505,"Ratnakar","Abdelaziz"
"Sales",28548,"Vieri","Nimmagadda"
"Sales",28561,"Speek","Basem"
"Sales",28748,"Wursthorn","Muzhong"
"Sales",28750,"Speckmann","Guangming"
"Sales",28777,"Keirsey","Abdelghani"
"Sales",28808,"Mandell","Toshimi"
"Sales",28819,"Bresenham","Mori"
"Sales",28836,"Ravishankar","Huiqun"
"Sales",29011,"Vilarrasa","Bernd"
"Sales",29023,"Gils","Sigeru"
"Sales",29025,"Demri","Guadalupe"
"Sales",29045,"Dayang","Keung"
"Sales",29046,"Comellas","Suzette"
"Sales",29066,"Farrag","Lubomir"
"Sales",29398,"Servi","Chandrasekaran"
"Sales",30343,"Coors","Valeri"
"Sales",30351,"Blokdijk","Djenana"
"Sales",30378,"Ebeling","Leandro"
"Sales",30641,"Collette","Manton"
"Sales",30647,"Neiman","Szabolcs"
"Sales",30658,"Benaini","Shimshon"
"Sales",30672,"Luff","Theirry"
"Sales",30748,"Uchoa","Katsuyuki"
"Sales",30982,"Francisci","Suebskul"
"Sales",31060,"Hashii","Saeko"
"Sales",31080,"Setia","Basem"
"Sales",31743,"Sinitsyn","Lihong"
"Sales",31926,"Cheshire","Aamod"
"Sales",31969,"Jiang","Susuma"
"Sales",32027,"Sidhu","Mong"
"Sales",32034,"Lundstrom","JoAnna"
"Sales",32045,"Kruskal","Oscal"
"Sales",32079,"Rothe","Zine"
"Sales",32115,"Hanabata","Sushant"
"Sales",32136,"Mondadori","Macha"
"Sales",32169,"Niizuma","Sampalli"
"Sales",32195,"Zaumen","Ziva"
"Sales",32238,"Lindenbaum","Saddek"
"Sales",32514,"Giarratana","Yuqun"
"Sales",32822,"Muhling","Pramod"
"Sales",32923,"Leaver","Ult"
"Sales",32928,"Kalloufi","Shigeu"
"Sales",33103,"Huttel","Horward"
"Sales",33114,"Bach","Fun"
"Sales",33161,"Pelz","Yuriy"
"Sales",33176,"Narwekar","Mohammed"
"Sales",33193,"Radhakrishnan","Aiman"
"Sales",33245,"Pepe","Margo"
"Sales",33433,"Lorho","Berni"
"Sales",33454,"Dichev","Yongqiao"
"Sales",33543,"Copas","Woody"
"Sales",33779,"Stasinski","Adin"
"Sales",33812,"Basawa","Patricio"
"Sales",33816,"Irland","Nakhoon"
"Sales",33831,"Tchuente","Uinam"
"Sales",34109,"Mullainathan","Nagui"
"Sales",34150,"Miculan","Leen"
"Sales",34174,"Birch","Zhaofang"
"Sales",34186,"Penttonen","Shigehito"
"Sales",34195,"Schapiro","Edwin"
"Sales",34278,"Cunliffe","Padma"
"Sales",34330,"Mansanne","Barun"
"Sales",34420,"Brattka","George"
"Sales",34634,"Gire","Maja"
"Sales",34671,"Gils","Salvador"
"Sales",34678,"Ladret","Parto"
"Sales",34754,"Llado","Maren"
"Sales",34964,"Zwicker","Bojan"
"Sales",35046,"Luders","Sachem"
"Sales",35080,"Setlzner","Denny"
"Sales",35273,"Mitsuhashi","Zsolt"
"Sales",35314,"Rando","Masato"
"Sales",35316,"Baek","Kayoko"
"Sales",35322,"Gajiwala","Greger"
"Sales",35384,"Kornatzky","Yonghong"
"Sales",35404,"Miake","Boalin"
"Sales",35414,"Fadgyas","Shaowen"
"Sales",35427,"Krider","Bingning"
"Sales",35656,"Ashish","Angus"
"Sales",35699,"Blokdijk","Divine"
"Sales",35714,"Maraist","Odysseas"
"Sales",35734,"Baak","Francesca"
"Sales",36070,"Hagimont","Becky"
"Sales",36085,"Schwabacher","King"
"Sales",36132,"Munck","Keiichiro"
"Sales",36134,"Czap","Gal"
"Sales",36162,"Iisaku","Jaewon"
"Sales",36204,"Munck","Irene"
"Sales",36365,"Azadmanesh","Mari"
"Sales",36370,"Rettelbach","Branimir"
"Sales",36393,"Gill","Bluma"
"Sales",36398,"Birke","Jeanne"
"Sales",36399,"Rathonyi","Zita"
"Sales",36408,"Benner","Aloys"
"Sales",36585,"Aamodt","Menkae"
"Sales",36606,"Peltason","Dipankar"
"Sales",36630,"Danlos","Lobel"
"Sales",36633,"Lortz","Yonghong"
"Sales",36650,"Percebois","Amabile"
"Sales",36741,"Figueira","Sanjay"
"Sales",36751,"Kolinko","Hsiangchu"
"Sales",36762,"Ruemmler","Adel"
"Sales",36790,"Nooteboom","Masami"
"Sales",36795,"Einsfeld","Nidapan"
"Sales",36819,"Parveen","Tadahiro"
"Sales",36877,"Ranst","Shahaf"
"Sales",36903,"Vickson","Shan"
"Sales",37156,"Kaiser","Mingsen"
"Sales",37163,"Yetim","Mingsen"
"Sales",37185,"Laurillard","Gunilla"
"Sales",37188,"Bernatsky","Barna"
"Sales",37223,"Trumbly","Guiseppe"
"Sales",37449,"Kalsbeek","Dinah"
"Sales",37506,"Rajala","Manu"
"Sales",37825,"Schaaf","Tran"
"Sales",37835,"Pleszkun","Arumugam"
"Sales",37882,"Mellouli","Alexius"
"Sales",37895,"Bakhtari","Rildo"
"Sales",38154,"Hmelo","Tru"
"Sales",38161,"Baer","Hercules"
"Sales",38170,"Gulla","Leon"
"Sales",38237,"Kamble","Honglan"
"Sales",38239,"Gammage","Ghassan"
"Sales",38280,"Farris","Lunjin"
"Sales",38511,"Gladwell","Jouni"
"Sales",38677,"Trumbly","Teiji"
"Sales",38683,"Birjandi","Gilbert"
"Sales",38685,"Borovoy","Jordanka"
"Sales",38957,"Ramsay","Brewster"
"Sales",39066,"Dichev","Fun"
"Sales",39069,"Peak","Piyush"
"Sales",39431,"Thiran","Phule"
"Sales",39448,"Ushiama","Yunming"
"Sales",39630,"Neiman","Mototsugu"
"Sales",39656,"Nannarelli","Annemarie"
"Sales",39718,"Zedlitz","Aron"
"Sales",39756,"Litecky","Dmitri"
"Sales",39770,"Lukaszewicz","Hidde"
"Sales",39966,"Beidas","Utpal"
"Sales",40085,"Klassen","Youpyo"
"Sales",40302,"Stellhorn","Hairong"
"Sales",40345,"Peyn","Mohammed"
"Sales",40421,"Zhiwei","Toshimi"
"Sales",40455,"Rubsam","Weidon"
"Sales",40639,"Schnabel","Goo"
"Sales",40700,"Rassart","Nectarios"
"Sales",40752,"Verhaegen","Mantis"
"Sales",40764,"Senzako","Shuky"
"Sales",40912,"Munro","Hyuncheol"
"Sales",41140,"Bail","Tonny"
"Sales",41185,"Panienski","Florian"
"Sales",41242,"Salverda","Gita"
"Sales",41246,"Kohling","Sanjiv"
"Sales",41265,"Poulakidas","Torsten"
"Sales",42011,"Simkin","Heejo"
"Sales",42040,"Nitsch","Seshu"
"Sales",42107,"Dalton","Tianruo"
"Sales",42716,"Quadeer","Fabrizio"
"Sales",42740,"Chinen","Dante"
"Sales",43038,"Nooteboom","Chaoyi"
"Sales",43040,"Nittel","Ulises"
"Sales",43070,"Attimonelli","Oksana"
"Sales",43526,"Vuskovic","Giao"
"Sales",43626,"Dymetman","Marek"
"Sales",44691,"Montresor","Munir"
"Sales",44702,"Isaak","Sariel"
"Sales",44711,"Nergos","Yurij"
"Sales",44758,"Wilfing","Xumin"
"Sales",44803,"Mamelak","Oddvar"
"Sales",45045,"Flowers","Giap"
"Sales",45647,"Reinhart","Xudong"
"Sales",45710,"Kropatsch","Christ"
"Sales",45753,"Thibadeau","Hsiangchu"
"Sales",45760,"Przulj","Masanao"
"Sales",46051,"Toyoshima","Lalit"
"Sales",46085,"Baek","Limsoon"
"Sales",46116,"Swiss","Snehasis"
"Sales",46128,"Bratten","Pintsang"
"Sales",46386,"Demir","Pantung"
"Sales",46424,"Deyuan","Tommaso"
"Sales",46777,"Anger","Shigehito"
"Sales",47024,"Bade","Mayuko"
"Sales",47061,"Servi","Kinh"
"Sales",47391,"Vecchi","Jeanna"
"Sales",47522,"Klyachko","Chuanti"
"Sales",47537,"Hinsberger","Limsoon"
"Sales",47540,"Siochi","Toney"
"Sales",47585,"Conti","Lenore"
"Sales",47629,"Stiles","Shahab"
"Sales",47881,"Schmittgen","Honglan"
"Sales",47921,"Suomi","Nidapan"
"Sales",47949,"Carrera","Tuval"
"Sales",48198,"Riefers","Paraskevi"
"Sales",48233,"Simmel","Ugo"
"Sales",48552,"Kugler","Pranay"
"Sales",48877,"Matzke","Pasqua"
"Sales",48888,"Baca","Bokyung"
"Sales",48941,"Impagliazzo","Piyush"
"Sales",48970,"Collette","Kazuhito"
"Sales",48972,"Chepyzhov","Hugo"
"Sales",48980,"Bamford","Zhongwei"
"Sales",49211,"Perko","Satosi"
"Sales",49227,"Clouatre","Anestis"
"Sales",49666,"Hertweck","Udi"
"Sales",49667,"Pashtan","Sakthirel"
"Sales",49729,"Pulkowski","Wayne"
"Sales",49751,"Birnbaum","Genevieve"
"Sales",50074,"Georg","Yurii"
"Sales",50094,"Sudkamp","Ghassan"
"Sales",50112,"Lukaszewicz","Pintsang"
"Sales",50140,"Ligten","Kwangsub"
"Sales",50494,"Warwick","Thodoros"
"Sales",50730,"Chenney","Hironobu"
"Sales",50747,"Pettis","Armond"
"Sales",50826,"Oppitz","Heping"
"Sales",51022,"Percebois","Sumali"
"Sales",51064,"Usdin","Sven"
"Sales",51074,"Kruskal","Baoqiu"
"Sales",51125,"Kawashimo","Stein"
"Sales",51130,"Nooteboom","Percy"
"Sales",51380,"Staudhammer","Taiji"
"Sales",51407,"Mondadori","Richard"
"Sales",51451,"Chleq","Uriel"
"Sales",51550,"Conta","Persi"
"Sales",51603,"Crabtree","Souichi"
"Sales",51616,"Rassart","Rafail"
"Sales",51865,"Llado","Douadi"
"Sales",51936,"Merro","Xianlong"
"Sales",51994,"Pluym","Shigehito"
"Sales",51995,"Roccetti","Zhongwei"
"Sales",52222,"Schlenzig","Ghassan"
"Sales",52240,"Alpay","Ibibia"
"Sales",52271,"Schaft","Nikolaus"
"Sales",52310,"Flexer","Yongmin"
"Sales",52533,"Bolsens","Bikash"
"Sales",52581,"Schiper","Arne"
"Sales",52593,"Lichtman","Shridhar"
"Sales",52596,"Ranon","Hugh"
"Sales",52921,"Puppe","Ramya"
"Sales",52951,"Solares","Hauke"
"Sales",53196,"Merlo","Elvia"
"Sales",53246,"Menyhert","Huiqun"
"Sales",53264,"Yemenis","Jolita"
"Sales",53278,"Lortz","Premsyl"
"Sales",53282,"Ulupinar","Shawna"
"Sales",53574,"Garnick","Huan"
"Sales",53618,"Christ","Candido"
"Sales",53656,"Chappelet","Nagui"
"Sales",53703,"Bahl","Rafail"
"Sales",53728,"Remmers","Chikara"
"Sales",54036,"Quadeer","Arra"
"Sales",54062,"Birjandi","Rimon"
"Sales",54110,"Rotem","Subir"
"Sales",54133,"Legleitner","Moty"
"Sales",54145,"Deyuan","Elgin"
"Sales",54156,"Pappas","Guadalupe"
"Sales",54377,"Valiente","Sanjai"
"Sales",54393,"Vasanthakumar","Qunsheng"
"Sales",54425,"Jarecki","Goncalo"
"Sales",54438,"Kobuchi","Haldun"
"Sales",54488,"Smeets","Padma"
"Sales",54750,"Beilner","Zhanqiu"
"Sales",54836,"Cooley","Nidapan"
"Sales",54843,"Masand","Surveyors"
"Sales",55021,"Zaumen","Youngkon"
"Sales",55046,"Kleiser","Heping"
"Sales",55064,"Wroclawski","Ziyad"
"Sales",55105,"Kropp","Magy"
"Sales",55387,"Birsak","Tran"
"Sales",55457,"Rusterholz","Xiahua"
"Sales",55599,"Cooman","Kwok"
"Sales",55887,"Swift","Paris"
"Sales",55899,"Wuwongse","Masadi"
"Sales",55944,"Norsworthy","Sudhanshu"
"Sales",55996,"Bellmore","Stamatina"
"Sales",56004,"Huttel","Sajjan"
"Sales",56203,"Baranowski","Divier"
"Sales",56208,"Segond","Masoud"
"Sales",56291,"Kakkar","Armond"
"Sales",56292,"Barbanera","Maik"
"Sales",56529,"Baaz","Xinglin"
"Sales",56595,"Einsfeld","Krister"
"Sales",56678,"McAffer","Murthy"
"Sales",56928,"Nyrup","Zhigen"
"Sales",57013,"Rodier","Faiza"
"Sales",57290,"Poupard","Giao"
"Sales",57316,"Journel","Kousuke"
"Sales",57665,"Whittlesey","Eldridge"
"Sales",57763,"Engelmann","Menkae"
"Sales",57782,"Michaeli","Ramachenga"
"Sales",57785,"Azuma","Jacopo"
"Sales",57823,"Marquardt","Caolyn"
"Sales",58037,"Luck","Paloma"
"Sales",58058,"Oxenboll","Hugh"
"Sales",58080,"Birta","Hideyuki"
"Sales",58172,"Ghelli","Jingling"
"Sales",58180,"Babu","Sanjoy"
"Sales",58216,"VanScheik","Subir"
"Sales",58224,"Gornas","Shugo"
"Sales",58286,"Poujol","Yechiam"
"Sales",58298,"Sichman","Divier"
"Sales",58348,"Furedi","Geraldo"
"Sales",58428,"Barbanera","Dung"
"Sales",58452,"Ginneken","Aloke"
"Sales",58528,"Gunderson","Carrsten"
"Sales",58534,"Jayawardene","Beshir"
"Sales",58797,"Breugel","Xiaoheng"
"Sales",59081,"Loncour","Masako"
"Sales",59162,"Orsini","Shunichi"
"Sales",59169,"Clemencon","Keung"
"Sales",59185,"Coorg","Qiwen"
"Sales",59478,"Asser","Duri"
"Sales",59606,"Rodier","Ashish"
"Sales",59616,"Conte","Limsoon"
"Sales",59652,"Guardalben","Ebbe"
"Sales",59677,"Penz","Xumin"
"Sales",59784,"Kenevan","Uli"
"Sales",59793,"Tibblin","Jayson"
"Sales",59852,"Goldhammer","Divier"
"Sales",59888,"Brookman","Martial"
"Sales",60005,"Muhling","Bikash"
"Sales",60217,"Doering","Limsoon"
"Sales",60224,"Ramsak","Jingling"
"Sales",60227,"Sevcikova","Bowen"
"Sales",60228,"Gluchowski","Sergi"
"Sales",60240,"Chleq","Morrie"
"Sales",60242,"Champarnaud","Mohd"
"Sales",60338,"Fraisse","Girolamo"
"Sales",60343,"Leppanen","Munenori"
"Sales",60370,"Suessmith","Lidong"
"Sales",60563,"Esposito","Toshiko"
"Sales",60703,"Strandh","Murthy"
"Sales",60709,"Dusink","Tsutomu"
"Sales",60791,"Taubenfeld","Suzette"
"Sales",61163,"Kalloufi","Goo"
"Sales",61193,"Kakkad","Shen"
"Sales",61219,"Aamodt","Chuanyi"
"Sales",61227,"Foote","Muneo"
"Sales",61229,"Herber","Shiv"
"Sales",61254,"Schwabacher","Carrsten"
"Sales",61332,"Gide","Wayne"
"Sales",61351,"Ullian","Baocai"
"Sales",61385,"Xiaoshan","Xinan"
"Sales",61428,"Feinberg","Oldrich"
"Sales",61461,"Porenta","Sumali"
"Sales",61474,"Kusalik","Oscal"
"Sales",61492,"Lichtman","Marin"
"Sales",61542,"Dahlbom","Theron"
"Sales",61549,"Montresor","Shimshon"
"Sales",61570,"Ushiama","Wilmer"
"Sales",61592,"Birjandi","Siamak"
"Sales",61636,"Engberts","Gil"
"Sales",61662,"Serot","Weiru"
"Sales",61719,"Penttonen","Genevieve"
"Sales",61807,"Hennings","Marsha"
"Sales",61843,"Millington","Guenter"
"Sales",62003,"Milicic","Murthy"
"Sales",62036,"Rothenberg","Hongzhu"
"Sales",62064,"Yetim","Odinaldo"
"Sales",62072,"Cichocki","Dipankar"
"Sales",62080,"Birjandi","Toshimo"
"Sales",62098,"Sommer","Breannda"
"Sales",62142,"Koprowski","Pranav"
"Sales",62221,"Ghemri","Hyuncheol"
"Sales",62313,"Ecklund","Stamatina"
"Sales",62633,"Gulla","Zijian"
"Sales",62696,"Callaway","Paloma"
"Sales",62745,"Ramaiah","Ramalingam"
"Sales",62878,"Eldridge","Yuriy"
"Sales",63066,"Levergood","Constantijn"
"Sales",63147,"Setiz","Susumu"
"Sales",63162,"Sessa","Chenye"
"Sales",63432,"Flexer","Demos"
"Sales",63443,"Krider","Yoshinari"
"Sales",63449,"Glinert","Ronnie"
"Sales",63538,"Mahmud","Oscal"
"Sales",63559,"Marakhovsky","Shooichi"
"Sales",63809,"Ponthieu","Adamantios"
"Sales",63810,"Gente","Radhia"
"Sales",63829,"Honglei","Masadi"
"Sales",63836,"Petersohn","Hitofumi"
"Sales",63863,"Conte","Jaroslava"
"Sales",63881,"Fargier","Arto"
"Sales",64592,"McFarlin","Zeljko"
"Sales",64666,"Rijckaert","Shuho"
"Sales",64711,"Azevdeo","Honglan"
"Sales",64745,"Murrill","Stella"
"Sales",64791,"Gerteisen","Dinkar"
"Sales",64882,"Perng","Falguni"
"Sales",65077,"Validov","Gor"
"Sales",65097,"Meszaros","Yinlin"
"Sales",65131,"Akiyama","Shakhar"
"Sales",65137,"Lammel","Tadahiro"
"Sales",65148,"Erbe","Mantis"
"Sales",65182,"Henders","Kenroku"
"Sales",65262,"Llado","Masanao"
"Sales",65301,"Rajaraman","Babette"
"Sales",65635,"Vecchi","Gully"
"Sales",65657,"Seiwald","Arno"
"Sales",65792,"Ciolek","Youpyo"
"Sales",65810,"DeMori","Kazunori"
"Sales",65813,"Zeidenstein","Steen"
"Sales",65849,"Reeken","Selwyn"
"Sales",65852,"Vanwelkenhuysen","Falguni"
"Sales",65893,"Hoppenstand","Margareta"
"Sales",65941,"Dulay","Shuzo"
"Sales",65974,"Schicker","Fayez"
"Sales",65997,"Bergere","Djenana"
"Sales",66036,"Erbe","Fox"
"Sales",66273,"Mitina","Brigham"
"Sales",66377,"Peot","Mahendra"
"Sales",66401,"Kolinko","Yaghout"
"Sales",66448,"Beilner","Frederique"
"Sales",66461,"Hertweck","Salvador"
"Sales",66500,"Avouris","Chinya"
"Sales",66563,"Carrere","Zhenhua"
"Sales",66593,"Improta","Shigeichiro"
"Sales",66624,"Bharadwaj","Huiqun"
"Sales",66716,"Kermarrec","Elgin"
"Sales",66953,"Gelosh","Masaki"
"Sales",67003,"Luga","Gill"
"Sales",67094,"Jonsson","Samphel"
"Sales",67165,"Schapire","Chikako"
"Sales",67219,"Niizuma","Jeanna"
"Sales",67229,"Coney","Wuxu"
"Sales",67420,"Nyrup","Gritta"
"Sales",67427,"Merli","Zeljko"
"Sales",67460,"Wolniewicz","Susumu"
"Sales",67512,"Constantine","Nigel"
"Sales",67746,"Matzen","Shigehito"
"Sales",67788,"Talmon","Khalil"
"Sales",67802,"McClurg","Kiam"
"Sales",67824,"Luga","Gunilla"
"Sales",67868,"Rotem","Akhilish"
"Sales",67886,"Itzigehl","Marco"
"Sales",68180,"Herbst","Nevio"
"Sales",68242,"Daescu","Jeanna"
"Sales",68244,"Karner","Mizuhito"
"Sales",68314,"Katzenelson","Hitomi"
"Sales",68317,"Lyonns","Giordano"
"Sales",68383,"Chinen","Hatem"
"Sales",68413,"Menyhert","Shigeu"
"Sales",68677,"Bahl","Eberhardt"
"Sales",68816,"Vingron","Udo"
"Sales",68889,"Sessa","Niclas"
"Sales",68924,"Panwar","Shaleah"
"Sales",68961,"Billawala","Anyuan"
"Sales",68987,"Dayang","Sariel"
"Sales",68988,"Furudate","Marie"
"Sales",69008,"Serot","Xiahua"
"Sales",69047,"Unno","Lijie"
"Sales",69049,"Oskamp","Maren"
"Sales",69257,"Gargeya","Gopalakrishnan"
"Sales",69308,"Schreiter","Chinya"
"Sales",69382,"Junot","Macha"
"Sales",69447,"Dahlbom","Lene"
"Sales",69474,"Syrotiuk","Heather"
"Sales",69516,"Salvesen","Samphel"
"Sales",69534,"Olano","Abdelkader"
"Sales",69822,"Beetstra","Shaunak"
"Sales",69839,"Dichev","Subir"
"Sales",69854,"Sichman","Mabry"
"Sales",69897,"Kamber","Stamatina"
"Sales",69982,"Lindqvist","Sanjoy"
"Sales",70000,"Selvestrel","Jiang"
"Sales",70007,"Isaak","Toshimori"
"Sales",70502,"Weedon","Jiann"
"Sales",70536,"Tempesti","Arvin"
"Sales",70597,"Shihab","Lalit"
"Sales",70624,"Setiz","Siddarth"
"Sales",70681,"Sudbeck","Poornachandra"
"Sales",70739,"Kakkar","Przemyslawa"
"Sales",71289,"Rousseau","Tsutomu"
"Sales",71297,"Cooke","Tesuro"
"Sales",71312,"Arlazarov","Toshimitsu"
"Sales",71319,"Mitsuhashi","Kristine"
"Sales",71386,"Szmurlo","Foong"
"Sales",71392,"Farrow","Susanne"
"Sales",72009,"Ranai","Christ"
"Sales",72057,"Hiroyama","Sergi"
"Sales",72093,"Hempstead","Tiina"
"Sales",72099,"Thambidurai","Anestis"
"Sales",72500,"Mellouli","Michaela"
"Sales",72529,"Butterworth","Keung"
"Sales",72536,"Jeansoulin","Geoffrey"
"Sales",72644,"Skrikant","Dines"
"Sales",72974,"Biran","Leaf"
"Sales",73074,"Angot","Kwun"
"Sales",73094,"DiGiano","Hatsukazu"
"Sales",73122,"Talmor","Nahla"
"Sales",73127,"Coombs","Toong"
"Sales",73133,"Attimonelli","Tremaine"
"Sales",73216,"Masada","Urs"
"Sales",73245,"Reghbati","Demos"
"Sales",73457,"Gajiwala","Kellie"
"Sales",73462,"Pelc","Sergi"
"Sales",73526,"Hiyoshi","Ger"
"Sales",73956,"Bach","Randi"
"Sales",74098,"Picci","Shounak"
"Sales",74103,"Pokrovskii","Branimir"
"Sales",74727,"Mamelak","Divier"
"Sales",74733,"Sabnani","Val"
"Sales",74753,"Kalafatis","Weiru"
"Sales",74825,"Bade","Heon"
"Sales",74882,"Peck","Subhash"
"Sales",74896,"Msuda","Aram"
"Sales",75118,"Pappas","Steen"
"Sales",75170,"Sherertz","Frederique"
"Sales",75197,"Choobineh","Candida"
"Sales",75210,"Asser","Shigeichiro"
"Sales",75259,"Schreiter","Mads"
"Sales",75277,"Demri","Arne"
"Sales",75471,"Simmen","Karoline"
"Sales",75473,"Chenney","Charlene"
"Sales",75505,"Isaac","Jacopo"
"Sales",75557,"Vecchio","Angus"
"Sales",76139,"Speer","Mark"
"Sales",76170,"Hellwagner","Kwee"
"Sales",76204,"Rajala","Atreyi"
"Sales",76232,"Hedayat","Georg"
"Sales",76364,"Randt","Larisa"
"Sales",76392,"Acton","Cristinel"
"Sales",76397,"Chvatal","Indrajit"
"Sales",76448,"Pfau","Sastry"
"Sales",82480,"Luon","Cristinel"
"Sales",82589,"Picaronny","Mingzeng"
"Sales",82603,"Barreiro","Kenroku"
"Sales",82814,"Ernst","Youngkon"
"Sales",82903,"Bennis","Zhonghua"
"Sales",82915,"Ressouche","Geoffrey"
"Sales",82938,"Baja","Kellyn"
"Sales",82969,"Bamford","Ghassan"
"Sales",83161,"Hedayat","Tremaine"
"Sales",83175,"Reeker","Itzchak"
"Sales",83194,"Bridgland","Vidar"
"Sales",83225,"Poujol","Surveyors"
"Sales",83235,"Wilfing","Sanjay"
"Sales",83544,"Baak","Leaf"
"Sales",83602,"Lally","Zhilian"
"Sales",83640,"Pouyioutas","Jixiang"
"Sales",83670,"Merro","Hidefumi"
"Sales",83704,"Landherr","Yinlin"
"Sales",83768,"Ariola","Mark"
"Sales",83983,"Narahara","Khue"
"Sales",83991,"Parfitt","Arra"
"Sales",83996,"Gils","Fumitaka"
"Sales",84031,"Katiyar","Aloke"
"Sales",84060,"Hemaspaandra","Elrique"
"Sales",84070,"Vuskovic","Martins"
"Sales",84098,"Merle","Shalesh"
"Sales",84340,"Granlund","Moriyoshi"
"Sales",84404,"Wixon","Sumali"
"Sales",84653,"Lambe","Maris"
"Sales",84662,"Kalafatis","Sanjeeva"
"Sales",84668,"Zyda","Jamaludin"
"Sales",84669,"Ushiama","Chaoyi"
"Sales",84683,"Thibadeau","Ekawit"
"Sales",84999,"Koblitz","Turgut"
"Sales",85002,"Cangellaris","Naraig"
"Sales",85008,"Schusler","Breannda"
"Sales",85019,"Garigliano","Nathan"
"Sales",85047,"Lammel","Dipayan"
"Sales",85072,"Benantar","Eirik"
"Sales",85116,"Lodder","Dannz"
"Sales",85163,"Gornas","Sadun"
"Sales",85201,"Berstel","Taiji"
"Sales",85230,"Demke","Gal"
"Sales",85232,"Dymetman","Prodip"
"Sales",85234,"Rahimi","Boutros"
"Sales",85243,"Matheson","Ronghao"
"Sales",85541,"Veeraraghavan","Zhenhua"
"Sales",85635,"Thisen","Francoise"
"Sales",85652,"Flowers","Takahira"
"Sales",85852,"Weedon","Florina"
"Sales",85861,"Reeker","Roselyn"
"Sales",85866,"Baek","Dinkar"
"Sales",86213,"Clemencon","Kristine"
"Sales",86289,"Falby","Patricio"
"Sales",86334,"Cappelletti","Kwun"
"Sales",86676,"Thummel","Aiichiro"
"Sales",87001,"Maquelin","Sanjit"
"Sales",87004,"Siochi","Anneke"
"Sales",87030,"Prenel","Shmuel"
"Sales",87032,"Binkley","Satoru"
"Sales",87115,"Zyda","Charlene"
"Sales",87383,"Marshall","Sreekrishna"
"Sales",87457,"Sudkamp","Qiwen"
"Sales",87491,"Brobst","Domenico"
"Sales",87577,"Swick","Lunjin"
"Sales",87608,"Peck","Serif"
"Sales",87630,"Kabayashi","Jeong"
"Sales",87846,"Ruemmler","Genta"
"Sales",87851,"Asser","Aloys"
"Sales",87863,"Welham","Maya"
"Sales",88179,"Barreiro","Jaewon"
"Sales",88196,"Dulin","Francesca"
"Sales",88206,"Dayana","Eben"
"Sales",88340,"Fiutem","Gad"
"Sales",88371,"Vilarrasa","Gift"
"Sales",88374,"Nicolson","Shooichi"
"Sales",88466,"Schlumberger","Sivanarayana"
"Sales",88486,"Peltason","Tru"
"Sales",88494,"Ritzmann","Aksel"
"Sales",88600,"Ranze","Bernd"
"Sales",88618,"Cappello","Dekang"
"Sales",88762,"DuCasse","Koichi"
"Sales",88805,"Riexinger","Uta"
"Sales",88807,"Angel","Kristine"
"Sales",88809,"Basawa","Arne"
"Sales",89169,"Fordan","Waiman"
"Sales",89234,"Badache","Guttorm"
"Sales",89243,"Schwartzburd","Dmitri"
"Sales",89337,"Anido","Luigi"
"Sales",89528,"Schwaller","Toney"
"Sales",89564,"Jullig","Kwangyoen"
"Sales",89640,"Muhling","Sreekrishna"
"Sales",89656,"Undy","Maik"
"Sales",89740,"Molberg","Toshimi"
"Sales",89769,"Brodal","Munir"
"Sales",89834,"Lieberherr","Guangming"
"Sales",89835,"Pell","Sashi"
"Sales",89855,"Haddadi","Takahiro"
"Sales",89906,"Suwa","Holgard"
"Sales",89925,"Bellone","Cullen"
"Sales",89945,"Kopetz","Sahrah"
"Sales",89970,"Alameldin","Baruch"
"Sales",90240,"Swiss","Percy"
"Sales",90248,"Yemenis","Aiman"
"Sales",90317,"Szilard","Kristian"
"Sales",90899,"Lieberherr","Arch"
"Sales",90969,"Kropf","Gadiel"
"Sales",90986,"Penttonen","Jaana"
"Sales",91003,"Yetim","Uriel"
"Sales",91033,"Clouatre","Rosli"
"Sales",91199,"Ligten","Tru"
"Sales",91216,"Panangaden","Alair"
"Sales",91261,"Munos","Adil"
"Sales",91268,"Azulay","Gurbir"
"Sales",91408,"Birke","Khalid"
"Sales",91472,"Angel","Jordanka"
"Sales",91506,"Isaac","Lillian"
"Sales",91508,"Erdmenger","Tonia"
"Sales",91538,"Luck","Gro"
"Sales",91644,"Bashian","Jordanka"
"Sales",91667,"Waterhouse","Ghassan"
"Sales",91679,"Greenaway","Hyuckchul"
"Sales",91920,"Perko","Kerryn"
"Sales",92415,"Lemarechal","Zorica"
"Sales",92447,"Gini","Kamakshi"
"Sales",92495,"Eickenmeyer","Dzung"
"Sales",92706,"Azulay","Mamdouh"
"Sales",92730,"Ruemmler","Junichi"
"Sales",92747,"Suri","Uno"
"Sales",92802,"Luks","Alair"
"Sales",93025,"Luby","Stein"
"Sales",93058,"Comyn","Zhensheng"
"Sales",93080,"Heering","Amstein"
"Sales",93125,"Alencar","Charmane"
"Sales",93139,"Rando","Vasiliy"
"Sales",93380,"Wroclawski","Joydip"
"Sales",93415,"Claffy","Szabolcs"
"Sales",93430,"Baar","Golgen"
"Sales",93484,"Mitina","Gay"
"Sales",93489,"Setlzner","Lucien"
"Sales",93516,"Shigei","Vitaly"
"Sales",93520,"Unni","Angel"
"Sales",93525,"Oxman","Shawna"
"Sales",93574,"Matzat","Elvis"
"Sales",93580,"Hatcliff","Gil"
"Sales",93623,"Angelov","Valdiodio"
"Sales",93903,"Capobianchi","Filipe"
"Sales",93962,"Erdi","Prasadram"
"Sales",93993,"Sidou","Odoardo"
"Sales",94008,"Itzfeldt","Sumali"
"Sales",94262,"Conia","Masadi"
"Sales",94273,"Brookman","Huei"
"Sales",94274,"Gente","Dipankar"
"Sales",94314,"Wroclawski","Nahum"
"Sales",94337,"Claffy","IEEE"
"Sales",94353,"Iivonen","Jaber"
"Sales",94630,"Porotnikoff","Chandrasekaran"
"Sales",94642,"Pleszkun","Kokou"
"Sales",94673,"Takanami","Kankanahalli"
"Sales",94694,"Radhakrishnan","Ioana"
"Sales",95322,"Demizu","Remzi"
"Sales",95346,"Heering","Jouko"
"Sales",95588,"Ghalwash","Peer"
"Sales",95871,"Adachi","Billur"
"Sales",95878,"Schueller","Zejun"
"Sales",95905,"Sury","Berhard"
"Sales",95941,"Erev","Gil"
"Sales",95952,"Schneeberger","Vasilis"
"Sales",96208,"Schusler","Goa"
"Sales",96266,"Morris","Pranav"
"Sales",96269,"Pagter","Tokuyasu"
"Sales",96296,"Heinisuo","Toney"
"Sales",96362,"Sichman","Hongzue"
"Sales",96614,"Gniady","Aral"
"Sales",96695,"Itschner","Maha"
"Sales",96995,"Tomescu","Rimli"
"Sales",97215,"Makrucki","Arif"
"Sales",97221,"Anick","Martina"
"Sales",97227,"Pollock","Tonia"
"Sales",97240,"Krogh","Yongmin"
"Sales",97253,"Pellegrinelli","Stella"
"Sales",97340,"Hiyoshi","Vishu"
"Sales",97347,"Copas","Anestis"
"Sales",97406,"Jeong","Niranjan"
"Sales",97409,"Merel","Jouni"
"Sales",97506,"Remmele","Ebru"
"Sales",97522,"Pargaonkar","Aimee"
"Sales",97722,"Etalle","Rasikan"
"Sales",97723,"Mapelli","Gou"
"Sales",97728,"Lichtner","Leucio"
"Sales",98071,"Undy","Jasminko"
"Sales",98153,"Akazan","Shunichi"
"Sales",98173,"Ambroszkiewicz","Irena"
"Sales",98382,"Yoshizawa","Manu"
"Sales",98427,"Cesareni","Dante"
"Sales",98503,"Valtorta","Valeska"
"Sales",98571,"Curless","Stevo"
"Sales",98587,"Peyn","Renee"
"Sales",98635,"Rodier","Masasuke"
"Sales",98643,"Giveon","Subir"
"Sales",98673,"Penttonen","Chanjung"
"Sales",98678,"Baby","Moti"
"Sales",98690,"Heyers","Luerbio"
"Sales",98815,"Luan","Geoff"
"Sales",99323,"Lemarechal","Katsuyuki"
"Sales",99362,"Eiter","Radhika"
"Sales",99719,"Ramamoorthy","Sreekrishna"
"Sales",99778,"Moehrke","Golgen"
"Sales",99784,"Cesareni","Yishai"
"Sales",99846,"Hofman","TRUE"
"Sales",99972,"Schaaf","Jaana"
"Sales",99983,"Laurillard","Shaz"
"Sales",100007,"Bernardinello","Zine"
"Sales",100034,"Middleton","Takahiro"
"Sales",100238,"Uhrig","Toshimitsu"
"Sales",100737,"Kobuchi","Suvo"
"Sales",100826,"Bellmore","Jianhua"
"Sales",100878,"Crouzet","Yucai"
"Sales",101226,"Litzkow","Aral"
"Sales",101249,"Krider","Dinkar"
"Sales",101264,"Atchley","Mansur"
"Sales",101269,"Suessmith","Subir"
"Sales",101334,"Schaaf","Dhritiman"
"Sales",101371,"Wossner","Mayuko"
"Sales",101608,"Mundy","Girolamo"
"Sales",101691,"Sundgren","Shaowei"
"Sales",101723,"Khalil","Nevin"
"Sales",102598,"Talmor","Heeju"
"Sales",102599,"Setia","Aran"
"Sales",102603,"Polupanov","Koichi"
"Sales",102658,"Businaro","Xumin"
"Sales",102666,"Erie","Jinpo"
"Sales",102672,"Bashian","Tze"
"Sales",102728,"Jiang","Make"
"Sales",103080,"Veccia","Marit"
"Sales",103118,"Petersohn","Sasan"
"Sales",103124,"Dalton","Ult"
"Sales",103154,"Heiserman","Godehard"
"Sales",103212,"Bratten","Khatoun"
"Sales",103575,"Verhaegen","Ugo"
"Sales",103591,"Vakili","Moni"
"Sales",103685,"Zyda","Hongzhu"
"Sales",104088,"Theuretzbacher","Fumiyo"
"Sales",104109,"Itschner","Shaz"
"Sales",104147,"Miake","Miquel"
"Sales",104165,"Hainaut","Heping"
"Sales",104203,"Gyorkos","Shigenori"
"Sales",104223,"Waymire","Mantis"
"Sales",104238,"Desikan","Shao"
"Sales",104620,"Coullard","Aruna"
"Sales",104671,"Menhoudj","Shalesh"
"Sales",105006,"Dahlbom","Somnath"
"Sales",105015,"Staudhammer","Georgy"
"Sales",105440,"Jansen","Anneli"
"Sales",105501,"Luca","Murthy"
"Sales",105503,"Sooriamurthi","Chinya"
"Sales",105522,"Petereit","IEEE"
"Sales",105573,"Gecsei","Danel"
"Sales",105576,"Wilharm","Gor"
"Sales",105806,"Jenevein","Marla"
"Sales",105831,"Hiraishi","Tristan"
"Sales",105870,"Schaaf","Elgin"
"Sales",105872,"Schade","Shin"
"Sales",105883,"Byoun","Constantine"
"Sales",105904,"Jiafu","Marin"
"Sales",106186,"Sewelson","Gonzalo"
"Sales",106216,"Dredge","Moti"
"Sales",106221,"Fetvedt","Kenton"
"Sales",106282,"Murtha","Anwar"
"Sales",106289,"Gulik","Shigeichiro"
"Sales",106300,"Waterhouse","Yannik"
"Sales",106387,"Henders","Siamak"
"Sales",106770,"Srimani","LiMin"
"Sales",106771,"Yurov","Radhakrishnan"
"Sales",106817,"Wursthorn","Feipei"
"Sales",106836,"Ghemri","Yurii"
"Sales",106876,"Rahier","Val"
"Sales",106917,"Cappello","Sariel"
"Sales",106962,"Pleszkun","Lansing"
"Sales",107009,"Harllee","Pranjal"
"Sales",107113,"VanScheik","Sushant"
"Sales",107150,"Borovoy","Kwangjo"
"Sales",107161,"Leuchs","Shawna"
"Sales",107280,"McFarlin","Reuven"
"Sales",107315,"Dengi","Jessie"
"Sales",107395,"Stenning","Xiping"
"Sales",107589,"Sidje","Subbu"
"Sales",107647,"Bratsberg","Baocai"
"Sales",107995,"Collavizza","Rosita"
"Sales",108006,"Legleitner","Hideyuki"
"Sales",108023,"Yetto","Marke"
"Sales",108269,"Plumb","Snehasis"
"Sales",108271,"Snyers","Prodip"
"Sales",108307,"Suermann","Diederik"
"Sales",108351,"Velardi","Herbert"
"Sales",108363,"Luef","Aloke"
"Sales",108372,"Boissier","Ger"
"Sales",108395,"Claffy","Jaroslava"
"Sales",108412,"Ertl","Izaskun"
"Sales",108884,"Deverell","Basant"
"Sales",108902,"Stamatiou","Yakkov"
"Sales",109122,"Farris","Baruch"
"Sales",109187,"Usery","Masato"
"Sales",109189,"Codenie","Billie"
"Sales",109191,"Eastman","Aria"
"Sales",109255,"Crabtree","Claudi"
"Sales",109490,"Reistad","Kannan"
"Sales",109498,"Salinas","Behnaam"
"Sales",109782,"Strandh","Poorav"
"Sales",109824,"Luit","Aleksander"
"Sales",109869,"Quaggetto","Hitofumi"
"Sales",200453,"Rosin","Shaleah"
"Sales",200464,"Chelton","Mantis"
"Sales",200557,"Swen","Aiman"
"Sales",200559,"Soicher","Tesuro"
"Sales",200567,"Vecchi","Arnd"
"Sales",200768,"Schmittgen","Minghong"
"Sales",200800,"Brandsma","Duri"
"Sales",200811,"Scallan","Tooru"
"Sales",200820,"Chinen","Morris"
"Sales",200852,"Varley","Sverrir"
"Sales",200894,"Pusterhofer","Idoia"
"Sales",200935,"Ozery","Ulf"
"Sales",200939,"Biran","Morrie"
"Sales",201007,"Scharstein","Yonghong"
"Sales",201033,"Gecsei","Zorica"
"Sales",201766,"Veeraraghavan","Zhenbing"
"Sales",201853,"Pfau","Marjo"
"Sales",201883,"Gelosh","Nechama"
"Sales",202099,"Czap","Shushma"
"Sales",202149,"Bridgland","Pragnesh"
"Sales",202155,"Bage","Zejun"
"Sales",202252,"Demos","Nitsan"
"Sales",202596,"Kenevan","Somnath"
"Sales",202618,"Eldridge","Dmitry"
"Sales",202647,"Kusalik","Shaowei"
"Sales",202709,"Anguita","Gay"
"Sales",202925,"Gerlach","Vesna"
"Sales",202931,"Conry","Goa"
"Sales",202960,"Goodrum","Pranav"
"Sales",202998,"Basagni","Giri"
"Sales",203049,"Marciano","Rasikan"
"Sales",203052,"Bruckman","Pranas"
"Sales",203061,"Marakhovsky","TRUE"
"Sales",203077,"Stentiford","Kensyu"
"Sales",203299,"Binkley","Girolamo"
"Sales",203333,"Pehl","Vojin"
"Sales",203407,"Pluym","Yucel"
"Sales",203489,"Breugel","Kwangsub"
"Sales",203522,"Biros","Make"
"Sales",203612,"Decaestecker","Shigenori"
"Sales",203643,"Mayerwieser","Yishai"
"Sales",203656,"Brodal","Chinhyun"
"Sales",203681,"Lally","Ramya"
"Sales",203709,"Koblick","Kotesh"
"Sales",203766,"Warwick","Yuuichi"
"Sales",203769,"Lukaszewicz","Dzung"
"Sales",203792,"Mahmud","Hatim"
"Sales",203905,"Eiter","Tru"
"Sales",203908,"Merey","Moriyoshi"
"Sales",203953,"Pokrovskii","Lucian"
"Sales",203998,"Lundstrom","Houman"
"Sales",204029,"Litzkow","Shaowen"
"Sales",204083,"Ramsay","Zito"
"Sales",204154,"Meriste","Kellyn"
"Sales",204164,"Sgarro","Emran"
"Sales",204176,"Ciolek","Ziyad"
"Sales",204178,"Limongiello","Heekeun"
"Sales",204283,"Sifakis","Jinpo"
"Sales",204342,"Bojadziev","Qingxiang"
"Sales",204480,"Prenel","Aloys"
"Sales",204500,"Krider","Mabo"
"Sales",204549,"Terkki","Hitomi"
"Sales",204562,"Gelosh","Baruch"
"Sales",204697,"Azuma","Parviz"
"Sales",204752,"Mattern","Shahar"
"Sales",204760,"Anily","Shuji"
"Sales",204942,"Nitto","Berthier"
"Sales",204949,"Sambasivam","Christophe"
"Sales",205054,"Bail","Utpal"
"Sales",205069,"Nishimukai","Collette"
"Sales",205131,"Veldwijk","Xiaoqiu"
"Sales",205148,"Lunn","Gurbir"
"Sales",205159,"Simmen","Vitaly"
"Sales",205444,"Ashish","Aran"
"Sales",205532,"Lichtner","Mircea"
"Sales",205563,"Ramamoorthy","Ewing"
"Sales",205569,"Brattka","Marlo"
"Sales",205576,"Takkinen","KayLiang"
"Sales",205849,"Walston","Masali"
"Sales",205870,"Heiserman","Paloma"
"Sales",205875,"Niizuma","Muzhong"
"Sales",205886,"Janocha","Jianwen"
"Sales",205933,"Chinin","Kasidit"
"Sales",206121,"Sudbeck","Yuqun"
"Sales",206155,"Braunschweig","Yishay"
"Sales",206177,"Kaelbling","Hironoby"
"Sales",206198,"Jiafu","Vidya"
"Sales",206226,"Delgrossi","Kien"
"Sales",206448,"Scallan","Shahab"
"Sales",206463,"Roohalamini","Saeko"
"Sales",206504,"Bage","Berhard"
"Sales",206798,"Erva","Jinxi"
"Sales",206815,"Frolund","Insup"
"Sales",206872,"Stafford","Marc"
"Sales",206882,"Rousseau","Taegyun"
"Sales",206902,"Trelles","Shounak"
"Sales",207111,"Kropf","Chaoyi"
"Sales",207266,"Mayerwieser","Hidekazu"
"Sales",207269,"Leslie","Shuzo"
"Sales",207661,"Leslie","Hairong"
"Sales",208078,"Varley","Fusako"
"Sales",208282,"Vitiello","Ferdinand"
"Sales",208290,"McFarlan","Doowon"
"Sales",208291,"Kavanagh","Constantijn"
"Sales",208325,"Snedden","Juichirou"
"Sales",208361,"Maraist","Jeanna"
"Sales",208782,"Kornatzky","Iara"
"Sales",208794,"Nergos","Garnik"
"Sales",208802,"Attimonelli","Berthier"
"Sales",208803,"Zucker","Mayuri"
"Sales",208810,"Steenbeek","Eldridge"
"Sales",208817,"Rajaraman","Sachio"
"Sales",208881,"Demri","Visit"
"Sales",208928,"Merlo","Ramzi"
"Sales",209137,"Greenaway","Ulf"
"Sales",209158,"Oaver","Junichi"
"Sales",209161,"Cunliffe","Odinaldo"
"Sales",209175,"Marchegay","Jaber"
"Sales",209263,"Picht","Shigeichiro"
"Sales",210980,"Peltason","Val"
"Sales",211011,"Picco","Willard"
"Sales",211019,"Marshall","Danco"
"Sales",211034,"Bennis","Sreenivas"
"Sales",211036,"Panwar","Chinho"
"Sales",211074,"Vesna","Richara"
"Sales",211105,"Toyoshima","Matt"
"Sales",211317,"Rosca","Lena"
"Sales",211481,"Ranst","Felicidad"
"Sales",211485,"Verhoeff","Lihong"
"Sales",211493,"Hinsberger","Takanari"
"Sales",211495,"Merel","Hugh"
"Sales",211504,"Ouhyoung","Jaewon"
"Sales",211509,"Antonakopoulos","Manton"
"Sales",211632,"Shumilov","Piyush"
"Sales",211675,"Kalloufi","Yunming"
"Sales",211703,"Mattern","Mart"
"Sales",211851,"Poulakidas","Cheong"
"Sales",211890,"Parhami","Jungsoon"
"Sales",211929,"Jiang","Lobel"
"Sales",211937,"Pashtan","Genevieve"
"Sales",211960,"Egerstedt","Leucio"
"Sales",211970,"Claffy","Parviz"
"Sales",212003,"Nittel","Margareta"
"Sales",212007,"Crelier","Khosrow"
"Sales",212031,"Impagliazzo","Moti"
"Sales",212048,"Plump","Vishv"
"Sales",212120,"Schneeberger","Sailaja"
"Sales",212142,"Yoshimura","Tristan"
"Sales",212148,"Ranum","Deborah"
"Sales",212176,"Benantar","Khatoun"
"Sales",212273,"Frezza","Junsik"
"Sales",212330,"Oxenboll","Jouko"
"Sales",212418,"Kolvik","Sangeeta"
"Sales",212434,"Baumann","Shaowen"
"Sales",212451,"Glinert","Patricio"
"Sales",212497,"Chinal","Jaewon"
"Sales",212644,"Theuretzbacher","Garnik"
"Sales",212682,"Roohalamini","Hyuncheol"
"Sales",212734,"Soicher","Parto"
"Sales",212755,"Cmelik","Sibyl"
"Sales",212780,"Asser","Yuchang"
"Sales",212782,"Pollock","Oldrich"
"Sales",212808,"Lorys","Duke"
"Sales",212851,"Quaggetto","Terresa"
"Sales",212972,"Bugaenko","Jinpo"
"Sales",213035,"Nitsche","Shuichi"
"Sales",213063,"Maccarone","Shunichi"
"Sales",213088,"Masada","Ulf"
"Sales",213144,"Luon","Patricio"
"Sales",213199,"Comte","Alagu"
"Sales",213200,"Veccia","Claude"
"Sales",213207,"Brookner","Jamaludin"
"Sales",213246,"Besancenot","Masoud"
"Sales",213338,"Veevers","Ravishankar"
"Sales",213392,"Maginnis","Ramachenga"
"Sales",213407,"Mandell","Gino"
"Sales",213426,"Lenart","Demin"
"Sales",213464,"Joslin","Oldrich"
"Sales",213811,"Piveteau","Kolar"
"Sales",213859,"Hammerschmidt","Felicidad"
"Sales",213870,"Gubsky","Shim"
"Sales",213905,"Motley","Sverrir"
"Sales",213932,"Schieder","Parto"
"Sales",213971,"Khamsi","Zhensheng"
"Sales",214018,"Vakili","Adit"
"Sales",214047,"Bernatsky","Mari"
"Sales",214080,"Millington","Mansur"
"Sales",214098,"Billingsley","Masanao"
"Sales",214174,"Conde","Mingsen"
"Sales",214292,"Siegrist","Howell"
"Sales",214293,"Georg","Elvis"
"Sales",214329,"Quadeer","Nevio"
"Sales",214360,"Halloran","Hyuncheol"
"Sales",214380,"Cairo","Jaihie"
"Sales",214415,"Sridhar","Vidar"
"Sales",214482,"Staelin","Henk"
"Sales",214485,"Bennet","Lijia"
"Sales",214501,"Iwayama","Greger"
"Sales",214528,"Murtafg","Huai"
"Sales",214581,"Isaac","Mang"
"Sales",214617,"Chvatal","Eric"
"Sales",214714,"Honiden","Anwar"
"Sales",214734,"Boudaillier","Mitsuyuki"
"Sales",214801,"Alpin","Supot"
"Sales",214839,"Liesche","Venkatesan"
"Sales",214906,"Gecsei","Mihalis"
"Sales",214934,"Kruskal","Hongzue"
"Sales",215497,"Hitomi","Niclas"
"Sales",215677,"Krychniak","Henk"
"Sales",215745,"Suppi","Lidong"
"Sales",215772,"Lemarechal","Tamiya"
"Sales",215797,"Bondorf","Ymte"
"Sales",215852,"Rosti","Insup"
"Sales",215876,"Krychniak","Akeel"
"Sales",215882,"Hammerschmidt","Mong"
"Sales",215902,"Narahara","Martina"
"Sales",215929,"Muchinsky","Tran"
"Sales",215934,"Erdi","Weiru"
"Sales",215948,"Matzat","Sedat"
"Sales",215999,"Lamma","Arto"
"Sales",216169,"Hatcliff","Hsiangchu"
"Sales",216194,"Bodoff","Zdislav"
"Sales",216361,"Feldhoffer","Akeel"
"Sales",216365,"Feinberg","Paraskevi"
"Sales",216455,"Klassen","Rosine"
"Sales",216488,"Perng","Djenana"
"Sales",216528,"Iivonen","Randi"
"Sales",216656,"Srimani","Babette"
"Sales",216659,"Carrera","Munehiko"
"Sales",216737,"Waschkowski","Marla"
"Sales",216758,"Driscoll","Aleksandar"
"Sales",216764,"Wynblatt","Lihong"
"Sales",217348,"Ariola","Remko"
"Sales",217447,"Sadowski","Aruna"
"Sales",217522,"Polajnar","Sailaja"
"Sales",217525,"Bazzichi","Leszek"
"Sales",217529,"Lund","Tzu"
"Sales",217532,"Schahn","Duri"
"Sales",217607,"Schwartzburd","Avishai"
"Sales",217630,"Ghemri","Alassane"
"Sales",217673,"Zirintsis","Fumitake"
"Sales",217717,"Erdmenger","Danae"
"Sales",217890,"Schwartzburd","Mizuhito"
"Sales",217891,"Boyle","Fumitaka"
"Sales",217941,"Sadowski","Garnik"
"Sales",220678,"Speckmann","Foong"
"Sales",220729,"Kamber","Shimshon"
"Sales",220778,"Aumann","Honesty"
"Sales",220790,"Oppitz","IEEE"
"Sales",220996,"Mahnke","Turgut"
"Sales",221068,"Anger","Cheong"
"Sales",221077,"Ruther","Pascal"
"Sales",221371,"Percebois","Pohua"
"Sales",221411,"Stamatiou","Filipe"
"Sales",221483,"Hofman","Shuky"
"Sales",221514,"Bergere","Arunachalam"
"Sales",221626,"Journel","Chenxi"
"Sales",221672,"Atrawala","Maha"
"Sales",221970,"Sudbeck","Luise"
"Sales",221997,"Panienski","Unal"
"Sales",222072,"Thebaut","Gro"
"Sales",222077,"Kilgour","Gor"
"Sales",222115,"Masand","Bouchung"
"Sales",222167,"Improta","Hidekazu"
"Sales",222230,"Gaughan","Kankanahalli"
"Sales",222233,"Tanemo","Tianruo"
"Sales",222243,"Segond","Kristine"
"Sales",222250,"Henseler","Ebbe"
"Sales",222330,"Bellone","Gor"
"Sales",222614,"Bugaenko","Vitaly"
"Sales",222617,"Francisci","Anestis"
"Sales",222667,"Mattern","Shigenori"
"Sales",222775,"Jayawardene","Bernd"
"Sales",222789,"Bahr","Shih"
"Sales",222827,"Cappelletti","Takanari"
"Sales",222862,"Schurmann","Behnaam"
"Sales",222867,"Mungall","Make"
"Sales",222891,"Anido","Honglan"
"Sales",222968,"Biran","Vidar"
"Sales",222988,"Jiafu","Jungsoon"
"Sales",223001,"Wroclawski","Takahiro"
"Sales",223191,"Ramamoorthy","Zijian"
"Sales",223248,"Luff","Randi"
"Sales",223301,"Weedman","Mana"
"Sales",223327,"Peron","Teunis"
"Sales",223461,"Kusalik","Manibrata"
"Sales",223500,"Erva","Eishiro"
"Sales",223689,"Roccetti","Marit"
"Sales",223792,"Ghelli","Juyoung"
"Sales",223874,"Pauthner","Giao"
"Sales",223879,"Swan","Niranjan"
"Sales",223892,"Birch","Abdulah"
"Sales",223906,"Samarati","Dhritiman"
"Sales",223915,"Whitcomb","Oldrich"
"Sales",223929,"Callaway","Sailaja"
"Sales",223961,"Plotkin","Anoosh"
"Sales",223972,"Peng","Phillip"
"Sales",224000,"Kowalchuk","Christfried"
"Sales",224049,"Barriga","Steve"
"Sales",224064,"Piancastelli","Tesuya"
"Sales",224103,"Benzaken","Augustine"
"Sales",224122,"Majewski","Saeed"
"Sales",224132,"Prenel","Youpyo"
"Sales",224465,"Rosar","Moie"
"Sales",224478,"Lukaszewicz","Yannik"
"Sales",224487,"Quittner","Bogdan"
"Sales",224512,"Miculan","Kamran"
"Sales",224517,"Monkewich","Manton"
"Sales",224530,"Papadias","Manibrata"
"Sales",224611,"Champarnaud","Fei"
"Sales",227580,"Haldar","Sailaja"
"Sales",227612,"Kalafatis","Alejandro"
"Sales",227702,"Morrey","Zhonghua"
"Sales",227758,"Guting","Fox"
"Sales",227804,"Baca","Qunsheng"
"Sales",227910,"Alencar","Saniya"
"Sales",227918,"Bratten","Alper"
"Sales",227969,"Mandell","Falguni"
"Sales",228022,"Bolsens","Takahito"
"Sales",228052,"Milicic","Anoosh"
"Sales",228129,"Dechter","Percy"
"Sales",228140,"Terkki","Mang"
"Sales",228152,"Lung","Sailaja"
"Sales",228452,"Manders","Aloke"
"Sales",228705,"Maksimenko","Shigehiro"
"Sales",228779,"Bahk","Shuji"
"Sales",228799,"Uludag","Jongsuk"
"Sales",228805,"Perry","Matt"
"Sales",229039,"McFarlin","Van"
"Sales",229097,"Merel","Kellyn"
"Sales",229190,"Jansch","Saeed"
"Sales",229208,"Christianini","Patricio"
"Sales",229233,"Miake","Randi"
"Sales",229296,"Beznosov","Make"
"Sales",229313,"Hagimont","Atreyi"
"Sales",229315,"Scallan","Toney"
"Sales",229334,"Bresenham","Sergi"
"Sales",229367,"Katzenelson","Oscar"
"Sales",229403,"Matzel","Arra"
"Sales",229427,"Baba","Rasikan"
"Sales",229578,"Ariola","Bernt"
"Sales",229582,"Solares","Kerryn"
"Sales",229693,"Jenevein","Shuky"
"Sales",230043,"Swist","Divier"
"Sales",230089,"Muchinsky","Hideyuki"
"Sales",230134,"Merli","Sigeru"
"Sales",230190,"Hockney","Kish"
"Sales",230577,"Sambasivam","Djelloul"
"Sales",230600,"Gomatam","Chandrasekaran"
"Sales",230605,"Dratva","Thanasis"
"Sales",230629,"Bednarek","Sibyl"
"Sales",230688,"Khalil","Tomokazu"
"Sales",232100,"Mandell","Sudhanshu"
"Sales",232114,"Jonsson","Bogdan"
"Sales",232133,"Cangellaris","Pascal"
"Sales",232453,"Kirkerud","Saeko"
"Sales",232484,"Taubman","Naftaly"
"Sales",232486,"Hutter","Bodo"
"Sales",232498,"Oppitz","Niclas"
"Sales",232515,"Candan","Ymte"
"Sales",232894,"Perelgut","Heeju"
"Sales",232898,"Luan","Vishv"
"Sales",232927,"Anger","Ebru"
"Sales",232947,"Meriste","Noritoshi"
"Sales",233345,"Tramer","Alexius"
"Sales",233360,"Leuchs","Zita"
"Sales",234349,"Garigliano","Dinah"
"Sales",234376,"Kolvik","Erez"
"Sales",234380,"Jullig","Licheng"
"Sales",236077,"Parfitt","Dannz"
"Sales",236116,"Borovoy","Vasilis"
"Sales",236121,"Ghazalie","Georg"
"Sales",236127,"Schoegge","Kiyokazu"
"Sales",236411,"Benner","Nirmal"
"Sales",236450,"Ellozy","Zdislav"
"Sales",236491,"DeMori","Lubomir"
"Sales",236537,"Osgood","Licheng"
"Sales",236544,"Meriste","Lillian"
"Sales",236549,"Mateescu","Patricio"
"Sales",238422,"Angelov","Vishv"
"Sales",238433,"Tramer","Gay"
"Sales",238484,"Adachi","Mart"
"Sales",238499,"Picht","Tristan"
"Sales",238505,"Camurati","Falguni"
"Sales",238514,"Maraist","Zvonko"
"Sales",238624,"Rusterholz","Zhigen"
"Sales",238626,"Koyama","Tran"
"Sales",238649,"Walstra","Candido"
"Sales",238690,"Peac","Chenxi"
"Sales",239084,"Rando","Subhash"
"Sales",239107,"Prampolini","Debatosh"
"Sales",239111,"Carrere","Dekang"
"Sales",239150,"Hmelo","Karlis"
"Sales",239178,"Peek","Krisda"
"Sales",239202,"Malinowski","Oscal"
"Sales",239754,"Junot","Mari"
"Sales",239782,"Shackel","Indrajit"
"Sales",239801,"Merle","Takahira"
"Sales",239802,"Isard","Elvis"
"Sales",239848,"Templeman","Arlette"
"Sales",239858,"Baik","Yonghong"
"Sales",239894,"Rahimi","Anestis"
"Sales",240133,"Lores","Tesuro"
"Sales",240157,"Kalsbeek","Shahar"
"Sales",240209,"Sommer","Danil"
"Sales",240243,"Riexinger","Yuchang"
"Sales",240977,"Rikino","Roddy"
"Sales",241049,"Lichtner","Alenka"
"Sales",241064,"Pettis","Nechama"
"Sales",241271,"Lovengreen","Xuejun"
"Sales",241280,"Adachi","Yoshinari"
"Sales",241303,"Bratsberg","Jamaludin"
"Sales",241325,"Ananiadou","Giordano"
"Sales",241395,"Velardi","Karlis"
"Sales",241401,"Carrera","Bartek"
"Sales",241411,"Salvesen","Subhada"
"Sales",241422,"Lorch","Herbert"
"Sales",241438,"Marwedel","Val"
"Sales",241585,"Loncour","Guenter"
"Sales",241792,"Matzel","Weiye"
"Sales",241829,"Mitsuhashi","Bouchung"
"Sales",241857,"Cullers","Yishai"
"Sales",242989,"Kroon","Sanjoy"
"Sales",243028,"Mukaidono","Fumiyo"
"Sales",243078,"Alvarado","Randy"
"Sales",243104,"Syrzycki","Aemilian"
"Sales",243117,"Krzyzanowski","Malu"
"Sales",243142,"Yamaashi","Beshir"
"Sales",243165,"Ballarin","Brewster"
"Sales",243198,"Matheson","Sajjad"
"Sales",243238,"Morrow","Luisa"
"Sales",243280,"Perng","Frazer"
"Sales",243352,"Verhaegen","Genevieve"
"Sales",243363,"Hofmeyr","Gopalakrishnan"
"Sales",243506,"Perelgut","Mountaz"
"Sales",243508,"Sinitsyn","Dhritiman"
"Sales",243546,"Tsukune","Uinam"
"Sales",243570,"Babu","Oldrich"
"Sales",243575,"Brickell","Piyush"
"Sales",243640,"Lakshmanan","Mototsugu"
"Sales",243745,"Cincotta","Zongyan"
"Sales",243748,"Lemarechal","Mokhtar"
"Sales",243772,"Lipner","Adamantios"
"Sales",243781,"Veeraraghavan","Chrisa"
"Sales",243843,"Thorensen","Prasadram"
"Sales",243896,"Bade","Bedrich"
"Sales",244173,"Furudate","Yannis"
"Sales",244191,"Nyanchama","Sanjai"
"Sales",244316,"Kuszyk","Khun"
"Sales",244317,"Baar","Boutros"
"Sales",244328,"Fontet","Hausi"
"Sales",244335,"Pluym","Goetz"
"Sales",244340,"Zultner","Yaghout"
"Sales",244359,"McAffer","Maria"
"Sales",244429,"Pintelas","Debaprosad"
"Sales",244489,"Falck","Zvonko"
"Sales",244498,"Erie","Jixiang"
"Sales",244518,"Swan","Sivanarayana"
"Sales",244609,"Axelband","Charlene"
"Sales",244646,"Orlowski","Jaques"
"Sales",244787,"Talmor","Rosalyn"
"Sales",244882,"Luft","Mingdong"
"Sales",244911,"Sanella","Xudong"
"Sales",244952,"Mondadori","Leen"
"Sales",244961,"Baer","Miquel"
"Sales",245048,"Gaughan","Monique"
"Sales",245058,"Wiegley","Shaowei"
"Sales",245092,"Swist","Fuqing"
"Sales",245105,"Beznosov","Felicidad"
"Sales",245302,"Zucker","Kazuhito"
"Sales",245412,"Erni","Val"
"Sales",245445,"Flexer","Yaghout"
"Sales",245598,"Remmers","Takanari"
"Sales",245835,"Back","Peternela"
"Sales",245941,"Michaeli","Uli"
"Sales",246185,"Itzigehl","Ulises"
"Sales",246497,"Shumilov","Billie"
"Sales",246666,"Haldar","Otilia"
"Sales",246671,"Vanwelkenhuysen","Anestis"
"Sales",246702,"Munke","Shounak"
"Sales",246713,"Shrader","Mamdouh"
"Sales",246717,"Benzmuller","Sham"
"Sales",246731,"Piveteau","Kwan"
"Sales",247134,"Hitomi","Idoia"
"Sales",247148,"Imataki","Elvia"
"Sales",247171,"Zschoche","Tommaso"
"Sales",247238,"Perri","Gad"
"Sales",247242,"Katiyar","Yuping"
"Sales",247262,"Lorin","Manohar"
"Sales",247495,"Himler","Dharmaraja"
"Sales",247519,"Demian","Hatim"
"Sales",247538,"Verspoor","Fatemeh"
"Sales",247600,"Mullainathan","Dietrich"
"Sales",247820,"Cronau","Mang"
"Sales",247825,"Hooghiemstra","Luise"
"Sales",247843,"Nitta","Leah"
"Sales",247856,"Cairo","Nathalie"
"Sales",247872,"Imataki","Ger"
"Sales",247880,"Oxenboll","Saniya"
"Sales",247893,"Gimbel","Ute"
"Sales",247894,"Calkin","Ger"
"Sales",247934,"Pramanik","Miyeon"
"Sales",247953,"Danlos","Vitali"
"Sales",248149,"Seiwald","Yuping"
"Sales",248183,"Zallocco","Pintsang"
"Sales",248229,"Speckmann","Taisook"
"Sales",248232,"Rodiger","Hinrich"
"Sales",248274,"Deville","Zhenbing"
"Sales",248283,"Junet","Masoud"
"Sales",248585,"Swiler","Oscal"
"Sales",248602,"Skafidas","Goh"
"Sales",248632,"Clemencon","Zijian"
"Sales",248712,"Pargaonkar","Saeed"
"Sales",248781,"Velasco","Youngkon"
"Sales",248959,"Noriega","Elrique"
"Sales",248965,"Spinelli","Mack"
"Sales",249050,"Versino","Aloke"
"Sales",249296,"Narahari","Dmitry"
"Sales",249320,"Capobianchi","Elzbieta"
"Sales",249341,"Reinhart","Miquel"
"Sales",249354,"Vigier","Kazuhiko"
"Sales",249365,"Hutter","Kiyokazu"
"Sales",249407,"Uhrik","Chenye"
"Sales",249422,"Bisiani","Adhemar"
"Sales",249444,"Junot","Jasminko"
"Sales",249797,"Snyers","Arra"
"Sales",249816,"Kranzdorf","Junichi"
"Sales",249835,"Qiwen","Shen"
"Sales",249929,"Luders","Weidon"
"Sales",249933,"Pfau","Khoa"
"Sales",249948,"Schade","Kazuhito"
"Sales",249958,"Bergere","Marjo"
"Sales",250645,"Eugenio","Munenori"
"Sales",250682,"Rosenbaum","Bodo"
"Sales",250687,"Decleir","Kensyu"
"Sales",250724,"Zykh","Naraig"
"Sales",250725,"Munos","Serge"
"Sales",250733,"Demian","Matk"
"Sales",250794,"Kinley","Munehiko"
"Sales",250799,"Homond","Badri"
"Sales",251312,"Furudate","Kiam"
"Sales",251361,"Levergood","Xinglin"
"Sales",251384,"Cmelik","Sreekrishna"
"Sales",251415,"Seiwald","Manibrata"
"Sales",251457,"Oberman","Shay"
"Sales",251988,"Morton","Adil"
"Sales",252046,"Melton","Moni"
"Sales",252137,"Msuda","Sarita"
"Sales",252359,"Bratten","Mariusz"
"Sales",252399,"Walston","Tamiya"
"Sales",252748,"Ramaiah","Kaijung"
"Sales",252776,"Lunt","Kazuhito"
"Sales",252795,"Bashian","Nevio"
"Sales",252804,"Gimarc","Boutros"
"Sales",252835,"Schahn","Youngkon"
"Sales",252838,"Wroclawski","Ronnie"
"Sales",252909,"Molberg","Marit"
"Sales",252971,"Pluym","Leon"
"Sales",253217,"Honiden","Subhash"
"Sales",253249,"Tiemann","Breannda"
"Sales",253272,"Uehara","Amalendu"
"Sales",253310,"Rosiles","Gift"
"Sales",254014,"Barinka","Goncalo"
"Sales",254111,"Halevi","Trygve"
"Sales",254350,"Marchesini","Sigeru"
"Sales",254417,"Selvestrel","Yurii"
"Sales",254422,"Cochrane","Tadahiko"
"Sales",254432,"Isaak","Changho"
"Sales",254477,"Horswill","Berto"
"Sales",254706,"Detkin","Sedat"
"Sales",254753,"Grospietsch","Iara"
"Sales",254792,"Rajcani","Chandrasekaran"
"Sales",254801,"Rosis","Sachar"
"Sales",255322,"Underwood","Chaitali"
"Sales",255376,"Templeman","Mohamadou"
"Sales",255507,"Terlouw","Shuji"
"Sales",255531,"Kadhim","Kwee"
"Sales",255549,"Penttonen","Udi"
"Sales",255572,"Stamatiou","Brewster"
"Sales",255606,"Bonifati","Elvis"
"Sales",255620,"Tiemann","Mani"
"Sales",255728,"Emmerich","Anestis"
"Sales",255764,"Miyakawa","Geoffrey"
"Sales",255849,"Nollmann","Khun"
"Sales",255934,"Fabrizio","Mantis"
"Sales",256095,"Ghalwash","Arlette"
"Sales",256693,"Sudbeck","Moni"
"Sales",256712,"Toyoshima","Shakhar"
"Sales",256725,"Majewski","Freyja"
"Sales",256792,"Merli","Kerryn"
"Sales",256809,"Ranze","Maya"
"Sales",256816,"Zedlitz","Rance"
"Sales",256870,"Baer","Iara"
"Sales",256996,"Highland","Arfst"
"Sales",257083,"Belinskaya","Kousuke"
"Sales",257156,"Matzov","Make"
"Sales",257275,"Rodite","Toshimi"
"Sales",257303,"Kawashimo","Filipe"
"Sales",257412,"Bashian","Martine"
"Sales",257421,"Rissanen","Mantis"
"Sales",257438,"Schicker","Kazuhiro"
"Sales",257470,"Auria","Dines"
"Sales",257536,"Srimani","Juichirou"
"Sales",257544,"Peng","Sanjoy"
"Sales",257597,"Lueh","Munir"
"Sales",257630,"Neiman","Jongsuk"
"Sales",257678,"Demeyer","Bezalel"
"Sales",257756,"Maliniak","Mechthild"
"Sales",257831,"Riexinger","Annemarie"
"Sales",257881,"Ishibashi","Frazer"
"Sales",257884,"Cunliffe","Shih"
"Sales",257930,"Tempesti","Hatim"
"Sales",257944,"Weiland","Saddek"
"Sales",257959,"Panwar","Weiye"
"Sales",257998,"Honglei","Turgut"
"Sales",258076,"Baig","Shahab"
"Sales",258096,"Mitchem","Shirish"
"Sales",258180,"Vendrig","Kitty"
"Sales",258189,"Cincotta","Randy"
"Sales",258234,"Zongker","Djelloul"
"Sales",258285,"Falco","Sahrah"
"Sales",258303,"Benantar","Otmar"
"Sales",258553,"Kowalchuk","Abdulah"
"Sales",258559,"Salinas","Sastry"
"Sales",258597,"Kuhnemann","Adel"
"Sales",258855,"Guardalben","Udi"
"Sales",258962,"Hainaut","Hideo"
"Sales",258992,"Marakhovsky","Izaskun"
"Sales",259176,"Fargier","Berto"
"Sales",259214,"Beetstra","Bedir"
"Sales",259242,"Plesums","Shay"
"Sales",259323,"Farris","Xuejia"
"Sales",259388,"Cools","Xiadong"
"Sales",259424,"Dayana","Barun"
"Sales",259435,"Bahk","Marc"
"Sales",259443,"Ramsay","Yongmin"
"Sales",259448,"Conti","Mari"
"Sales",259460,"Gecsei","Vasilis"
"Sales",259503,"Ishibashi","Serap"
"Sales",259568,"Miyakawa","Shaw"
"Sales",259571,"Marletta","Trygve"
"Sales",259618,"Pelz","Sibyl"
"Sales",259639,"Luef","Youpyo"
"Sales",259659,"Gelosh","Jacopo"
"Sales",259681,"Glinert","Marc"
"Sales",259757,"Peek","Mikhail"
"Sales",260108,"Michaeli","Shim"
"Sales",260141,"Servi","Yifei"
"Sales",260144,"Baja","Fun"
"Sales",260263,"Stassinopoulos","Taisook"
"Sales",260307,"Dalton","Anyuan"
"Sales",260331,"Matteis","Niteen"
"Sales",260355,"Shiratori","Dietrich"
"Sales",260366,"Asser","Eric"
"Sales",260383,"Beidas","Karoline"
"Sales",260448,"Kushner","Lijia"
"Sales",260449,"Kading","Seshu"
"Sales",260459,"Shanbhogue","Zhaofang"
"Sales",260492,"Bolotov","Saniya"
"Sales",260528,"Famili","Sadok"
"Sales",260543,"Decleir","Hatsukazu"
"Sales",260565,"Zaumen","Filipe"
"Sales",260695,"Lichtman","Hilari"
"Sales",260700,"Taubenfeld","Eishiro"
"Sales",260709,"Nivat","Pasqua"
"Sales",260736,"Bennis","Rance"
"Sales",260830,"Herber","Shridhar"
"Sales",260868,"Sluis","Salvador"
"Sales",260871,"Munch","Pranay"
"Sales",260885,"Bugaenko","Dmitri"
"Sales",260914,"Buchter","Candida"
"Sales",260962,"Peres","Debatosh"
"Sales",261038,"Zeleznik","Shimshon"
"Sales",261093,"Goodrum","Yoshimitsu"
"Sales",261142,"Cochrane","Stein"
"Sales",261391,"Caine","Shmuel"
"Sales",261407,"Foong","Radoslaw"
"Sales",261433,"Ouhyoung","Yurii"
"Sales",261449,"Zolotykh","Sampalli"
"Sales",261459,"Barreiro","Theirry"
"Sales",261483,"Hooghiemstra","Janche"
"Sales",261535,"Vidal","Alenka"
"Sales",261546,"Chenney","Sungwon"
"Sales",261548,"Karunanithi","Gita"
"Sales",261585,"Dahlbom","Reinhard"
"Sales",261620,"Fordan","Yongqiao"
"Sales",261660,"Axelband","Youpyo"
"Sales",261745,"Rajala","Reinhold"
"Sales",261762,"Lanzelotte","Mohammed"
"Sales",261992,"Malinowski","Shaowei"
"Sales",261998,"Lunt","Ennio"
"Sales",262191,"Bernatsky","Herbert"
"Sales",262504,"Stasinski","Make"
"Sales",262509,"Hagimont","Mads"
"Sales",262565,"Murtagh","Sakthirel"
"Sales",262603,"Ligten","Masasuke"
"Sales",262619,"Meriste","Fumiyo"
"Sales",262671,"Zhiwei","Evgueni"
"Sales",262677,"Zumaque","Eishiro"
"Sales",262762,"Laurillard","Kirk"
"Sales",262793,"Gulak","Bilhanan"
"Sales",262799,"Frezza","Herbert"
"Sales",262880,"Varley","Mabo"
"Sales",262947,"Vandervoorde","Cedric"
"Sales",263002,"Bernatsky","Ramzi"
"Sales",263569,"Gips","Barun"
"Sales",263600,"Miara","Zijian"
"Sales",263878,"Pusterhofer","Arnd"
"Sales",263881,"Larfeldt","Chinhyun"
"Sales",263882,"Cunliffe","Gad"
"Sales",263932,"Baalen","Giao"
"Sales",264120,"Zallocco","Ipke"
"Sales",264128,"Suomi","Guangming"
"Sales",264554,"Leonhardt","Domenick"
"Sales",264562,"Hertweck","Manohar"
"Sales",264588,"Onuegbe","Zine"
"Sales",264609,"Deverell","Bernt"
"Sales",265077,"Alameldin","Divine"
"Sales",265100,"Bierbaum","Kiyotoshi"
"Sales",265132,"Aloisi","Baziley"
"Sales",265134,"Ventosa","Ulf"
"Sales",265146,"Thummel","Claude"
"Sales",265195,"Cannard","Shuky"
"Sales",265377,"Merle","Vasilii"
"Sales",265407,"Picht","Richard"
"Sales",265533,"Shrader","Muneo"
"Sales",265626,"Pagter","Alagu"
"Sales",265635,"Marakhovsky","Djelloul"
"Sales",268889,"Conta","Rildo"
"Sales",268902,"Krohm","Arup"
"Sales",268932,"Parfitt","Christ"
"Sales",268950,"Syrotiuk","Akemi"
"Sales",269018,"Uehara","Edwin"
"Sales",269215,"Malabarba","Kazuyasu"
"Sales",269299,"Solares","Mihalis"
"Sales",269318,"McFarlan","Mart"
"Sales",269733,"Middleton","Tremaine"
"Sales",269825,"Reeken","Zdislav"
"Sales",270470,"Cappelletti","Tomofumi"
"Sales",270525,"Neiman","Szabolcs"
"Sales",270914,"Staelin","Monique"
"Sales",270943,"Gulik","Zhanqiu"
"Sales",270947,"Bolsens","Bernt"
"Sales",271024,"Cairo","Byong"
"Sales",271032,"Escriba","Babette"
"Sales",271050,"Koblick","Takushi"
"Sales",271051,"Birsak","Shigenori"
"Sales",271151,"Crelier","Shuzo"
"Sales",271183,"Christ","Saeed"
"Sales",271248,"Henseler","Fan"
"Sales",271286,"Rosen","Jianhua"
"Sales",271300,"Curless","Gilbert"
"Sales",271428,"Hofmeyr","Ung"
"Sales",271524,"Angiulli","Lubomir"
"Sales",271545,"Negoita","Temple"
"Sales",271554,"Koprowski","Lillian"
"Sales",271570,"Welham","Steen"
"Sales",271732,"Wilfing","Christophe"
"Sales",271757,"Miyakawa","Mona"
"Sales",271803,"Dichev","Tru"
"Sales",271808,"Bressoud","Pantung"
"Sales",271946,"Hempstead","Susanta"
"Sales",271976,"Kuhnemann","Mary"
"Sales",271997,"Koshiba","Werner"
"Sales",272063,"Viele","Minghong"
"Sales",272223,"Oberman","Mikhail"
"Sales",272431,"Brendel","Jungsoon"
"Sales",272433,"Lamba","Nobuyoshi"
"Sales",272440,"Underwood","Toshiko"
"Sales",272489,"Staudhammer","Vugranam"
"Sales",272499,"Szilard","Marko"
"Sales",272538,"Hiroyama","Masoud"
"Sales",272764,"Muniz","Jasminko"
"Sales",272827,"Horswill","Cullen"
"Sales",272835,"Lubachevsky","Bernd"
"Sales",272893,"Rattan","Alejandra"
"Sales",272922,"Baca","Basim"
"Sales",272943,"Gewali","Temple"
"Sales",272952,"Rijckaert","Kristof"
"Sales",272993,"Undy","Arvind"
"Sales",273311,"Garnier","Domenico"
"Sales",273337,"Socorro","Xumin"
"Sales",273384,"Terkki","Arra"
"Sales",273578,"Saoudi","Giao"
"Sales",273605,"Walston","Ingmar"
"Sales",273631,"Perfilyeva","Richara"
"Sales",273697,"Kampfer","Tru"
"Sales",273721,"Wegerle","Kazuhisa"
"Sales",273754,"Chartres","Kristin"
"Sales",273770,"Giveon","Yolla"
"Sales",273849,"Lorcy","Stella"
"Sales",273892,"Wielonsky","Gregory"
"Sales",273913,"Rabejac","Nidapan"
"Sales",273924,"Constantine","Moss"
"Sales",273976,"Monarch","Rafail"
"Sales",273991,"Roccetti","Shushma"
"Sales",274029,"Randt","Xiong"
"Sales",274032,"Uhrik","Roddy"
"Sales",274106,"Herber","Leon"
"Sales",274162,"Gerlach","Dmitri"
"Sales",274321,"Kornatzky","Rosli"
"Sales",274345,"Eiter","Miyeon"
"Sales",274359,"Gecsel","Dante"
"Sales",274436,"Zockler","Brewster"
"Sales",274457,"Smailagic","Shmuel"
"Sales",274472,"Stifter","Munenori"
"Sales",274488,"Jeansoulin","Yefim"
"Sales",274517,"Hainaut","Xuejia"
"Sales",274519,"Farrel","Remmert"
"Sales",274596,"Simkin","Roddy"
"Sales",274637,"Esteva","Fai"
"Sales",274698,"Munawer","Tadanori"
"Sales",274801,"DuCasse","Fumiko"
"Sales",274832,"Sidhu","Kristof"
"Sales",274855,"Pardalos","Xiadong"
"Sales",274861,"Ratnaker","Subhankar"
"Sales",274881,"Burnard","Roselyn"
"Sales",274953,"Herber","Jianhao"
"Sales",274954,"Fontet","Parviz"
"Sales",275011,"Wallrath","Leen"
"Sales",275028,"Quadeer","Huai"
"Sales",275044,"Schwaller","Persi"
"Sales",275051,"Schaaf","Duri"
"Sales",275062,"Pappas","Kerhong"
"Sales",275212,"Narahari","Dannz"
"Sales",275232,"Ertl","Margo"
"Sales",275421,"Cooley","King"
"Sales",275448,"Felder","Yongqiao"
"Sales",275482,"Levergood","Yaghout"
"Sales",275508,"Savasere","Radhakrishnan"
"Sales",275513,"Restivo","Honesty"
"Sales",275547,"Lenart","Phule"
"Sales",275617,"Barbanera","Khalid"
"Sales",275701,"Gerteisen","Mads"
"Sales",275737,"Skogmar","Yinlin"
"Sales",276069,"Zuberek","Marsha"
"Sales",276249,"Bruckman","Juyoung"
"Sales",276287,"Kropf","Weiru"
"Sales",276345,"Orsini","Martijn"
"Sales",276352,"Luiz","Navin"
"Sales",276408,"Junot","Jasminko"
"Sales",276416,"Ishibashi","Moon"
"Sales",276440,"Murtagh","Torsten"
"Sales",276468,"DuCasse","Rosalie"
"Sales",276507,"Masaki","Remko"
"Sales",276559,"Delaune","Munir"
"Sales",276681,"Casperson","Stabislas"
"Sales",276799,"Falco","Mizuhito"
"Sales",277152,"Swick","Minghong"
"Sales",277184,"Biros","Baziley"
"Sales",277187,"Shinomoto","Arlette"
"Sales",277233,"Jeong","Alain"
"Sales",277316,"Rothenberg","Vitali"
"Sales",277496,"Zeleznik","Masaki"
"Sales",277517,"Schurmann","Billie"
"Sales",277526,"Nittel","Jinpo"
"Sales",277608,"Pettis","Vasilis"
"Sales",277682,"Cyne","Flemming"
"Sales",277806,"Dalton","Uzi"
"Sales",277851,"Steenbeek","Gill"
"Sales",277873,"Bahk","Poorav"
"Sales",277877,"Krychniak","Kamakshi"
"Sales",277904,"Azuma","Val"
"Sales",277942,"Gargeya","Edwin"
"Sales",277954,"Gornas","Maren"
"Sales",277972,"Schwaller","Zvonko"
"Sales",278062,"Kusalik","Kerhong"
"Sales",278101,"Angelov","Vitali"
"Sales",278105,"Pargaonkar","Falguni"
"Sales",278112,"Ginneken","Paddy"
"Sales",278180,"Ferriere","Niteen"
"Sales",278197,"Lund","Radhakrishnan"
"Sales",278203,"Swist","Yolla"
"Sales",278264,"Czaja","Aksel"
"Sales",278321,"Fabrizio","Otilia"
"Sales",278364,"Hammerschmidt","Sivanarayana"
"Sales",278405,"Bellmore","Saniya"
"Sales",278474,"Tokunaga","Vivian"
"Sales",278568,"McAlpine","Hugo"
"Sales",278637,"Bail","Maren"
"Sales",278714,"Dulay","Geoffry"
"Sales",278731,"Itzfeldt","Kasturi"
"Sales",278751,"Hofstetter","Susuma"
"Sales",278804,"Khamsi","Fai"
"Sales",278805,"Kobara","Arto"
"Sales",278815,"Suwa","Gonzalo"
"Sales",278887,"Schwaller","Kwan"
"Sales",278891,"Shackel","Paloma"
"Sales",278939,"Hammerschmidt","Taizo"
"Sales",278950,"Ertl","Premal"
"Sales",278965,"Delaune","Shridhar"
"Sales",278968,"Billingsley","Niclas"
"Sales",278982,"Mawatari","Qingxiang"
"Sales",278995,"Dalton","Shigehiro"
"Sales",279004,"Roccetti","Tooru"
"Sales",279009,"Brookman","Taiji"
"Sales",279148,"Mandell","Jaber"
"Sales",279292,"Frijda","Miomir"
"Sales",279356,"Zambonelli","Elliott"
"Sales",279365,"Provine","Weiyi"
"Sales",279373,"Brookner","Kamran"
"Sales",279404,"Litvinov","Gladys"
"Sales",279440,"Hebden","Shin"
"Sales",279468,"Kornyak","Weiwu"
"Sales",279484,"Famili","Yunming"
"Sales",279492,"Harllee","Navin"
"Sales",279559,"Cronan","Jasminko"
"Sales",279622,"Baaleh","Yefim"
"Sales",279625,"Sabnani","Maren"
"Sales",279653,"Berztiss","Kensei"
"Sales",279751,"Lunn","Kannan"
"Sales",279792,"Yeung","Subhada"
"Sales",279807,"Shrader","Yakichi"
"Sales",279886,"Bultermann","Basem"
"Sales",279887,"Cunliffe","Shietung"
"Sales",279894,"Masand","Sudharsan"
"Sales",279954,"Gien","Raimond"
"Sales",279972,"Gecsei","Jianhua"
"Sales",280008,"Schurmann","Zhiwei"
"Sales",280031,"Gyorkos","Valter"
"Sales",280149,"Demeyer","Sushant"
"Sales",280206,"Panienski","Dhritiman"
"Sales",280217,"Gargeya","Nigel"
"Sales",287633,"Baez","Sachio"
"Sales",287638,"Gajiwala","Morris"
"Sales",287655,"Anido","Emdad"
"Sales",287684,"Schmiedel","Radhia"
"Sales",287694,"Sinicrope","Vitali"
"Sales",287775,"Arlazarov","Shimshon"
"Sales",287778,"Suomi","Krisda"
"Sales",288841,"Merlo","Sajjad"
"Sales",288863,"Sundgren","Huai"
"Sales",289018,"Hinsberger","Zongyan"
"Sales",289032,"Asrin","Danny"
"Sales",289064,"Schach","Jiong"
"Sales",289309,"Butner","Mountaz"
"Sales",289346,"Valette","Adin"
"Sales",289353,"Winter","Nikolaos"
"Sales",289361,"Kaltofen","Nechama"
"Sales",289385,"Menhardt","Gretta"
"Sales",289595,"Vingron","Kiyomitsu"
"Sales",289600,"Camarinopoulos","Yoshinari"
"Sales",289651,"Vickson","Eckart"
"Sales",289662,"Panienski","Toshiki"
"Sales",289683,"Veldwijk","Ortrun"
"Sales",289766,"Jarecki","Maja"
"Sales",289871,"Ecklund","Perla"
"Sales",289883,"Domenig","Anneli"
"Sales",290165,"Emmerich","Dante"
"Sales",290198,"Bennis","Stepehn"
"Sales",290274,"Cooley","Nahid"
"Sales",290504,"Motley","Uwe"
"Sales",290575,"Egerstedt","Lansing"
"Sales",290630,"Biros","Mantis"
"Sales",290821,"Schueller","Qingxiang"
"Sales",290853,"Perly","Saeko"
"Sales",290856,"Cannard","Cedric"
"Sales",290871,"Muniz","Peternela"
"Sales",290970,"Genther","Akeno"
"Sales",290985,"Takanami","Geraldo"
"Sales",290994,"Isaak","Venkatesan"
"Sales",291016,"Swen","Somnath"
"Sales",291031,"Ponthieu","Basim"
"Sales",291044,"Rettelbach","Juichirou"
"Sales",291116,"Pocchiola","Berni"
"Sales",291118,"Kalafatis","Giri"
"Sales",291132,"Czap","Kaijung"
"Sales",291154,"Gajiwala","Bedir"
"Sales",291256,"Lortz","Subbu"
"Sales",291261,"Coney","Tayeb"
"Sales",291325,"Speckmann","Arno"
"Sales",291372,"Thorensen","Elvia"
"Sales",291411,"Heyers","Masasuke"
"Sales",291413,"Peir","Yoshinari"
"Sales",291502,"Zielinski","Wuxu"
"Sales",291519,"Conta","Nakhoon"
"Sales",291526,"Staelin","Barry"
"Sales",291564,"Huhdanpaa","Duri"
"Sales",291591,"Grabner","Muzhong"
"Sales",291678,"Guardalben","Xiaoqiu"
"Sales",291686,"Ranum","Masaki"
"Sales",291788,"Poupard","Makato"
"Sales",291826,"Rande","Roddy"
"Sales",291936,"Albarhamtoshy","Mario"
"Sales",292093,"Papsdorf","Yurij"
"Sales",292322,"Colorni","Adamantios"
"Sales",292341,"Huhdanpaa","Sajjad"
"Sales",292475,"Merks","Noritoshi"
"Sales",292650,"Hiraishi","Horward"
"Sales",292680,"Anick","Tran"
"Sales",292739,"Danlos","Kiyomitsu"
"Sales",292779,"Baik","Weiyi"
"Sales",292835,"Peltason","Lokesh"
"Sales",292886,"Prenel","Mang"
"Sales",292893,"Kolinko","George"
"Sales",292902,"Woycyznski","Shigenori"
"Sales",292962,"Schahn","Youjian"
"Sales",293173,"Gide","Takahito"
"Sales",293192,"Sundgren","Carrsten"
"Sales",293241,"Casley","Shan"
"Sales",293304,"Krogh","Claudi"
"Sales",293509,"Hoppenstand","Sanjay"
"Sales",293514,"Milicic","Conor"
"Sales",293525,"Guenter","King"
"Sales",293535,"Rodier","Shimshon"
"Sales",293537,"Chiodo","Quingbo"
"Sales",293635,"Juneja","Munir"
"Sales",293676,"Chleq","Trygve"
"Sales",293801,"Penz","Fumitaka"
"Sales",293806,"Khamsi","Yinlin"
"Sales",294009,"Khasidashvili","Parke"
"Sales",294055,"Candan","Genta"
"Sales",294097,"Cummings","Kazunori"
"Sales",294114,"Versino","Zissis"
"Sales",294134,"McClurg","Zsolt"
"Sales",294358,"Nilsson","Mamdouh"
"Sales",294367,"Szmurlo","Radhika"
"Sales",294379,"Zhiwei","Moie"
"Sales",294455,"Pehl","Anestis"
"Sales",294486,"Orsini","Mantis"
"Sales",294487,"Ozery","Mohammad"
"Sales",294613,"Carrere","Palash"
"Sales",294667,"DuBourdieux","Xuejun"
"Sales",294707,"Pietrzykowski","Divier"
"Sales",294745,"Haumacher","Yucel"
"Sales",294748,"Pero","Cullen"
"Sales",294785,"Carrere","Ymte"
"Sales",294805,"Flexer","Vishu"
"Sales",294850,"Peot","Toshimo"
"Sales",294874,"Oxman","Mabhin"
"Sales",294966,"Esposito","Mrinalini"
"Sales",294967,"Setia","King"
"Sales",295000,"Baaleh","Marsha"
"Sales",295068,"Olivero","Shem"
"Sales",295136,"Kranzdorf","Moss"
"Sales",295215,"Perfilyeva","Achilleas"
"Sales",295221,"Hofting","Tomokazu"
"Sales",295321,"Mahnke","Aran"
"Sales",295362,"Docker","Monique"
"Sales",295364,"Parascandalo","Shaowei"
"Sales",295381,"Bennis","Shigeaki"
"Sales",295433,"Gips","Stafford"
"Sales",295503,"Lund","Tayeb"
"Sales",295624,"Denos","Menkae"
"Sales",295644,"Nations","Subhankar"
"Sales",295651,"Coombs","Adil"
"Sales",295713,"Klassen","Fabrizio"
"Sales",295744,"Comellas","Masaru"
"Sales",295809,"Velardi","Constantine"
"Sales",295838,"Ritcey","Bartek"
"Sales",295900,"Akiyama","Zhonghui"
"Sales",295983,"Boissier","Yongmin"
"Sales",296499,"Muchinsky","Douadi"
"Sales",296514,"Underwood","Zito"
"Sales",296563,"Marciano","Hideo"
"Sales",296595,"Willoner","Bodo"
"Sales",296618,"Leaver","Tokuyasu"
"Sales",297413,"Tasistro","Richara"
"Sales",297642,"Krichel","Matk"
"Sales",298180,"Hofman","Moriyoshi"
"Sales",298194,"Chimia","Xuejia"
"Sales",298247,"Comyn","Shan"
"Sales",298275,"Asrin","Arvin"
"Sales",298559,"Liedekerke","Fumiyo"
"Sales",298561,"Cooke","Val"
"Sales",298581,"Baja","Mang"
"Sales",298615,"Eiron","Tonny"
"Sales",298659,"Sidou","Ebbe"
"Sales",299512,"Rusmann","Xudong"
"Sales",299621,"Cheshire","Danai"
"Sales",299624,"Murrill","Khun"
"Sales",299656,"Nanard","Alenka"
"Sales",299658,"Schiper","Jaber"
"Sales",299673,"Papastamatiou","Leucio"
"Sales",299925,"Sevcikova","Lijia"
"Sales",299957,"Murillo","Macha"
"Sales",401218,"Rande","Sajjan"
"Sales",401257,"Conte","Ghassan"
"Sales",401589,"Ducloy","Vishwani"
"Sales",401699,"Ouhyoung","Zdislav"
"Sales",401714,"Axelband","Tamiya"
"Sales",401749,"Biron","Kiyotoshi"
"Sales",401764,"Foote","Arra"
"Sales",401801,"Baek","Subhash"
"Sales",402049,"Levasseur","Shahaf"
"Sales",402073,"Camurati","Moss"
"Sales",402076,"Condotta","Rasiah"
"Sales",402181,"Flasterstein","Persi"
"Sales",402586,"Gils","Ranan"
"Sales",403391,"Delgrande","Feipei"
"Sales",403423,"Baja","Khosrow"
"Sales",403479,"Brattka","Satosi"
"Sales",403535,"Lorho","Theron"
"Sales",403558,"Hedayat","Tamiya"
"Sales",403682,"Prampolini","Kokou"
"Sales",403708,"Talmon","Naftali"
"Sales",403763,"Benaini","Seshu"
"Sales",403778,"Melichar","Petter"
"Sales",403838,"Radhakrishnan","Hitofumi"
"Sales",403889,"Fiebach","Muzhong"
"Sales",403912,"Nicolson","Arunachalam"
"Sales",403925,"Garigliano","Subbu"
"Sales",404040,"Himler","Tadahiro"
"Sales",404053,"Perly","Akhilish"
"Sales",404062,"Iisaku","Yaghout"
"Sales",404098,"Cannane","Nidapan"
"Sales",404103,"Strehl","Younwoo"
"Sales",404377,"Sooriamurthi","Surveyors"
"Sales",404416,"Fiebach","Wilmer"
"Sales",404435,"Merel","Dhritiman"
"Sales",404447,"Hedayat","Weiyi"
"Sales",404497,"Gronowski","Baocai"
"Sales",404519,"Ecklund","Jaewon"
"Sales",404739,"Linnainmaa","Boaz"
"Sales",404792,"Rousseau","Saniya"
"Sales",404856,"McDermid","Yinghua"
"Sales",404878,"Schaaf","Syozo"
"Sales",404975,"Fontan","Zsolt"
"Sales",405018,"Hutton","Peternela"
"Sales",405079,"Peroz","Nathalie"
"Sales",405123,"Walstra","Zeljko"
"Sales",405199,"Antonisse","Gou"
"Sales",405228,"Kisuki","Hidefumi"
"Sales",405416,"Spelt","Makato"
"Sales",405438,"Compeau","Claudi"
"Sales",405462,"Murthy","Nitsan"
"Sales",405500,"Mapelli","Remco"
"Sales",405723,"Rathonyi","Douadi"
"Sales",405734,"Preusig","Roselyn"
"Sales",405769,"Reinhard","Alejandro"
"Sales",405818,"Selenyi","Barton"
"Sales",405852,"Conde","Shigehito"
"Sales",406064,"Ramsay","Fumiya"
"Sales",406069,"Honiden","Deborah"
"Sales",406422,"Rikino","Udo"
"Sales",406440,"Parveen","Moty"
"Sales",406442,"Chenney","Giri"
"Sales",406462,"Iwayama","Leaf"
"Sales",406480,"Rodier","Sastry"
"Sales",406509,"Leivant","Koichi"
"Sales",406758,"Brandsma","Nevio"
"Sales",406777,"Yoshizawa","Billie"
"Sales",407047,"Constantine","Heather"
"Sales",407078,"Aloia","Rosella"
"Sales",407111,"Penz","Panayotis"
"Sales",407125,"Taneja","Gila"
"Sales",407212,"Danecki","Surveyors"
"Sales",407241,"Passino","Pranav"
"Sales",407253,"DuBourdieux","Kristina"
"Sales",407257,"Driscoll","Randy"
"Sales",407347,"Bahi","Arumugam"
"Sales",407351,"Mellouli","Vitaly"
"Sales",407356,"Porotnikoff","Yifei"
"Sales",407368,"Garnick","Morris"
"Sales",407371,"Shackell","Radhakrishnan"
"Sales",407398,"Azuma","Uwe"
"Sales",407406,"Kusalik","Halsur"
"Sales",407417,"Krider","Barton"
"Sales",407419,"Pietracaprina","Xiahua"
"Sales",407538,"Felder","Ekawit"
"Sales",407562,"Budinsky","Bodh"
"Sales",407564,"Petereit","Serenella"
"Sales",407567,"Tramer","Gully"
"Sales",407572,"Kohling","Leah"
"Sales",407664,"Lanphier","Shaleah"
"Sales",407751,"Panienski","Saddek"
"Sales",407814,"Waymire","Dinah"
"Sales",407832,"McClure","Val"
"Sales",407958,"Luft","Uma"
"Sales",407965,"Unno","Munehiro"
"Sales",407978,"Busillo","Luisa"
"Sales",408050,"Veeraraghavan","Heejo"
"Sales",408081,"Hasenauer","Zhilian"
"Sales",408083,"Conde","Qunsheng"
"Sales",408121,"Smailagic","Arto"
"Sales",408435,"Vilarrasa","Bikash"
"Sales",408807,"Tanemo","Hsiangchu"
"Sales",408868,"Milicic","Tuval"
"Sales",409132,"Vanwelkenhuysen","Bedir"
"Sales",409195,"Zultner","JiYoung"
"Sales",409227,"Byoun","Vincent"
"Sales",409232,"Bierman","Arno"
"Sales",409252,"Skafidas","Itzchak"
"Sales",409322,"Khasidashvili","Shahaf"
"Sales",409402,"Gaughan","Prodip"
"Sales",409464,"Schnelling","Tetsushi"
"Sales",409486,"Dymetman","Jeane"
"Sales",409497,"Qiwen","Domenico"
"Sales",409549,"Schreiter","Shuichi"
"Sales",409626,"Picci","Danny"
"Sales",409641,"Cochrane","Lakshmi"
"Sales",409687,"Capobianchi","Uinam"
"Sales",409695,"Rattan","Marsha"
"Sales",409704,"Bael","Fan"
"Sales",409894,"Lanphier","Bowen"
"Sales",409912,"Veldwijk","Filipe"
"Sales",409961,"Himler","Radhakrishnan"
"Sales",409964,"Peot","Shuky"
"Sales",409968,"Zallocco","Frazer"
"Sales",409970,"Provine","Kenton"
"Sales",410042,"Huxford","Mona"
"Sales",410047,"Sommer","Masato"
"Sales",410096,"Tempesti","Yishai"
"Sales",410140,"Marshall","Xianlong"
"Sales",410295,"Akaboshi","Shir"
"Sales",410310,"Argence","Ung"
"Sales",410375,"Rossi","Ymte"
"Sales",410406,"Mapelli","Bogdan"
"Sales",410417,"Backhouse","Toshiko"
"Sales",410427,"Smailagic","Aram"
"Sales",410457,"Leaver","Gaetan"
"Sales",410493,"Nyanchama","Lalit"
"Sales",410554,"Przulj","Kristof"
"Sales",410559,"Harnett","Shiv"
"Sales",411240,"Kropf","Valeska"
"Sales",411249,"Takkinen","Yurij"
"Sales",411275,"Rusterholz","Alper"
"Sales",411313,"Braunschweig","Tuval"
"Sales",411383,"Henseler","Kersti"
"Sales",412776,"Back","Kokou"
"Sales",412871,"Bazzichi","Yucel"
"Sales",413013,"Azadmanesh","Shigehito"
"Sales",413054,"Haldar","Panayotis"
"Sales",413057,"Sewelson","Van"
"Sales",414945,"Roisin","Zdislav"
"Sales",414990,"Maksimenko","Chiranjit"
"Sales",415018,"Marquardt","Waiman"
"Sales",415053,"Falby","Marsal"
"Sales",415057,"Spelt","Falguni"
"Sales",416314,"Seghrouchni","Cathie"
"Sales",416328,"Vingron","Henk"
"Sales",416345,"Kohling","Vishwani"
"Sales",416585,"Moffat","Tsvetan"
"Sales",416980,"Meszaros","Qunsheng"
"Sales",417070,"Rusmann","Kendra"
"Sales",417246,"Hellwagner","Rance"
"Sales",417265,"Cooley","Perry"
"Sales",417325,"Ruther","Palash"
"Sales",417379,"Uehara","Shawna"
"Sales",417413,"Oxman","Youjian"
"Sales",417582,"Usdin","Yucai"
"Sales",417595,"Roccetti","Maik"
"Sales",417625,"Masand","Yongmin"
"Sales",417725,"Emmart","Janalee"
"Sales",418035,"Pollock","Maria"
"Sales",418843,"Heyers","Vugranam"
"Sales",418901,"Kabayashi","Lucien"
"Sales",419484,"Milicia","Jeong"
"Sales",419491,"Schauser","Shaleah"
"Sales",420296,"Jonsson","Kenroku"
"Sales",420320,"Poupard","Nahla"
"Sales",420347,"Valette","Shuky"
"Sales",420353,"Angot","Ziyad"
"Sales",420358,"Ressouche","Huei"
"Sales",420778,"Peck","Radoslaw"
"Sales",420836,"Penz","Xuejun"
"Sales",420854,"Varker","Izaskun"
"Sales",420872,"Reghbati","Deborah"
"Sales",420891,"Melichar","Teruyuki"
"Sales",420915,"Zumaque","Yefim"
"Sales",420938,"Baba","Jingling"
"Sales",420965,"Thorensen","Alenka"
"Sales",420994,"Granlund","Zhensheng"
"Sales",421007,"Munch","Supot"
"Sales",421015,"Kavanagh","Berto"
"Sales",421062,"Lyonns","Perla"
"Sales",421078,"Jiafu","Sanjoy"
"Sales",421101,"Chinin","Branimir"
"Sales",421130,"Pettit","Zhonghui"
"Sales",421135,"Henders","Debatosh"
"Sales",421151,"Ossenbruggen","Masaru"
"Sales",421208,"Mapelli","Tonia"
"Sales",421452,"Bodoff","Sanjoy"
"Sales",421521,"Serdy","Yongmin"
"Sales",421540,"Ranon","Annemarie"
"Sales",421551,"Hebden","Perla"
"Sales",421824,"Sichman","Hausi"
"Sales",421905,"Uhrik","Moto"
"Sales",422105,"Zykh","Yongdong"
"Sales",422139,"Streit","Sachar"
"Sales",422258,"Ramsay","Moni"
"Sales",422265,"Muhling","Moni"
"Sales",422387,"Tanemo","Hatsukazu"
"Sales",422413,"Kalafatis","Bikash"
"Sales",422433,"Rusmann","Yefim"
"Sales",422452,"Krzyzanowski","Phule"
"Sales",422455,"Klyachko","Zhiguo"
"Sales",422540,"Etalle","Turgut"
"Sales",422760,"Krider","Heon"
"Sales",422766,"Toyoshima","Zhensheng"
"Sales",422944,"Iwayama","Zhonghui"
"Sales",423070,"Kavvadias","Rafail"
"Sales",423118,"Fraisse","Gererd"
"Sales",423337,"Matzov","Isaac"
"Sales",423338,"Rosiles","Chuanti"
"Sales",423346,"Erbe","Koldo"
"Sales",423434,"Shackell","Uta"
"Sales",423437,"Perz","Berry"
"Sales",423448,"Calkin","Aleksandar"
"Sales",423465,"Swen","Guangming"
"Sales",423489,"Menhardt","Bingning"
"Sales",423523,"Munawer","Make"
"Sales",423546,"Scallan","Mara"
"Sales",423575,"Cooley","Youngkon"
"Sales",423807,"Rikino","Barry"
"Sales",423851,"Stenning","Xinglin"
"Sales",423915,"Bahi","Kersti"
"Sales",424125,"Levergood","Rutger"
"Sales",424231,"Chenoweth","Tzu"
"Sales",424252,"Bernardinello","Shirish"
"Sales",424266,"Sevcikova","Hercules"
"Sales",424277,"Schahn","Hatem"
"Sales",424320,"Cooke","JoAnna"
"Sales",424391,"Skogmar","Marc"
"Sales",424447,"Miake","Irene"
"Sales",424476,"Anandan","Spyrose"
"Sales",424480,"Baby","Horward"
"Sales",424508,"Peac","Bikash"
"Sales",424574,"Knightly","Shaowei"
"Sales",424593,"Serra","Mohammed"
"Sales",424665,"Vecchi","Hidde"
"Sales",424696,"Schnelling","Jacopo"
"Sales",424730,"Heusch","Hilari"
"Sales",424750,"Flanders","Huiqun"
"Sales",424774,"Brlek","Mitchel"
"Sales",424904,"Akiyama","Xiaoshan"
"Sales",424921,"Mikschl","Marco"
"Sales",424924,"Portugali","Urs"
"Sales",424939,"Birge","Berna"
"Sales",424995,"Bale","Jouni"
"Sales",425004,"Flowers","Nishit"
"Sales",425065,"Borovoy","Berna"
"Sales",425079,"Zielinski","Huican"
"Sales",425282,"Viele","Mechthild"
"Sales",425334,"Bugaenko","Shao"
"Sales",425338,"Lorcy","Turgut"
"Sales",425440,"Pews","Yolla"
"Sales",425473,"Cappelli","Giao"
"Sales",425572,"Denis","Aloys"
"Sales",425580,"Salinas","Zito"
"Sales",425588,"Schaar","Vishv"
"Sales",425590,"Bernardeschi","Yongmin"
"Sales",425708,"Greenaway","Taegyun"
"Sales",425807,"Perly","Chenxi"
"Sales",425819,"Oberman","Muzhong"
"Sales",425851,"Rusmann","Rafael"
"Sales",425895,"Pintelas","Goh"
"Sales",425899,"Goldhammer","Olivera"
"Sales",425935,"Homond","Lansing"
"Sales",425960,"Terkki","Elliott"
"Sales",426039,"Snyers","Fabrizio"
"Sales",426156,"Toyoshima","Tommaso"
"Sales",426232,"Ligten","Sanjay"
"Sales",426272,"Worfolk","Rayond"
"Sales",426296,"Tempesti","Djelloul"
"Sales",426339,"Showalter","Kiam"
"Sales",426379,"Seiwald","Susanne"
"Sales",426426,"Ponthieu","Mong"
"Sales",426459,"Sherertz","Shigehito"
"Sales",426511,"Polupanov","Oddvar"
"Sales",426577,"Syrzycki","Isamu"
"Sales",426596,"Conti","Fox"
"Sales",426813,"Dulli","Guther"
"Sales",426824,"Mawatari","Gopalakrishnan"
"Sales",426840,"Luby","Cathie"
"Sales",426885,"Kroft","Oguz"
"Sales",427197,"Varker","Collette"
"Sales",427221,"Etalle","Goncalo"
"Sales",427365,"Sethi","Yuping"
"Sales",427436,"Angiulli","Annemarie"
"Sales",427465,"Huhdanpaa","Uri"
"Sales",427472,"Pfau","Kristina"
"Sales",427482,"Pollacia","Stamatina"
"Sales",427626,"Validov","Arco"
"Sales",427982,"Jumpertz","Froduald"
"Sales",428008,"Fasbender","Gao"
"Sales",428029,"Narlikar","Toshiko"
"Sales",428036,"Talmon","Petter"
"Sales",428047,"Baek","Feixiong"
"Sales",428090,"Ramamoorthy","Zhilian"
"Sales",428096,"Brodie","Diederik"
"Sales",428550,"Koyama","Masako"
"Sales",428565,"Mondadori","Huican"
"Sales",428875,"Murtha","Pintsang"
"Sales",428893,"Speckmann","Ranga"
"Sales",428930,"Pelc","Herb"
"Sales",428958,"Rijckaert","Huei"
"Sales",429131,"Rahimi","Shimshon"
"Sales",429207,"Slutz","Weiye"
"Sales",429231,"Schmiedel","Kazuyasu"
"Sales",429273,"Lund","Jaroslava"
"Sales",429285,"Slutz","Aamod"
"Sales",429339,"Peyn","Vishv"
"Sales",429352,"Ramalingam","Heng"
"Sales",429367,"Schlenzig","Kiyomitsu"
"Sales",429390,"Kopetz","Leszek"
"Sales",429404,"Tischendorf","Lillian"
"Sales",429423,"Servi","Mabhin"
"Sales",429459,"Langford","Nimmagadda"
"Sales",429492,"Jonsson","Kensyu"
"Sales",429589,"Szemeredi","Janche"
"Sales",431004,"Syang","Horward"
"Sales",431043,"Maraist","Mayuri"
"Sales",431884,"Sullins","Sreenivas"
"Sales",431903,"Dulin","Shounak"
"Sales",431972,"Sankaranarayanan","Akeel"
"Sales",432224,"Bernick","Kellyn"
"Sales",432239,"Jayawardene","Ute"
"Sales",432274,"Peac","Jiang"
"Sales",432487,"Portugali","Guangming"
"Sales",432544,"Serdy","Pradeep"
"Sales",432627,"Usdin","Jamaludin"
"Sales",432814,"Gecsei","Tuval"
"Sales",432821,"Nyanchama","Sugwoo"
"Sales",432859,"Massonet","Guther"
"Sales",432876,"Rijsenbrij","Neelam"
"Sales",432898,"Holburn","Fumitaka"
"Sales",432944,"Plumb","Radhakrishnan"
"Sales",433077,"Mungall","Zongyan"
"Sales",433081,"Wossner","Weicheng"
"Sales",433090,"Linares","Badri"
"Sales",433133,"Brodie","Feipei"
"Sales",433984,"Melski","Tomokazu"
"Sales",434009,"Kermarrec","Marek"
"Sales",434048,"Magliocco","Xuejun"
"Sales",434098,"Kuzuoka","Martien"
"Sales",434099,"Kushner","Taizo"
"Sales",434119,"Uehara","Florian"
"Sales",434131,"Kriebel","Sachem"
"Sales",434354,"Falck","Fumino"
"Sales",434359,"Zultner","Udi"
"Sales",434366,"Brookner","Oldrich"
"Sales",434372,"Henseler","Jaewoo"
"Sales",434387,"Decleir","Lijie"
"Sales",434447,"Rosen","Irene"
"Sales",434458,"Stellhorn","Mari"
"Sales",434460,"Hebden","Dines"
"Sales",434758,"Tzvieli","Alair"
"Sales",434812,"Yoshimura","Vishwani"
"Sales",435657,"Przulj","Hyuckchul"
"Sales",435677,"Eickenmeyer","Keung"
"Sales",435688,"Bade","Zine"
"Sales",436028,"Bratten","Boaz"
"Sales",436038,"Mungall","Jeanne"
"Sales",436042,"Molberg","Fumitaka"
"Sales",436060,"Angelopoulos","Mitsuyuki"
"Sales",436080,"Erdi","Ebru"
"Sales",436085,"Akazan","Jiann"
"Sales",436087,"Perz","Christoph"
"Sales",436141,"Decleir","Guoxiang"
"Sales",436148,"Cairo","Basant"
"Sales",436208,"Parhami","Chiradeep"
"Sales",436228,"Chiola","Aemilian"
"Sales",436524,"Manderick","Georgi"
"Sales",436606,"Versino","Gennadi"
"Sales",436661,"Mitzlaff","Goa"
"Sales",436675,"Mayerwieser","Hein"
"Sales",436687,"Piveteau","Younwoo"
"Sales",436764,"Masand","Ger"
"Sales",436770,"Hellwagner","Mitchel"
"Sales",436811,"Gubsky","Mechthild"
"Sales",437002,"Dichev","Zsolt"
"Sales",437004,"DiGiano","Pascal"
"Sales",437039,"Godskesen","Kaijung"
"Sales",437119,"Muhlberg","Gaurav"
"Sales",437140,"Kornyak","Mansur"
"Sales",437146,"Trelles","Ymte"
"Sales",437184,"Kabayashi","Jeane"
"Sales",437279,"Botman","Zsolt"
"Sales",437295,"Solovay","Shao"
"Sales",437511,"Feldmann","Sariel"
"Sales",437542,"Czaja","Radhakrishnan"
"Sales",437547,"Redmiles","Shan"
"Sales",437606,"Jakobus","Manu"
"Sales",437627,"Chinen","Pranav"
"Sales",437660,"Polajnar","Youngkon"
"Sales",437849,"Erbe","Elrique"
"Sales",437869,"McAffer","Marc"
"Sales",437924,"Slaats","Yurij"
"Sales",438315,"Couchot","Christfried"
"Sales",438326,"Perna","Dannz"
"Sales",438621,"Perry","Kayoko"
"Sales",438694,"Leaver","Amalendu"
"Sales",438793,"Heystek","Jingling"
"Sales",438806,"Stroustrup","Morris"
"Sales",439347,"Raney","Spyrose"
"Sales",439354,"Lorys","Xinan"
"Sales",439481,"Unno","Suvo"
"Sales",439688,"Rajaraman","Uma"
"Sales",439737,"Benveniste","Sanjeeva"
"Sales",439738,"Rijsenbrij","Dinkar"
"Sales",439759,"Takkinen","Piyawadee"
"Sales",440073,"Azadmanesh","Sachio"
"Sales",440208,"Katiyar","Piyawadee"
"Sales",440352,"Ghalwash","Tianruo"
"Sales",440357,"Sidou","Eberhardt"
"Sales",440409,"Axelband","Pranav"
"Sales",440460,"Menyhert","Munehiko"
"Sales",440471,"Morris","Berni"
"Sales",440480,"Luders","Stepehn"
"Sales",440557,"Stifter","Dharmaraja"
"Sales",440628,"Rodiger","Denis"
"Sales",440640,"Vieri","Xiaoqiang"
"Sales",440790,"Sewelson","Zine"
"Sales",440804,"Harllee","Fumiko"
"Sales",440805,"Ritcey","Uri"
"Sales",440813,"Cullers","Arco"
"Sales",440823,"Kusakari","Kauko"
"Sales",440832,"Guardalben","Abdulla"
"Sales",440843,"Weedon","Sergi"
"Sales",441013,"Rande","Satoru"
"Sales",441034,"Merle","Kayoko"
"Sales",441080,"DuBourdieux","Constantijn"
"Sales",441141,"Tsunoo","Tadanori"
"Sales",441280,"Stanger","Mohd"
"Sales",441298,"Peck","Fai"
"Sales",441394,"Iivonen","Nimmagadda"
"Sales",441528,"Middleton","Chenxi"
"Sales",441567,"Fraisse","Zhenhua"
"Sales",441683,"Andreotta","Sanjai"
"Sales",441688,"Schwaller","Jayesh"
"Sales",441803,"Narlikar","Gudjon"
"Sales",441807,"Gruenwald","Seshu"
"Sales",441836,"Francisci","Mayuri"
"Sales",441839,"Christ","Froduald"
"Sales",441960,"Hopewell","Manohar"
"Sales",441971,"Talmor","Lenore"
"Sales",442070,"Otillio","Rutger"
"Sales",442090,"Smeets","Aluzio"
"Sales",442119,"Sudkamp","Siddarth"
"Sales",442122,"Cools","Junsik"
"Sales",442133,"Angel","Bernd"
"Sales",442155,"Gubsky","Luisa"
"Sales",442162,"Claffy","Tadahiro"
"Sales",442178,"Bednarek","Saddek"
"Sales",442245,"Ernst","Godehard"
"Sales",442301,"Bondorf","Tse"
"Sales",442385,"Dolinsky","Fumiya"
"Sales",442391,"Schaft","Jouni"
"Sales",442454,"Strandh","Jeanna"
"Sales",442467,"Sridhar","Christoph"
"Sales",442471,"Setia","Uzi"
"Sales",442511,"Gunderson","Huican"
"Sales",442521,"Demos","Marke"
"Sales",442530,"Otillio","Vincent"
"Sales",442540,"Stroustrup","Leaf"
"Sales",442559,"Angot","Jaana"
"Sales",442583,"Sridhar","Vitali"
"Sales",442671,"Ushiama","Marie"
"Sales",442675,"Rullman","Leif"
"Sales",442718,"Crouzet","Tsz"
"Sales",442766,"Lienhardt","KayLiang"
"Sales",443404,"Feldhoffer","Xiaoheng"
"Sales",443434,"Busillo","Duke"
"Sales",443457,"Demke","Kazuhisa"
"Sales",443525,"Kushnir","Howell"
"Sales",443537,"Zaiane","Chenxi"
"Sales",443569,"Hiyoshi","Haldun"
"Sales",443571,"Garrabrants","Siddarth"
"Sales",443601,"Liesche","Prasadram"
"Sales",443670,"Erol","Premal"
"Sales",443741,"Snedden","Eirik"
"Sales",443767,"Borstler","Owen"
"Sales",443821,"Pesch","Bogdan"
"Sales",443838,"McClure","Rimon"
"Sales",443856,"Zlotek","Adel"
"Sales",443881,"Delgrande","Vishwani"
"Sales",443894,"Prochazka","Geraldo"
"Sales",443960,"Ligten","Shigehito"
"Sales",444030,"Denos","Denny"
"Sales",444033,"Griswold","Sakthirel"
"Sales",444064,"Garrabrants","Shichao"
"Sales",444108,"McClure","Ung"
"Sales",444138,"Birch","Stamatina"
"Sales",444139,"Kawashimo","Mizuhito"
"Sales",444169,"Marrakchi","Kristine"
"Sales",444894,"Chleq","Jacqueline"
"Sales",444913,"Theuretzbacher","Hongzhu"
"Sales",444922,"Naudin","Jordanka"
"Sales",444965,"Asmuth","Sariel"
"Sales",445019,"Schicker","Joydip"
"Sales",445023,"Dredge","Tadahiro"
"Sales",445027,"Rissland","Peternela"
"Sales",445227,"Parveen","Ramya"
"Sales",445238,"Impagliazzo","Huiqun"
"Sales",445407,"Birsak","Martial"
"Sales",445422,"Speek","Patricia"
"Sales",445628,"Krone","Fumiko"
"Sales",445644,"Sevcikova","Temple"
"Sales",445654,"Hertweck","Shietung"
"Sales",445668,"Guenter","Hidde"
"Sales",445683,"Gilg","Ziyad"
"Sales",446925,"Jansen","Kiyokazu"
"Sales",446953,"Remmele","Serge"
"Sales",447647,"Orlowska","Xiahua"
"Sales",447651,"Ranst","Adit"
"Sales",447683,"Gente","Hidefumi"
"Sales",447987,"Rebaine","Eldridge"
"Sales",447991,"Orlowski","Fumitaka"
"Sales",447996,"Brookner","Ortrun"
"Sales",448215,"Gruenwald","Sudhanshu"
"Sales",448294,"Kuszyk","Arco"
"Sales",448333,"Sluis","Charlene"
"Sales",448353,"Spelt","Bangqing"
"Sales",448482,"Lodder","Henk"
"Sales",448518,"Beilner","Sanjit"
"Sales",448799,"Socorro","Shahab"
"Sales",448821,"Bauknecht","Vitali"
"Sales",448841,"Angelov","Berni"
"Sales",448849,"Ozery","Tadahiro"
"Sales",448865,"Holburn","Kiyotoshi"
"Sales",449091,"Parascandalo","Van"
"Sales",449152,"Hegner","Uriel"
"Sales",449189,"Bernatsky","Jahangir"
"Sales",449205,"Karnin","Shigehito"
"Sales",449953,"Dusink","Gay"
"Sales",449968,"Feinberg","Gilbert"
"Sales",449983,"Rouquie","Arnould"
"Sales",450004,"Atchley","Wayne"
"Sales",450033,"Stille","Xiping"
"Sales",450044,"Broder","Steen"
"Sales",450606,"Trystram","Phillip"
"Sales",450647,"Improta","King"
"Sales",450661,"Schicker","Ramachenga"
"Sales",450683,"Genther","Kayoko"
"Sales",450704,"Warwick","Kasidit"
"Sales",452109,"Ghalwash","IEEE"
"Sales",452206,"Esposito","Arra"
"Sales",452221,"Hainaut","Xinyu"
"Sales",452312,"Portugali","Kaijung"
"Sales",452347,"Brattka","Shigeichiro"
"Sales",452408,"Narwekar","Pohua"
"Sales",452418,"Bale","Jeong"
"Sales",452419,"Basart","Pradeep"
"Sales",452437,"Ghemri","Sudharsan"
"Sales",452468,"Servieres","Ronghao"
"Sales",452537,"Salinas","Alassane"
"Sales",452554,"Feldhoffer","Kolar"
"Sales",452559,"Chinal","Tadahiro"
"Sales",452579,"Azulay","Zhanqiu"
"Sales",452751,"Erie","JiYoung"
"Sales",452752,"Beausoleil","Jaroslava"
"Sales",452759,"Uehara","Kazuhide"
"Sales",452764,"Chenoweth","Kousuke"
"Sales",452815,"Menyhert","Mang"
"Sales",452968,"Bugaenko","Adin"
"Sales",453004,"Vakili","Kwun"
"Sales",453133,"Terekhov","Mani"
"Sales",453168,"Kavanagh","Cedric"
"Sales",453169,"Benner","Chikara"
"Sales",453213,"Skrikant","Shahid"
"Sales",453231,"Morrey","Hairong"
"Sales",453240,"Bolsens","Stepehn"
"Sales",453249,"Varley","Rimli"
"Sales",453297,"Domenig","Piyush"
"Sales",453445,"Bernardeschi","Anneli"
"Sales",453452,"Codenie","Shir"
"Sales",453545,"Marquardt","Ayonca"
"Sales",453555,"Zizka","Mari"
"Sales",453674,"Veevers","Yucai"
"Sales",453699,"Nyrup","Shigeo"
"Sales",453751,"Pearson","Ekawit"
"Sales",453811,"Shimshoni","Mountaz"
"Sales",453835,"Pollacia","Tomofumi"
"Sales",453952,"Callaway","Constantino"
"Sales",453999,"Bernini","Yinlin"
"Sales",454023,"Sigstam","Mohd"
"Sales",454061,"Selvestrel","Maren"
"Sales",454081,"Angiulli","Paddy"
"Sales",454122,"Thiria","Jongsuk"
"Sales",454177,"Vrecion","Kwangyoen"
"Sales",454226,"Luca","Takahira"
"Sales",454269,"Benner","Francoise"
"Sales",454317,"Veldwijk","Jianwen"
"Sales",454341,"Baezner","Jeong"
"Sales",454353,"Sudbeck","Shaowen"
"Sales",454429,"Negoita","Van"
"Sales",454538,"Arlazarov","Paddy"
"Sales",454743,"Siprelle","Neelam"
"Sales",454773,"Thiria","Cordelia"
"Sales",454785,"Babb","Aemilian"
"Sales",454807,"Turnbull","Shichao"
"Sales",454874,"Stranks","Chriss"
"Sales",454908,"Qiwen","Valter"
"Sales",454924,"Veeraraghavan","Alselm"
"Sales",454937,"Trogemann","Bader"
"Sales",454952,"Kroft","Martijn"
"Sales",455024,"Munck","Reinhold"
"Sales",455275,"Camarinopoulos","Halsur"
"Sales",455294,"Mayerwieser","Cedric"
"Sales",455320,"Suomi","Jacopo"
"Sales",455327,"Murtagh","Shaunak"
"Sales",455360,"Morrin","Arvin"
"Sales",455390,"Suwa","Karsten"
"Sales",455394,"Escriba","Temple"
"Sales",455455,"Mahnke","Mahmut"
"Sales",455524,"Granlund","Bilhanan"
"Sales",455527,"Birjandi","Arnd"
"Sales",455603,"Borstler","Berhard"
"Sales",455700,"Rettelbach","Qiwen"
"Sales",455708,"Ramsey","Uriel"
"Sales",455723,"Jullig","Tze"
"Sales",455726,"Kriebel","Qiwen"
"Sales",455912,"Alencar","Guther"
"Sales",455926,"Rattan","Kamakshi"
"Sales",455943,"Dredge","Otmar"
"Sales",455977,"Beidas","Sanjay"
"Sales",456052,"Rosaz","Ishfaq"
"Sales",456079,"Kalefeld","Ayakannu"
"Sales",456099,"Pargas","Shietung"
"Sales",456113,"Holburn","JoAnne"
"Sales",456139,"Fontan","Filipe"
"Sales",456185,"Shrader","Troy"
"Sales",456186,"Rodier","Eran"
"Sales",456204,"Zschoche","Leif"
"Sales",456287,"Gill","Atreye"
"Sales",456351,"Schaar","Minghong"
"Sales",456354,"Engberts","Moty"
"Sales",456582,"Schwabacher","Martins"
"Sales",456647,"Hiltgen","Arvin"
"Sales",456661,"Rossi","Phillip"
"Sales",456709,"Constantine","Cristinel"
"Sales",456771,"Munoz","Divine"
"Sales",456897,"Conti","Debaprosad"
"Sales",457099,"Theuretzbacher","Zito"
"Sales",457124,"Thombley","Jaihie"
"Sales",457140,"Zykh","Shahid"
"Sales",457229,"Peternell","Souichi"
"Sales",457428,"Hebden","Moriyoshi"
"Sales",457432,"Gihr","Rildo"
"Sales",457433,"McAffer","Masato"
"Sales",457487,"Valtorta","Padma"
"Sales",457532,"Kalafatis","Sanjoy"
"Sales",457577,"Rosay","Adin"
"Sales",457729,"Henseler","Aamer"
"Sales",457864,"Copas","Soenke"
"Sales",457875,"Krone","Shaz"
"Sales",457928,"Daescu","Tran"
"Sales",458048,"Onuegbe","Hugo"
"Sales",458222,"Kavvadias","Djenana"
"Sales",458302,"Esposito","Poorav"
"Sales",458543,"Ebeling","Mantis"
"Sales",458562,"Perri","Candida"
"Sales",458599,"Rossi","Adam"
"Sales",458632,"Keohane","Younwoo"
"Sales",458635,"Hofting","Gaurav"
"Sales",458640,"Ramamoorthy","Pramod"
"Sales",458678,"Rohrbach","Narain"
"Sales",458694,"Schach","Marie"
"Sales",458695,"Schreiter","Dmitry"
"Sales",458729,"Parhami","Piyawadee"
"Sales",458884,"Kenevan","Takahira"
"Sales",459303,"Tchuente","Kensei"
"Sales",459319,"Gill","Thodoros"
"Sales",459320,"Breugel","Zeydy"
"Sales",459338,"Bail","Yuuichi"
"Sales",459341,"Masada","Mircea"
"Sales",459364,"Linnainmaa","Nechama"
"Sales",459479,"Pettis","Bingning"
"Sales",459539,"Morrey","Niteen"
"Sales",459601,"Hoogerwoord","Baruch"
"Sales",459608,"Randi","Matk"
"Sales",459617,"Pollacia","Sangeeta"
"Sales",459637,"Weiland","Marsja"
"Sales",459650,"Pepe","Przemyslawa"
"Sales",459692,"Flasterstein","Kyoichi"
"Sales",459741,"Perin","Kaijung"
"Sales",459771,"Nittel","Martine"
"Sales",459827,"Msuda","Suzette"
"Sales",459855,"Mansanne","Karlis"
"Sales",459893,"Skogmar","Fumiko"
"Sales",460439,"England","Abdelwaheb"
"Sales",460500,"Neimat","Dines"
"Sales",460521,"Erde","Manu"
"Sales",460584,"Selenyi","IEEE"
"Sales",460589,"Encarnacion","Takanari"
"Sales",460967,"Baalen","Moty"
"Sales",461011,"Baak","Kensyu"
"Sales",461013,"Schrooten","Aamod"
"Sales",461019,"Glinert","Aram"
"Sales",461088,"Bahi","Hyuncheol"
"Sales",461093,"Dredge","Adas"
"Sales",461174,"Tagansky","Brewster"
"Sales",461178,"Verhoeff","Masasuke"
"Sales",461196,"Kinley","Huan"
"Sales",461210,"Chleq","Kish"
"Sales",461237,"Stifter","Subhada"
"Sales",461243,"Vuskovic","Martins"
"Sales",461431,"Potthoff","Zhenbing"
"Sales",461454,"Janocha","Jessie"
"Sales",461482,"Pollock","IEEE"
"Sales",461499,"Kitsuregawa","Ashish"
"Sales",461532,"Reinhard","Hongzue"
"Sales",461534,"Marrevee","Maya"
"Sales",461549,"Jumpertz","Khatoun"
"Sales",461588,"Cannard","Martijn"
"Sales",461606,"Pocchiola","Sibyl"
"Sales",461615,"Borovoy","Flemming"
"Sales",461616,"Middleton","Shin"
"Sales",461798,"Fandrianto","Gou"
"Sales",461839,"Reghbati","Syozo"
"Sales",461858,"Lipner","Mohammed"
"Sales",461874,"Lindqvist","Nevio"
"Sales",462109,"Yeung","Danil"
"Sales",462112,"Usdin","Kaijung"
"Sales",462169,"Wallrath","Gregory"
"Sales",462192,"Conte","Lubomir"
"Sales",462216,"Kusakabe","Janche"
"Sales",463605,"Vuskovic","Heping"
"Sales",463838,"Nourani","Danco"
"Sales",463846,"Bondorf","Anneli"
"Sales",463996,"Ballarin","Przemyslawa"
"Sales",464040,"Kavraki","Hyuncheol"
"Sales",464088,"Setia","Sushant"
"Sales",464116,"Swan","Jungsoon"
"Sales",464126,"Steenbeek","Zengping"
"Sales",464175,"Melichar","Randy"
"Sales",464189,"Chenoweth","Sachem"
"Sales",464191,"Duclos","Gila"
"Sales",464200,"Foong","Junichi"
"Sales",464247,"Remmele","JoAnna"
"Sales",464389,"Wilfing","Khaled"
"Sales",464396,"Cools","Weiru"
"Sales",464398,"Carrera","Yinlin"
"Sales",464422,"Kirkerud","Utpal"
"Sales",464471,"Narwekar","Chaoyi"
"Sales",464528,"Egerstedt","Katsuyuki"
"Sales",464550,"Lamparter","Xuedong"
"Sales",464557,"Demizu","Moie"
"Sales",464622,"Liesche","Minghong"
"Sales",464645,"Zweizig","Thanasis"
"Sales",464657,"Baba","Martine"
"Sales",464665,"Beausoleil","Seongbin"
"Sales",464675,"Foote","Evgueni"
"Sales",464682,"Plessier","Mohit"
"Sales",464708,"Bierman","Taizo"
"Sales",464783,"Birge","Billie"
"Sales",464786,"Ranai","Reuven"
"Sales",464811,"Bahl","Achilleas"
"Sales",464844,"Biros","Shuji"
"Sales",464848,"Spieker","Anestis"
"Sales",464883,"Przulj","Steve"
"Sales",464942,"Alpin","Shiv"
"Sales",465029,"Zumaque","Heejo"
"Sales",465042,"Zyda","Genki"
"Sales",465133,"Shimshoni","Shigeaki"
"Sales",465193,"Falster","Dannz"
"Sales",465212,"Keustermans","Arie"
"Sales",465265,"Asser","Marl"
"Sales",465469,"Terwilliger","Xianlong"
"Sales",465474,"Lindenbaum","Boguslaw"
"Sales",465484,"Barriga","Udo"
"Sales",465569,"Sichman","Eishiro"
"Sales",465609,"England","Insup"
"Sales",465662,"Simkin","Unal"
"Sales",465706,"Cochrane","Serif"
"Sales",465741,"Malinowski","Mitsuyuki"
"Sales",465764,"Asser","Moriyoshi"
"Sales",465833,"Morrow","Tetsurou"
"Sales",465889,"Melichar","Zejun"
"Sales",465958,"Underwood","Jianhao"
"Sales",465990,"Sessa","Deborah"
"Sales",465999,"Kusakari","Nahla"
"Sales",466035,"Wiegley","Mantis"
"Sales",466058,"Murtha","Zhonghui"
"Sales",466101,"Kropp","Manibrata"
"Sales",466102,"Gerlach","Filipe"
"Sales",466119,"Moehrke","Chikako"
"Sales",466126,"Peral","Manu"
"Sales",466155,"Rathonyi","Masami"
"Sales",466189,"Shanbhogue","Weiwu"
"Sales",466292,"Assaf","Shimshon"
"Sales",466365,"Slaats","KayLiang"
"Sales",466420,"Denti","Shem"
"Sales",466481,"McClurg","Petter"
"Sales",466487,"Strooper","Makato"
"Sales",466497,"Siochi","Fumiko"
"Sales",466499,"Jiang","Arif"
"Sales",466617,"Vanwelkenhuysen","Chanjung"
"Sales",466629,"Marchegay","Hailing"
"Sales",466643,"Liesche","Dinkar"
"Sales",466657,"Brobst","Uriel"
"Sales",466735,"Auyong","Hsiangchu"
"Sales",466774,"Legleitner","Perry"
"Sales",466857,"Pollock","Gudjon"
"Sales",466894,"Langford","Eran"
"Sales",466912,"Basart","Youpyo"
"Sales",466943,"Angelov","Mayuri"
"Sales",466987,"Mungall","Gopalakrishnan"
"Sales",467037,"Neiman","Georgy"
"Sales",467129,"Reinhard","Richara"
"Sales",467246,"Portugali","Mack"
"Sales",467294,"Fandrianto","Conal"
"Sales",467339,"Rahimi","Hongzhu"
"Sales",467520,"Onuegbe","Xianlong"
"Sales",467528,"Fandrianto","Suvo"
"Sales",467593,"Reghbati","Mayuko"
"Sales",467633,"Pelc","Qiwen"
"Sales",467634,"Veccia","Kwan"
"Sales",467705,"Fendler","Jayesh"
"Sales",467719,"Reutenauer","Katsuo"
"Sales",467729,"Ranta","Fabrizio"
"Sales",467758,"Kilgore","Yishai"
"Sales",467784,"Rosti","Feipei"
"Sales",467829,"Provine","Bernardo"
"Sales",467923,"Setiz","Nathan"
"Sales",468034,"Leivant","Elvia"
"Sales",468088,"Quadeer","Xiaoqiu"
"Sales",468139,"Solovay","Hisao"
"Sales",468142,"Cappelli","Arun"
"Sales",468173,"Auyong","Martins"
"Sales",468175,"Ranft","Girolamo"
"Sales",468192,"Unni","Yongmin"
"Sales",468296,"Bardell","Shan"
"Sales",468363,"Ramsak","Shigehiro"
"Sales",468442,"Schwaller","Kwee"
"Sales",468524,"Bellone","Geraldo"
"Sales",468568,"Ozeri","Hinrich"
"Sales",468632,"Genin","Nobuyoshi"
"Sales",468670,"Tischendorf","Xiaoqiang"
"Sales",468701,"Vickson","Tayeb"
"Sales",468750,"Schonegge","Toshimori"
"Sales",468753,"Peek","Magy"
"Sales",468917,"Swick","Limsoon"
"Sales",468939,"Chelton","Chrisa"
"Sales",468966,"Bugrara","Sanjiv"
"Sales",468967,"Stamatiou","Shan"
"Sales",469049,"Onuegbe","Yunming"
"Sales",469092,"Himler","Haldun"
"Sales",469093,"Carrera","Shakhar"
"Sales",469129,"Pouyioutas","Maik"
"Sales",469232,"Zambonelli","Prodip"
"Sales",469301,"Vrecion","Macha"
"Sales",469310,"Kragelund","Akeel"
"Sales",469356,"Calkin","Pranjal"
"Sales",469372,"Schieder","Qunsheng"
"Sales",469384,"Nivat","Shahab"
"Sales",469430,"Rahimi","Chenxi"
"Sales",469568,"Vieri","Jeane"
"Sales",469575,"Collavizza","Mircea"
"Sales",469581,"Yoshizawa","Sudharsan"
"Sales",469682,"Rosch","Akemi"
"Sales",469684,"Olano","Arie"
"Sales",469694,"Pocchiola","Marlo"
"Sales",469698,"Badr","Berto"
"Sales",469699,"Rothe","Xuejia"
"Sales",469888,"Yeung","Susanne"
"Sales",469938,"Stroustrup","Martial"
"Sales",469939,"Matzke","Marsal"
"Sales",470024,"Gerlach","Angel"
"Sales",470042,"Rajcani","Kwangyoen"
"Sales",470074,"Veevers","Chiranjit"
"Sales",470100,"Bisiani","Muneo"
"Sales",470158,"Ramaiah","Danel"
"Sales",470219,"Schlumberger","Chikako"
"Sales",470227,"Porotnikoff","Mamdouh"
"Sales",470282,"Varley","Tayeb"
"Sales",470290,"Egerstedt","Boriana"
"Sales",470354,"Oberman","Kazuhisa"
"Sales",470388,"Chaudhuri","Chirstian"
"Sales",470392,"Lubachevsky","Guadalupe"
"Sales",470439,"Gajiwala","Shunichi"
"Sales",470466,"Yetto","Ger"
"Sales",470485,"Parascandalo","Gor"
"Sales",470498,"Garnick","Yishay"
"Sales",470520,"McFarlan","Sham"
"Sales",470527,"Gruenwald","Gadiel"
"Sales",470557,"Miculan","Rafael"
"Sales",470576,"Malinowski","Jianhui"
"Sales",470588,"Schneeberger","Niranjan"
"Sales",470642,"Teitelbaum","Lein"
"Sales",470691,"DasSarma","Akeel"
"Sales",470692,"Jumpertz","Aloys"
"Sales",470695,"Lenart","Fox"
"Sales",470725,"Egerstedt","Remmert"
"Sales",470743,"Cairo","Tesuro"
"Sales",470802,"Birch","Przemyslawa"
"Sales",470941,"Klyachko","Shaleah"
"Sales",470953,"Gubsky","Serge"
"Sales",471195,"Champarnaud","Moto"
"Sales",471211,"Thisen","Goa"
"Sales",471273,"Herath","Ibibia"
"Sales",471526,"Meriste","Selwyn"
"Sales",471530,"Lukaszewicz","Masoud"
"Sales",471566,"Shackel","Urs"
"Sales",471806,"Mondadori","Rajmohan"
"Sales",471948,"Perng","Debaprosad"
"Sales",471952,"Montresor","Guoxiang"
"Sales",471957,"DuCasse","Christophe"
"Sales",472032,"Genther","Woody"
"Sales",472068,"Farrel","Pranay"
"Sales",472313,"Jiang","Kristine"
"Sales",472334,"Farrow","Tooru"
"Sales",472346,"Coorg","Subhada"
"Sales",472398,"Marwedel","Kensyu"
"Sales",472425,"Tzvieli","Elgin"
"Sales",472430,"Pellegrinelli","Lalit"
"Sales",473385,"Vesel","Collette"
"Sales",473436,"Backhouse","Hsiangchu"
"Sales",473726,"Krohn","Kokou"
"Sales",473736,"Isard","Krister"
"Sales",473792,"Dayana","Zine"
"Sales",474329,"Paciorek","Valter"
"Sales",474361,"Vilarrasa","Danel"
"Sales",474364,"Mawatari","Gad"
"Sales",474403,"Waschkowski","Pasqua"
"Sales",474424,"Ramamoorthy","Greger"
"Sales",474470,"Emmerich","Almudena"
"Sales",474688,"Harnett","Mariangiola"
"Sales",474718,"Senzako","Weijing"
"Sales",474770,"Schaad","Mabry"
"Sales",255733,"Piazza","Herb"
"Sales",287087,"Zultner","Takahira"
"Sales",261769,"Litzler","Shen"
"Sales",81887,"Ghandeharizadeh","Gio"
"Sales",287122,"Gruenwald","Nahum"
"Sales",287123,"Benaini","Marko"
"Sales",287126,"VanScheik","Amalendu"
"Sales",287135,"Nitta","Mohd"
"Sales",287136,"Granlund","Shakhar"
"Sales",287166,"Ladret","Tesuya"
"Sales",287208,"Kenevan","Gurbir"
"Sales",287242,"Gewali","Mong"
"Sales",287264,"Viele","Mara"
"Sales",81794,"Kaiser","Kenroku"
"Sales",287323,"Dengi","Steve"
"Sales",287364,"Conta","Qingxiang"
"Sales",423052,"Condotta","Xumin"
"Sales",287428,"Tiemann","Niteen"
"Sales",287460,"Ossenbruggen","Sandeepan"
"Sales",261824,"Hebden","Muneo"
"Sales",81738,"Fritzsche","Mart"
"Sales",287518,"McConalogue","Chinhyun"
"Sales",287536,"Kushnir","Bedrich"
"Sales",287541,"Narlikar","Armond"
"Sales",423066,"Milicia","Rafael"
"Sales",287852,"Papadias","Basem"
"Sales",287872,"Kakkar","Indrajit"
"Sales",497399,"Kolinko","Gladys"
"Sales",287913,"Noriega","Abdelaziz"
"Sales",287943,"Boyle","Jaewoo"
"Sales",287947,"Anily","Wanqing"
"Sales",287950,"Taubenfeld","Vugranam"
"Sales",287967,"Gadepally","Yongdong"
"Sales",287977,"Luft","Guther"
"Sales",81638,"Kleiser","Karoline"
"Sales",497373,"Kuszyk","Ugo"
"Sales",261905,"Spinelli","Dzung"
"Sales",423093,"Kadhim","Dannz"
"Sales",288037,"Preusig","Terresa"
"Sales",497370,"Bultermann","Zvonko"
"Sales",81618,"Leppanen","Pantung"
"Sales",81603,"Zuberek","Suzette"
"Sales",288138,"Tetzlaff","Iara"
"Sales",288150,"Erdi","Ugo"
"Sales",423094,"Thambidurai","Goetz"
"Sales",288209,"Baez","Elvia"
"Sales",288210,"Taubman","Insup"
"Sales",423101,"Langford","Lenore"
"Sales",288298,"Werthner","Jolita"
"Sales",497358,"Shanbhogue","Ramzi"
"Sales",288319,"Kaminger","Srinidhi"
"Sales",288349,"Honiden","Anwar"
"Sales",288401,"Roison","Shigeaki"
"Sales",288439,"Cesareni","Toshimi"
"Sales",81583,"Schieder","Kwok"
"Sales",288461,"Madeira","Nathan"
"Sales",288482,"Gurbaxani","Khoa"
"Sales",262007,"Badache","Goh"
"Sales",288536,"Petersohn","Kamran"
"Sales",288556,"Bahi","Aluzio"
"Sales",288592,"Bhattacharjee","Jouko"
"Sales",81559,"Heping","Irena"
"Sales",288648,"Senzako","Narain"
"Sales",288684,"Papastamatiou","Gou"
"Sales",423125,"Gubsky","Mari"
"Sales",81507,"Huhdanpaa","Zhonghua"
"Sales",289144,"Lammel","Berto"
"Sales",289155,"Axelband","Mohammed"
"Sales",497289,"Schreiter","Sanjiv"
"Sales",289184,"Matzov","Naftaly"
"Sales",289213,"Veldwijk","Jolita"
"Sales",262208,"Holburn","Mrinalini"
"Sales",289259,"Jarecki","Fayez"
"Sales",290329,"Luks","Branimir"
"Sales",81353,"Krohm","Jixiang"
"Sales",290401,"Fetvedt","Satyanarayana"
"Sales",290428,"Flowers","Supot"
"Sales",81277,"Randt","Odoardo"
"Sales",262238,"Bazelow","Kayoko"
"Sales",497249,"Perin","Mingdong"
"Sales",290753,"Perri","Youssef"
"Sales",290757,"Legleitner","Eishiro"
"Sales",292162,"Rohrbach","Masaki"
"Sales",292179,"Baalen","Manton"
"Sales",292220,"Ouhyoung","Danny"
"Sales",81254,"Engberts","Jeanne"
"Sales",81247,"Demri","DeForest"
"Sales",292503,"Puoti","Atreye"
"Sales",81189,"Broomell","Serge"
"Sales",292517,"Fadgyas","Xumin"
"Sales",262331,"Bondorf","Steve"
"Sales",292614,"Perko","Mori"
"Sales",81139,"Leslie","Seongbin"
"Sales",495365,"Morris","Fox"
"Sales",81136,"Ruemmler","Gift"
"Sales",262452,"Krybus","Arvind"
"Sales",262469,"Schlumberger","Jacqueline"
"Sales",293367,"Langford","TRUE"
"Sales",293375,"Itzfeldt","Stella"
"Sales",293433,"Krohn","Reinhard"
"Sales",293435,"Lorch","Isaac"
"Sales",293443,"Randt","Basil"
"Sales",293449,"Schiettecatte","Zeydy"
"Sales",293463,"Gulik","Changho"
"Sales",293846,"Murthy","Kasidit"
"Sales",293904,"Rahier","Bernt"
"Sales",293930,"Deville","Branimir"
"Sales",293965,"Majewski","Jamaludin"
"Sales",293970,"Kleiser","Make"
"Sales",81022,"Demian","Aruna"
"Sales",81006,"Pagter","Atreye"
"Sales",262555,"Gist","Akeel"
"Sales",294197,"Greenaway","Mori"
"Sales",294222,"Conte","Kiyokazu"
"Sales",294239,"Acton","Divine"
"Sales",495321,"Cronin","Sreenivas"
"Sales",294283,"Yurov","Gita"
"Sales",294302,"Oskamp","Hongzue"
"Sales",296055,"Krichel","Jinya"
"Sales",80868,"Mitina","Bernice"
"Sales",262591,"Ramalingam","Vivian"
"Sales",80766,"Boyle","Tomofumi"
"Sales",296365,"Khalil","Angus"
"Sales",296377,"Parveen","Phillip"
"Sales",495297,"Portugali","Yuguang"
"Sales",296741,"Asser","Chuanti"
"Sales",296762,"Panienski","Faiza"
"Sales",296860,"Cooley","Jaihie"
"Sales",423194,"Speer","Aksel"
"Sales",296878,"Salinas","Ennio"
"Sales",296928,"Collette","Jianhua"
"Sales",296992,"Dayana","Naraig"
"Sales",297010,"Vecchio","Francesca"
"Sales",297013,"Wuwongse","Apostol"
"Sales",423195,"Koblick","Munehiko"
"Sales",80580,"Baumann","Froduald"
"Sales",262661,"Rodier","Mohamadou"
"Sales",297098,"Hofman","Fan"
"Sales",297099,"Jansen","Marko"
"Sales",80565,"Alpay","Ekawit"
"Sales",297146,"Randt","Odinaldo"
"Sales",297175,"Stellhorn","Kiyomitsu"
"Sales",297215,"Serdy","Nathalie"
"Sales",297219,"Itzfeldt","Rajmohan"
"Sales",297228,"Suermann","Hideyuki"
"Sales",297232,"Saoudi","Lokesh"
"Sales",297309,"Miculan","Sudharsan"
"Sales",297675,"Kavraki","Garnet"
"Sales",297690,"Murtagh","Yuguang"
"Sales",262717,"Matheson","Sivanarayana"
"Sales",262749,"Olano","Khue"
"Sales",262766,"Meszaros","Hauke"
"Sales",297882,"Straney","Candida"
"Sales",80354,"Kroll","Sham"
"Sales",495254,"Basagni","Shiv"
"Sales",262836,"Debuse","Gao"
"Sales",262848,"Chimia","Selwyn"
"Sales",80340,"Knightly","Licheng"
"Sales",262897,"Swiss","Neven"
"Sales",298390,"Angelopoulos","Guiseppe"
"Sales",262926,"Coombs","Margo"
"Sales",262945,"Rotem","Tesuro"
"Sales",298498,"Rassart","Jiafu"
"Sales",298676,"Bernini","Marjo"
"Sales",262970,"Eppinger","Ebru"
"Sales",263000,"Bale","Mayuko"
"Sales",298759,"Delgrossi","Pranas"
"Sales",80294,"Boudaillier","Siamak"
"Sales",263551,"Uhrik","KayLiang"
"Sales",263552,"Akazan","Fan"
"Sales",80191,"Alvarado","Bouchung"
"Sales",298937,"Birke","Sorina"
"Sales",298945,"Schahn","Henk"
"Sales",80115,"Erez","Rosalyn"
"Sales",298975,"Covnot","Saddek"
"Sales",299048,"Pettis","Denis"
"Sales",299090,"Gewali","Khun"
"Sales",299176,"Cooman","Lubomir"
"Sales",80030,"Kroll","Rance"
"Sales",299187,"Thiran","Kerhong"
"Sales",299212,"Gente","Yaghout"
"Sales",299217,"Sinicrope","Zhonghui"
"Sales",299248,"Ouhyoung","Huiqun"
"Sales",299287,"Ertl","Sumant"
"Sales",495239,"Krybus","Masami"
"Sales",299313,"Sadowski","Shuzo"
"Sales",299324,"Stasinski","King"
"Sales",299348,"Daescu","Zhenhua"
"Sales",478144,"Pusterhofer","Basem"
"Sales",495053,"Hatcliff","Yongdong"
"Sales",299373,"Lorcy","Utz"
"Sales",299442,"Schonegge","Laurentiu"
"Sales",299457,"Wrigley","Pramod"
"Sales",79850,"Passino","Yucai"
"Sales",299480,"Ernst","Armond"
"Sales",299675,"Lienhardt","Selwyn"
"Sales",299676,"Christ","Gadiel"
"Sales",263688,"Porenta","Qingxiang"
"Sales",299708,"Pehl","Ortrud"
"Sales",299720,"Falby","Rayond"
"Sales",495050,"Nations","Jagoda"
"Sales",495037,"Brender","Kiyotoshi"
"Sales",299808,"Weiland","Aleksandar"
"Sales",263884,"Piazza","Charlene"
"Sales",400027,"Rodier","Arve"
"Sales",400057,"Marquardt","Berthier"
"Sales",400086,"Muhlberg","Huican"
"Sales",79755,"Jervis","Ziva"
"Sales",400114,"Stasinski","George"
"Sales",400131,"Pappas","Masoud"
"Sales",400199,"Verspoor","Pohua"
"Sales",400214,"Casperson","Mona"
"Sales",400220,"Zwicker","Jagoda"
"Sales",263922,"Krzyzanowski","Radhia"
"Sales",400254,"Journel","Emdad"
"Sales",79698,"Tramer","Magy"
"Sales",79686,"Edelhoff","Petter"
"Sales",400328,"Bakhtari","Girolamo"
"Sales",400347,"Peot","Katsuo"
"Sales",79673,"Daescu","Jacqueline"
"Sales",423286,"Stifter","Aluzio"
"Sales",400370,"Quaggetto","Sanjay"
"Sales",79583,"Chelton","Serge"
"Sales",400486,"Leivant","Ortrun"
"Sales",495023,"Beutelspacher","Bangqing"
"Sales",400556,"Ozery","Marl"
"Sales",264010,"Shokrollahi","Christoph"
"Sales",400633,"Lueh","Takahito"
"Sales",400653,"Pettis","Mantis"
"Sales",400665,"Shihab","Sudhanshu"
"Sales",400797,"Bauknecht","Kristine"
"Sales",264062,"Bernardeschi","Bernd"
"Sales",400881,"Baby","Suebskul"
"Sales",264078,"Setia","Yinghua"
"Sales",401010,"Terkki","Richara"
"Sales",401016,"Tsukuda","Yongmao"
"Sales",79463,"Hennebert","Mizuhito"
"Sales",401033,"Kornatzky","Masato"
"Sales",79438,"Matzel","Abdelaziz"
"Sales",401073,"Candan","Marko"
"Sales",401076,"Hofmeyr","Zdislav"
"Sales",401086,"Linares","Lorien"
"Sales",401094,"Marchesini","Boaz"
"Sales",264095,"Lally","Vidya"
"Sales",79385,"Garnham","Feixiong"
"Sales",401163,"Garnick","Jouko"
"Sales",401447,"Grospietsch","Quingbo"
"Sales",401450,"Tchuente","Takahiro"
"Sales",401461,"Pepe","Dipankar"
"Sales",401900,"Waymire","Moon"
"Sales",402201,"Grabner","Youssef"
"Sales",79344,"Kroha","Morrie"
"Sales",402261,"Strehl","Jaewoo"
"Sales",402282,"Bruckman","Lunjin"
"Sales",402298,"Beetstra","Kamakshi"
"Sales",402308,"Pettis","Maren"
"Sales",79340,"Demke","Xiaoheng"
"Sales",434456,"Picci","Maha"
"Sales",79331,"Sankaranarayanan","Georg"
"Sales",402422,"Scharstein","Sasan"
"Sales",494966,"Litzkow","Larisa"
"Sales",402451,"Nicolson","Sudhanshu"
"Sales",402467,"Sanella","Zeljko"
"Sales",402481,"Peris","Takahiro"
"Sales",402485,"Swan","Kwangho"
"Sales",264611,"Schaaf","Atilio"
"Sales",264620,"Neiman","Lakshmi"
"Sales",402712,"Dalton","Chuanyi"
"Sales",402714,"Reutenauer","Halsur"
"Sales",79295,"Rabehasaina","Arup"
"Sales",402778,"Setlzner","Kinh"
"Sales",402780,"Perko","Isamu"
"Sales",494958,"Redmiles","Candido"
"Sales",402847,"Chaudhuri","Gou"
"Sales",402871,"Ullian","Przemyslawa"
"Sales",402872,"Picco","Masanao"
"Sales",402896,"Ghalwash","Zhiwei"
"Sales",402942,"Ligten","Adamantios"
"Sales",423371,"Qiwen","Jamaludin"
"Sales",402976,"Koblick","Toshiki"
"Sales",403031,"Maraist","Somnath"
"Sales",403081,"Vidal","Nahum"
"Sales",403154,"Szilard","Giap"
"Sales",403155,"Mamelak","Duke"
"Sales",403197,"Reeken","Ronnie"
"Sales",264693,"Kemmerer","Basim"
"Sales",403245,"Bednarek","Fusako"
"Sales",403271,"Irland","Yoshinari"
"Sales",265067,"Worfolk","Dipayan"
"Sales",403324,"Serdy","Yechiam"
"Sales",403327,"Bernini","Qiwen"
"Sales",405548,"Homond","Christoper"
"Sales",405574,"Auria","Yifei"
"Sales",405611,"Joslin","Feixiong"
"Sales",405633,"Caine","Christophe"
"Sales",405645,"Demke","Jianhui"
"Sales",405670,"Xiaoshan","Jayson"
"Sales",265113,"Badr","Shiv"
"Sales",79115,"Narlikar","Adin"
"Sales",406207,"Leijenhorst","Tsutomu"
"Sales",406224,"Boudaillier","Jouni"
"Sales",406284,"Haldar","Yuping"
"Sales",79062,"Huxford","Hatsukazu"
"Sales",406304,"Francisci","Kauko"
"Sales",406363,"Czaja","Jinya"
"Sales",423444,"Comte","Vidar"
"Sales",406581,"Broomell","Slavian"
"Sales",406584,"Oaver","Gianluca"
"Sales",265416,"Setiz","Sham"
"Sales",434656,"Bellone","Adas"
"Sales",79034,"Perri","Janalee"
"Sales",406874,"Kawashima","Sumali"
"Sales",408551,"Schiper","Abdulah"
"Sales",265500,"Conti","Shunichi"
"Sales",408652,"Byoun","Holgard"
"Sales",265504,"Peir","Tadanori"
"Sales",408665,"Tramer","Val"
"Sales",408668,"Aseltine","Jouni"
"Sales",408884,"Luck","Filipp"
"Sales",408910,"Nitta","Demin"
"Sales",408930,"Lorch","Akeel"
"Sales",265523,"Daescu","Koldo"
"Sales",408956,"Zlotek","Claudi"
"Sales",409002,"Ladret","Takahira"
"Sales",78953,"Mattern","Parke"
"Sales",409725,"Ozeki","Shaowei"
"Sales",265534,"Rassart","Seshu"
"Sales",265543,"Alameldin","Nevio"
"Sales",409779,"Huttel","Frazer"
"Sales",409780,"Halevi","Danny"
"Sales",409801,"Pelz","Gopalakrishnan"
"Sales",409841,"Brodal","Dharmaraja"
"Sales",409845,"Kalefeld","Yuichiro"
"Sales",78840,"Fujisaki","Manton"
"Sales",494921,"Slobodova","Odysseas"
"Sales",410741,"Suermann","Tran"
"Sales",410750,"Sullins","Aamer"
"Sales",410779,"Vesel","Fabrizio"
"Sales",410788,"Kavraki","Marl"
"Sales",265638,"Yurek","Sanjeeva"
"Sales",410790,"Baek","Mrinalini"
"Sales",494730,"Perl","Junsik"
"Sales",410819,"Katiyar","Jagoda"
"Sales",265676,"Monarch","Owen"
"Sales",494723,"Orlowski","Aksel"
"Sales",410857,"Lamba","Anestis"
"Sales",410875,"Swab","Angel"
"Sales",410938,"Borstler","Kensyu"
"Sales",411050,"Jahnichen","Moriyoshi"
"Sales",268885,"Portugali","Gila"
"Sales",411185,"Marrakchi","Abdelkader"
"Sales",78772,"Gecsel","Satosi"
"Sales",411430,"Rotem","Xinglin"
"Sales",411475,"Osgood","Bedir"
"Sales",411491,"Gustavson","Ymte"
"Sales",411544,"Legleitner","Byong"
"Sales",411571,"Ramras","Reinhold"
"Sales",78739,"Syrzycki","Khun"
"Sales",411603,"Benaini","Fumitake"
"Sales",494719,"Schaap","Theron"
"Sales",411644,"Collette","Yonghoan"
"Sales",411646,"Hutter","Yongmao"
"Sales",78735,"Rando","Bowen"
"Sales",494718,"Trystram","Rayond"
"Sales",411680,"Riesenhuber","Yishai"
"Sales",78638,"Manderick","Jolita"
"Sales",78631,"Rosch","Moon"
"Sales",78604,"Kakkar","Tsvetan"
"Sales",78566,"Gulla","Valter"
"Sales",411828,"Senzako","Flemming"
"Sales",78565,"Barriga","Amabile"
"Sales",78546,"Smailagic","Jagoda"
"Sales",411858,"Baaz","Weiye"
"Sales",78531,"Trachtenberg","Yefim"
"Sales",475769,"Ritzmann","Kazuhisa"
"Sales",411926,"Chiodo","Tadanori"
"Sales",78512,"Schlumberger","Yakichi"
"Sales",411930,"Budinsky","Ekawit"
"Sales",411956,"Schreiter","Jinxi"
"Sales",411978,"Rosin","Dmitry"
"Sales",412032,"Leonhardt","Alper"
"Sales",269028,"Kavraki","Gila"
"Sales",78509,"Khasidashvili","Ashish"
"Sales",78508,"Pluym","Val"
"Sales",412105,"Siksek","Teiji"
"Sales",412141,"Bernick","Arun"
"Sales",494668,"Masada","Sanjit"
"Sales",412244,"Laventhal","Gao"
"Sales",412251,"Nannarelli","Zito"
"Sales",412279,"Couchot","Howell"
"Sales",412289,"Lorcy","Golgen"
"Sales",412347,"Conte","Constantijn"
"Sales",412382,"Jeong","Nishit"
"Sales",269237,"Naudin","Maik"
"Sales",412439,"Berztiss","Shaowen"
"Sales",78497,"Dulay","Edwin"
"Sales",412514,"Melski","Yagil"
"Sales",412520,"Thiran","Moon"
"Sales",412530,"Pargaonkar","Adly"
"Sales",78489,"Herber","Barun"
"Sales",412572,"Pintelas","Boaz"
"Sales",269269,"Buchter","Leucio"
"Sales",269286,"Lamba","Sorina"
"Sales",412717,"Boguraev","Waiman"
"Sales",412721,"Speel","Kristinn"
"Sales",412725,"Millington","Xinyu"
"Sales",413114,"Lally","Deborah"
"Sales",423592,"Azuma","Chenxi"
"Sales",78462,"Collavizza","Lakshmi"
"Sales",269307,"Vieth","Tonny"
"Sales",413238,"Pelc","Adit"
"Sales",78432,"Baezner","Maia"
"Sales",78414,"Conia","Anneli"
"Sales",78390,"Kawashimo","Eben"
"Sales",413333,"Spell","Martijn"
"Sales",413345,"Baak","Masami"
"Sales",423596,"Heystek","Lokesh"
"Sales",413377,"Hedayat","Rafail"
"Sales",78386,"Orsini","Mori"
"Sales",413394,"Belinskaya","Kasidit"
"Sales",413465,"Selenyi","Herbert"
"Sales",413490,"Kakkar","Mani"
"Sales",413549,"Henseler","Jouko"
"Sales",413607,"Magalhaes","Radhia"
"Sales",78339,"Hutter","Kazuyasu"
"Sales",413629,"Aingworth","Kasturi"
"Sales",413636,"Pezzoli","Martien"
"Sales",413668,"Vuskovic","Kwangyoen"
"Sales",413683,"Rosar","Hirochika"
"Sales",413705,"Kolvik","Constantine"
"Sales",78320,"Kampfer","Gino"
"Sales",269723,"Andreotta","Sachem"
"Sales",413833,"Krupka","Kannan"
"Sales",269746,"Coullard","Souichi"
"Sales",78251,"Conti","Subbu"
"Sales",414001,"Hmelo","Hatem"
"Sales",414004,"Kaiser","Shigenori"
"Sales",414011,"Vilarrasa","Arif"
"Sales",78238,"Rodham","Diederik"
"Sales",414069,"Ramsay","Pasqua"
"Sales",414084,"Facello","Khalil"
"Sales",414125,"Marrevee","Nagui"
"Sales",78205,"Feinberg","Masami"
"Sales",78198,"Birta","Gita"
"Sales",414259,"Pollock","Percy"
"Sales",423792,"Avouris","Geoffry"
"Sales",269863,"Chiola","Eben"
"Sales",414416,"Trumbly","Elliott"
"Sales",78138,"Perko","Vatsa"
"Sales",414465,"Businaro","Kirk"
"Sales",414476,"Caine","Hailing"
"Sales",414502,"Hiraishi","Emran"
"Sales",414521,"Zuberek","Nikolaos"
"Sales",414532,"Kobara","Wilmer"
"Sales",414534,"Matzen","Goa"
"Sales",269883,"Lalonde","Valdiodio"
"Sales",414537,"Businaro","Chikara"
"Sales",414608,"Undy","Pranjal"
"Sales",414635,"Czap","Quingbo"
"Sales",270410,"Rodier","Dannz"
"Sales",77972,"Dalphin","Bernardo"
"Sales",270415,"Bernatsky","Erez"
"Sales",414689,"Olivero","Karsten"
"Sales",414704,"Luft","Toshiki"
"Sales",270445,"Vingron","Moto"
"Sales",270449,"DuBourdieux","Jiang"
"Sales",77963,"Dolinsky","Iara"
"Sales",423817,"Neiman","Rosita"
"Sales",414897,"Willoner","Juyoung"
"Sales",415128,"Kossowski","Stepehn"
"Sales",415134,"Minakawa","Conal"
"Sales",415194,"Serov","Hideyuki"
"Sales",415209,"Mandell","Inderjeet"
"Sales",77899,"Pokrovskii","Falguni"
"Sales",415235,"DuCasse","Tran"
"Sales",415467,"Compeau","Lucian"
"Sales",415470,"Nergos","Werner"
"Sales",77858,"Kranzdorf","Gao"
"Sales",415513,"Gonthier","Udi"
"Sales",415565,"Sessa","Insup"
"Sales",415674,"Wallrath","Dinkar"
"Sales",415719,"Syrzycki","Tze"
"Sales",415720,"Wixon","Danil"
"Sales",415751,"Muntz","Zhanqiu"
"Sales",437325,"Horswill","Hercules"
"Sales",415773,"Hartvigsen","Martien"
"Sales",415826,"Reghbati","Rasikan"
"Sales",491374,"Solares","Kwee"
"Sales",77709,"Castellani","Denis"
"Sales",416022,"Mahnke","Alain"
"Sales",416026,"Molenaar","Inderjeet"
"Sales",416144,"Vesna","Bezalel"
"Sales",416166,"Rosenbaum","Yuriy"
"Sales",77687,"Oppitz","Monique"
"Sales",416196,"Cannane","Angus"
"Sales",416410,"Collette","Aris"
"Sales",271105,"Rodiger","Duangkaew"
"Sales",416522,"Mikschl","Hauke"
"Sales",416749,"Pena","Zhenbing"
"Sales",271108,"Seuren","Alejandro"
"Sales",416790,"Mitchem","Mary"
"Sales",416793,"Skafidas","Dekang"
"Sales",416837,"Borovoy","Sachio"
"Sales",491311,"Swick","Gina"
"Sales",416890,"Garigliano","Claude"
"Sales",271146,"Valette","Michaela"
"Sales",77633,"Gelosh","Dinkar"
"Sales",417090,"Schaaf","Takahira"
"Sales",423902,"Loncour","Utpal"
"Sales",423907,"Akaboshi","Sanjit"
"Sales",417190,"Cooman","Atreyi"
"Sales",417434,"Pena","Ranan"
"Sales",271200,"Ulupinar","Gennadi"
"Sales",77579,"Mandelberg","Shooichi"
"Sales",417505,"Backhouse","Arco"
"Sales",77537,"Nyrup","Takushi"
"Sales",417563,"Hockney","Mariangiola"
"Sales",417765,"Lyonns","Jiong"
"Sales",417768,"Sluis","Kotesh"
"Sales",417788,"Gewali","Boutros"
"Sales",417813,"Uchoa","Cristinel"
"Sales",271287,"McFarlan","Hitomi"
"Sales",417831,"Hennebert","Jaihie"
"Sales",417837,"Renear","Kristian"
"Sales",434731,"Apsitis","Saeed"
"Sales",417880,"Soicher","Mandell"
"Sales",478050,"Picht","Nechama"
"Sales",418272,"Chimia","Kazuhito"
"Sales",418302,"Rassart","Patricia"
"Sales",418352,"Solares","Idoia"
"Sales",418371,"Mawatari","Maha"
"Sales",424111,"Menhoudj","Yagil"
"Sales",77440,"Zallocco","Xumin"
"Sales",418527,"Lalonde","Uta"
"Sales",418562,"Khamsi","Owen"
"Sales",418597,"Steinauer","Akeno"
"Sales",271407,"Angot","Aram"
"Sales",418928,"Pehl","Lunjin"
"Sales",418938,"Vrecion","Elgin"
"Sales",77376,"Hoogerwoord","Zijian"
"Sales",77337,"Gyimothy","Inderjeet"
"Sales",419040,"Lammel","Feixiong"
"Sales",419048,"Perko","Navin"
"Sales",419065,"Manderick","Arvind"
"Sales",77318,"Erez","Tzvetan"
"Sales",271483,"Plotkin","Mohamadou"
"Sales",419157,"Ruemmler","Visit"
"Sales",419239,"Heemskerk","Brendon"
"Sales",271507,"Chaudhury","Paraskevi"
"Sales",77270,"Ecklund","Fen"
"Sales",419276,"Schreiter","Leon"
"Sales",419308,"Thiran","Shrikanth"
"Sales",419360,"Peris","Bernd"
"Sales",419401,"Roohalamini","Macha"
"Sales",419696,"Danner","Khun"
"Sales",419731,"Muchinsky","Zdislav"
"Sales",419740,"Openshaw","Kristen"
"Sales",77121,"Orsini","Miomir"
"Sales",419781,"Karnin","Jordanka"
"Sales",419818,"Emiris","Sanjoy"
"Sales",419822,"Ritcey","Sushant"
"Sales",419825,"Llado","Sigeru"
"Sales",419882,"Moffat","Halsur"
"Sales",419992,"Kenevan","Mototsugu"
"Sales",271676,"Herath","Ottavia"
"Sales",420090,"Baaz","Gao"
"Sales",420140,"Pearson","Dzung"
"Sales",420156,"McDermid","Sham"
"Sales",420166,"Honiden","Sanjeeva"
"Sales",420190,"Rusmann","Christfried"
"Sales",420219,"Zucker","Francesca"
"Sales",420232,"Heystek","Claudi"
"Sales",76950,"Legleitner","Mechthild"
"Sales",420426,"Bisiani","Pranav"
"Sales",424192,"Rosenbaum","Boaz"
"Sales",420499,"Picaronny","Alenka"
"Sales",271827,"Bolsens","Boaz"
"Sales",420541,"Bernardeschi","Rasiah"
"Sales",420586,"Ressouche","Uzi"
"Sales",420611,"Gluchowski","Kwan"
"Sales",491182,"Wynblatt","Cordelia"
"Sales",76942,"Koblick","Wuxu"
"Sales",420733,"Delaune","Jungsoon"
"Sales",420753,"Suppi","Sungwon"
"Sales",421262,"Vickson","Hirochika"
"Sales",271847,"Takanami","Valdiodio"
"Sales",271852,"Fiutem","Zdislav"
"Sales",421280,"Pramanik","Mooi"
"Sales",421282,"Wielonsky","Leen"
"Sales",491164,"Marchesini","Apostol"
"Sales",421303,"Garnham","Fox"
"Sales",421319,"Maccarone","Ranga"
"Sales",421329,"Mawatari","Moty"
"Sales",76903,"Preusig","Fox"
"Sales",421341,"Rassart","Shrikanth"
"Sales",421360,"Kobara","Jahangir"
"Sales",421400,"Hofmeyr","Hugo"
"Sales",271870,"Menyhert","Marco"
"Sales",421601,"DeMori","Anoosh"
"Sales",421639,"Pelz","Arun"
"Sales",421654,"Ciolek","Claude"
"Sales",421697,"Iwayama","Marko"
"Sales",421734,"Sgarro","Ravishankar"
"Sales",421735,"Claffy","Sampalli"
"Sales",421956,"Hedayat","Kotesh"
"Sales",421986,"Furudate","Gritta"
"Sales",422013,"Asrin","Barry"
"Sales",422037,"Sooriamurthi","Morris"
"Sales",422045,"Herath","Arch"
"Sales",76804,"McFarlin","Xinglin"
"Sales",422057,"Shiratori","Mahmut"
"Sales",422097,"Rassart","Freyja"
"Sales",422828,"Vidal","Ghassan"
"Sales",271959,"Puppe","Tzvetan"
"Sales",422845,"Schaaf","Aram"
"Sales",422857,"Montresor","Aron"
"Sales",422873,"Iwayama","Elgin"
"Sales",76749,"Raoux","Luise"
"Sales",76707,"Erva","Kwun"
"Sales",422900,"Crabtree","Marc"
"Sales",422904,"Fritzsche","Kotesh"
"Sales",437516,"Zockler","Juyoung"
"Sales",423619,"Ellozy","Gaurav"
"Sales",76685,"Orlowski","Shahar"
"Sales",76676,"Suwa","Florian"
"Sales",271974,"Hopewell","Alois"
"Sales",76628,"Leppanen","Conor"
"Sales",271984,"Doering","Bikash"
"Sales",424005,"Schauser","Alejandra"
"Sales",76604,"Kohling","Magy"
"Sales",424029,"Plesums","Yoshimitsu"
"Sales",424030,"Lagarias","Masako"
"Sales",424072,"Monkewich","Pramod"
"Sales",424086,"Cummings","Pintsang"
"Sales",424099,"Strandh","Kwangyoen"
"Sales",425127,"Mamelak","Amstein"
"Sales",425134,"Nittel","Hausi"
"Sales",425138,"Delgrange","Kiam"
"Sales",76517,"Stafford","Tadahiro"
"Sales",425211,"Comyn","Erzsebet"
"Sales",425230,"Matheson","Mohit"
"Sales",76512,"Delgrossi","Arne"
"Sales",76497,"Lundstrom","Miyeon"
"Sales",425238,"Yetto","Eberhardt"
"Sales",491106,"Koblitz","Garnik"
"Sales",424272,"Ferretti","Bangqing"
"Sales",76493,"Oxman","Mansur"
"Sales",426642,"Zlotek","Remmert"
"Sales",272023,"Schicker","Jamaludin"
"Sales",426662,"Isaak","Gino"
"Sales",426728,"Dratva","Saniya"
"Sales",426736,"Neimat","Ortrud"
"Sales",426769,"Birrer","Visit"
"Sales",272046,"Solovay","Xiong"
"Sales",427008,"Hebert","Jeanne"
"Sales",427017,"Falck","Jeanna"
"Sales",427031,"Macedo","Masadi"
"Sales",424295,"Picel","Sugwoo"
"Sales",272076,"Bazzichi","Marko"
"Sales",76078,"Poehlman","Hausi"
"Sales",491099,"Iacovou","Jovan"
"Sales",427933,"Engelmann","Gladys"
"Sales",76065,"Taubenfeld","Waiman"
"Sales",491095,"Kuszyk","Denis"
"Sales",272131,"Chinal","Yurij"
"Sales",76048,"Kumaresan","Dinkar"
"Sales",428250,"Schapiro","Tesuya"
"Sales",428331,"Mapelli","Aloke"
"Sales",428388,"Panangaden","JoAnne"
"Sales",75715,"Schaar","Lena"
"Sales",428676,"Roisin","Jungsoon"
"Sales",428697,"Blokdijk","Uri"
"Sales",75668,"Bratsberg","Sarita"
"Sales",75640,"Pocchiola","Bokyung"
"Sales",428994,"Rissland","Harngdar"
"Sales",429057,"Serot","Neven"
"Sales",429064,"Macedo","Kiyokazu"
"Sales",429095,"Puppe","Zeljko"
"Sales",429103,"Pews","Souichi"
"Sales",429107,"Joslin","Mabo"
"Sales",429119,"dAstous","Holgard"
"Sales",272227,"Trachtenberg","Gil"
"Sales",429662,"Mitzlaff","Isaac"
"Sales",429673,"Greibach","Chuanyi"
"Sales",490833,"DuBourdieux","Arup"
"Sales",429754,"Undy","Alexius"
"Sales",438198,"Gips","Qingxiang"
"Sales",429799,"Barbanera","Hyuncheol"
"Sales",429832,"Merel","Ortrud"
"Sales",429835,"Rabehasaina","Duke"
"Sales",429851,"Manders","Dulce"
"Sales",429900,"Munro","Mohan"
"Sales",430007,"Kropf","Gor"
"Sales",430040,"Zultner","Margareta"
"Sales",430052,"Angel","Tsutomu"
"Sales",272476,"Cyne","Munehiko"
"Sales",430079,"England","Mikhail"
"Sales",272515,"Krichel","Tadahiko"
"Sales",430129,"Suessmith","Hugo"
"Sales",430166,"Ravishankar","Poornachandra"
"Sales",430189,"Businaro","Zita"
"Sales",430212,"Toyoshima","Kwan"
"Sales",272544,"Malinowski","Yefim"
"Sales",75328,"Itschner","Shuichi"
"Sales",490776,"Perna","Kokou"
"Sales",75096,"Himler","Faiza"
"Sales",430274,"Halevi","Yuuichi"
"Sales",430286,"Thorelli","Masaru"
"Sales",430293,"Maccarone","Yinghua"
"Sales",430310,"Collette","Akeel"
"Sales",430311,"Suri","Somnath"
"Sales",430338,"Kirkerud","Kiam"
"Sales",430350,"Mandell","Shaunak"
"Sales",430372,"Babb","Yifei"
"Sales",430391,"Tsukune","Marit"
"Sales",430402,"Rahier","Ishfaq"
"Sales",430405,"Coors","Yifei"
"Sales",430426,"Yetto","Vishwani"
"Sales",272755,"Butterworth","Shrikanth"
"Sales",75061,"Benner","Jeanne"
"Sales",430435,"Lortz","Masanao"
"Sales",272760,"Anger","Aiman"
"Sales",430474,"Schnelling","Yucai"
"Sales",272767,"Schwartzburd","Jongsuk"
"Sales",272769,"Huxford","Shaunak"
"Sales",272782,"Krohn","Arumugam"
"Sales",272785,"Stafford","Sanjoy"
"Sales",424337,"Benantar","Tzu"
"Sales",430659,"Yavatkar","JoAnne"
"Sales",430691,"Valette","Akeno"
"Sales",430694,"Woycyznski","Atreyi"
"Sales",430699,"Mahnke","Holgard"
"Sales",272816,"Litvinov","Gita"
"Sales",490730,"Chimia","Francesca"
"Sales",490729,"Schicker","Badri"
"Sales",75015,"Pappas","Yannik"
"Sales",430826,"Muhlberg","Murthy"
"Sales",430831,"Pezzoli","Prodip"
"Sales",430832,"Farrag","Huican"
"Sales",74991,"Tasistro","Mahendra"
"Sales",430873,"Pollock","Yunming"
"Sales",74962,"Stranks","Odysseas"
"Sales",430955,"Heering","Mountaz"
"Sales",430966,"Pietracaprina","Hidde"
"Sales",490541,"Bale","Radhika"
"Sales",431228,"Lundstrom","Vugranam"
"Sales",272889,"Botman","Krisda"
"Sales",431255,"Kragelund","Yakkov"
"Sales",431277,"Ranon","Luerbio"
"Sales",431316,"Krohm","Xiaoheng"
"Sales",272930,"Hoogerwoord","Sasan"
"Sales",431348,"Brookman","Terresa"
"Sales",431353,"Reeken","Bedir"
"Sales",74522,"Schaar","Anyuan"
"Sales",431465,"Mahmud","Kristinn"
"Sales",431553,"Azumi","Lijie"
"Sales",431561,"Engberts","Bernd"
"Sales",74491,"Slobodova","KayLiang"
"Sales",431595,"Bottner","Aemilian"
"Sales",431620,"Sewelson","Marc"
"Sales",431634,"Solares","Parto"
"Sales",431636,"Halevi","Macha"
"Sales",431675,"Kroha","Giao"
"Sales",74455,"Zeidenstein","Jamaludin"
"Sales",431682,"Vesel","Tremaine"
"Sales",431723,"Ulupinar","Magdalena"
"Sales",431741,"Skafidas","Sudharsan"
"Sales",74440,"Crouzet","Hein"
"Sales",434774,"Qiwen","Inderjeet"
"Sales",273238,"Kamble","Yefim"
"Sales",432000,"Reinhard","George"
"Sales",273242,"Straney","Jianhao"
"Sales",273251,"Gladwell","Perry"
"Sales",432100,"Passafiume","Basil"
"Sales",432104,"Aumann","Mohamadou"
"Sales",74422,"Jansch","Herbert"
"Sales",432385,"Rijckaert","Boutros"
"Sales",432417,"Hockney","Sigeru"
"Sales",432450,"Luce","Gudjon"
"Sales",424395,"Rande","TRUE"
"Sales",273288,"Mersereau","Shigehiro"
"Sales",273314,"Khasidashvili","Cordelia"
"Sales",432795,"Schoegge","Toney"
"Sales",74396,"Taubman","Khoa"
"Sales",490434,"Perry","Terresa"
"Sales",433232,"Engberts","Shigehiro"
"Sales",74340,"Terwilliger","Ottavia"
"Sales",433269,"Sadowski","Denny"
"Sales",74288,"Masada","Ramzi"
"Sales",433372,"Yemenis","Rasiah"
"Sales",433380,"Perri","Toshimori"
"Sales",74274,"Manders","Poornachandra"
"Sales",490409,"Fontan","Hongzue"
"Sales",433417,"Carrera","Surveyors"
"Sales",273358,"Klyachko","Soenke"
"Sales",433477,"Horswill","Aran"
"Sales",433485,"Mersereau","Arne"
"Sales",273363,"Montemayor","Panayotis"
"Sales",434780,"Zaiane","Duro"
"Sales",273372,"Back","Arumugam"
"Sales",74229,"Shokrollahi","Shahab"
"Sales",74214,"Keohane","Bluma"
"Sales",433662,"Krichel","Chenxi"
"Sales",433672,"Babb","Rildo"
"Sales",433686,"Katalagarianos","Kwangyoen"
"Sales",433691,"Rijsenbrij","Sailaja"
"Sales",433702,"Engberts","Mingsen"
"Sales",433704,"Verspoor","Jaewon"
"Sales",433706,"Goodrum","Hatem"
"Sales",424426,"Parhami","Taegyun"
"Sales",433780,"Massonet","Suebskul"
"Sales",433803,"Barbanera","Serif"
"Sales",273600,"Beidas","Douadi"
"Sales",433906,"Speel","Prodip"
"Sales",74186,"Landherr","Nectarios"
"Sales",433927,"Vecchio","Kenroku"
"Sales",433935,"Kalloufi","Shih"
"Sales",273620,"Templeman","Oldrich"
"Sales",433968,"Coombs","Shigehiro"
"Sales",273633,"Gladwell","Doowon"
"Sales",273642,"Rodham","Jaihie"
"Sales",434158,"Fasbender","Hiroyasu"
"Sales",434179,"Basawa","Munir"
"Sales",434196,"Lundstrom","Hugh"
"Sales",434226,"Gulla","Miquel"
"Sales",434241,"Mattern","Janche"
"Sales",434249,"Bonifati","Malu"
"Sales",424438,"Karner","Toong"
"Sales",74130,"Bierbaum","Miyeon"
"Sales",273679,"Lieberherr","Valeska"
"Sales",434580,"Saoudi","Oscal"
"Sales",273688,"Lienhardt","Kish"
"Sales",434627,"Muchinsky","Yinghua"
"Sales",434641,"Sooriamurthi","Uno"
"Sales",74122,"Cappello","Sushant"
"Sales",434849,"Chinen","Christoper"
"Sales",489827,"Baby","Ekawit"
"Sales",434873,"Famili","Gio"
"Sales",434875,"Benaini","Rimli"
"Sales",434887,"Chinen","Bouchung"
"Sales",273716,"Merkl","Aria"
"Sales",434943,"Rindone","Neven"
"Sales",273730,"Schapire","Jinya"
"Sales",435011,"Biros","Shahar"
"Sales",424449,"Tomescu","Basim"
"Sales",435033,"Vernadat","Demin"
"Sales",273738,"Vakili","Karsten"
"Sales",73882,"Halloran","Goetz"
"Sales",435060,"Lieblein","Moie"
"Sales",273740,"Cannata","Youpyo"
"Sales",435172,"Botman","Dayanand"
"Sales",435185,"Ullian","Frederique"
"Sales",435191,"Desikan","Kannan"
"Sales",435224,"Schade","Vasiliy"
"Sales",435270,"Pietrzykowski","Kwangjo"
"Sales",435271,"Gomatam","Aluzio"
"Sales",435281,"Albarhamtoshy","Badri"
"Sales",435285,"Birch","Caolyn"
"Sales",273818,"Werthner","Masasuke"
"Sales",435354,"Bashian","Bowen"
"Sales",73753,"Chachaty","Stevo"
"Sales",435493,"Sidhu","Arnd"
"Sales",273858,"Matzen","Gunilla"
"Sales",273868,"Farrag","Shan"
"Sales",73663,"Camurati","Domenick"
"Sales",273893,"Rebaine","Yannik"
"Sales",435634,"Karner","Willard"
"Sales",435640,"Kitai","Zdislav"
"Sales",435833,"Varley","Thanasis"
"Sales",435853,"Bakhtari","Ravishankar"
"Sales",73653,"Luiz","Mohd"
"Sales",73633,"Luce","Jamaludin"
"Sales",73627,"Chiodo","Rimli"
"Sales",435936,"Veldwijk","Jaques"
"Sales",435955,"Neiman","Berto"
"Sales",435964,"Ritzmann","Seongbin"
"Sales",73621,"Imataki","Gadiel"
"Sales",274005,"Krider","Marek"
"Sales",73399,"Ozeki","Berto"
"Sales",436369,"Dichev","Rafael"
"Sales",489760,"Theuretzbacher","Fei"
"Sales",436419,"Schapiro","Randi"
"Sales",436421,"Rodite","Pasqua"
"Sales",424570,"Klyachko","Gil"
"Sales",274041,"Lamma","Dzung"
"Sales",436861,"Rettelbach","Sastry"
"Sales",436868,"McClurg","Mikhail"
"Sales",436892,"Comyn","Weiye"
"Sales",436894,"Zschoche","Danai"
"Sales",274068,"Arlazarov","Yuuichi"
"Sales",436926,"Krider","Bedrich"
"Sales",73351,"Usery","Sushant"
"Sales",436937,"Templeman","Eberhardt"
"Sales",436973,"Dulin","Muzhong"
"Sales",436993,"Backhouse","Ingmar"
"Sales",437372,"Takkinen","Youngkon"
"Sales",274109,"Thambidurai","Inderjeet"
"Sales",437425,"Bardell","Ennio"
"Sales",437469,"Velasco","Domenick"
"Sales",72931,"Docker","Tse"
"Sales",437499,"Lipner","Mamdouh"
"Sales",437719,"Beausoleil","Nikolaos"
"Sales",437736,"Lieberherr","Valeska"
"Sales",437747,"Chachaty","Munehiko"
"Sales",437762,"Yetto","Mototsugu"
"Sales",437784,"Dolinsky","Serap"
"Sales",437806,"Benveniste","Valdiodio"
"Sales",72783,"Marquardt","Xiaobin"
"Sales",437833,"Haddadi","Yoshimitsu"
"Sales",438038,"Giaccio","Lena"
"Sales",438044,"Penn","Shalesh"
"Sales",274142,"Frezza","Werner"
"Sales",438068,"Janetzko","Constantijn"
"Sales",438146,"Erez","Van"
"Sales",274169,"Fasbender","Palash"
"Sales",72362,"Himler","Spyrose"
"Sales",438370,"Neiman","Kasturi"
"Sales",438411,"Pokrovskii","Nathalie"
"Sales",72271,"Hebert","Bikash"
"Sales",438425,"Schwartzbauer","Vishu"
"Sales",72270,"Rubsam","Nitsan"
"Sales",438841,"Griswold","Edwin"
"Sales",438844,"Chvatal","Kasturi"
"Sales",274197,"Randi","Geoffrey"
"Sales",274221,"Matzen","Aemilian"
"Sales",72246,"Birta","Satoru"
"Sales",438898,"Broomell","Naftaly"
"Sales",438957,"Shackel","Gladys"
"Sales",439017,"Eastman","Masami"
"Sales",72238,"Ressouche","Berry"
"Sales",72235,"Baez","Hilari"
"Sales",439127,"Muntz","Carrsten"
"Sales",439179,"Lanteri","Yurii"
"Sales",439186,"Magliocco","Shahaf"
"Sales",439203,"Molenkamp","Tua"
"Sales",274362,"Clouatre","Sumali"
"Sales",274380,"Motley","Christoper"
"Sales",72214,"Shimshoni","Zissis"
"Sales",489531,"Ventosa","Sahrah"
"Sales",274435,"Beetstra","Richara"
"Sales",274468,"Gurbaxani","Gaurav"
"Sales",274505,"Erdi","Shushma"
"Sales",439538,"Maierhofer","Arno"
"Sales",439542,"Albarhamtoshy","Roselyn"
"Sales",72210,"Hiyoshi","Roddy"
"Sales",439563,"Berendt","Dulce"
"Sales",439565,"Ashish","Kyoichi"
"Sales",439843,"Sridhar","Nahum"
"Sales",439846,"Smailagic","Hailing"
"Sales",439887,"Dusink","Fuqing"
"Sales",439888,"Billingsley","Youssef"
"Sales",439896,"Baaleh","Yahiko"
"Sales",439914,"Pietrzykowski","Arif"
"Sales",439922,"Rosti","Fei"
"Sales",439925,"Luga","Marla"
"Sales",72163,"Otillio","Licheng"
"Sales",439989,"Ciolek","Wayne"
"Sales",440855,"Feinberg","Xiaobin"
"Sales",72123,"Barbanera","Sorina"
"Sales",274626,"Litzkow","Vitali"
"Sales",71922,"Chiola","Lihong"
"Sales",274635,"Azadmanesh","Mara"
"Sales",440963,"Munro","Dmitry"
"Sales",71871,"Molenkamp","Kien"
"Sales",440990,"Nishimukai","Vincent"
"Sales",489504,"Kriebel","Apostol"
"Sales",274654,"Isaak","Maris"
"Sales",442894,"Krychniak","Bernice"
"Sales",442896,"Matzen","Maja"
"Sales",71826,"Brickell","Chandrasekaran"
"Sales",442954,"Pietrzykowski","Shawna"
"Sales",442955,"Kruskal","Perry"
"Sales",71763,"Matheson","Kiyotoshi"
"Sales",71711,"Griswold","Candida"
"Sales",443041,"Cusworth","Mohamadou"
"Sales",274691,"Ossenbruggen","Pranav"
"Sales",274699,"Munoz","Changho"
"Sales",443145,"Ambroszkiewicz","Weiwu"
"Sales",443158,"Koprowski","Jessie"
"Sales",443191,"Poujol","Theron"
"Sales",443214,"Juneja","Lakshmi"
"Sales",443303,"Fadgyas","Nadjib"
"Sales",444223,"Ramsay","Krisda"
"Sales",444230,"Fabrizio","Ayonca"
"Sales",444260,"Shokrollahi","Luerbio"
"Sales",444315,"Mondadori","Limsoon"
"Sales",444328,"Oaver","Udi"
"Sales",274706,"Thimonier","Xiaoqiu"
"Sales",274711,"Baig","Akemi"
"Sales",274735,"Haldar","Noritoshi"
"Sales",444398,"Shumilov","Gita"
"Sales",444484,"Templeman","Niranjan"
"Sales",71613,"Roccetti","Krisda"
"Sales",274750,"Nollmann","Gita"
"Sales",444555,"Georgatos","Yannis"
"Sales",444612,"Sury","Jeanna"
"Sales",424670,"Trystram","Yolla"
"Sales",444637,"Peot","Kellyn"
"Sales",424677,"Karcich","Patricia"
"Sales",444688,"Zirintsis","Kensei"
"Sales",444730,"Lipner","Alper"
"Sales",444759,"Lortz","Weijing"
"Sales",444779,"Feinberg","Francesca"
"Sales",71561,"Champarnaud","Randy"
"Sales",444844,"Cherinka","Taiji"
"Sales",445057,"Coullard","Qunsheng"
"Sales",445108,"Bierbaum","Masanao"
"Sales",445159,"Kusakari","Arch"
"Sales",445186,"Ressouche","Uzi"
"Sales",445699,"Waschkowski","Kamran"
"Sales",445717,"Dayana","Ekawit"
"Sales",274963,"Miake","Bodo"
"Sales",445792,"Peron","Owen"
"Sales",274980,"Slobodova","Sahrah"
"Sales",445843,"Foong","TRUE"
"Sales",445854,"Falco","Alain"
"Sales",445858,"Pileggi","Seshu"
"Sales",275017,"Gyimothy","Hiroyasu"
"Sales",445880,"Narwekar","Fei"
"Sales",445894,"Orlowski","Martien"
"Sales",275037,"Spelt","Dmitry"
"Sales",446008,"Sundgren","Elvia"
"Sales",446072,"Condotta","Maren"
"Sales",446087,"Farris","Samphel"
"Sales",424725,"Kuzuoka","Hein"
"Sales",71209,"Fetvedt","Vitaly"
"Sales",275084,"Reutenauer","Conrado"
"Sales",446232,"Chelton","Mart"
"Sales",424731,"Staudhammer","Huican"
"Sales",446243,"Schwartzbauer","Along"
"Sales",446272,"McClure","Arne"
"Sales",446319,"Siepmann","Adam"
"Sales",446415,"Dolinsky","Arnd"
"Sales",446431,"Foong","Youpyo"
"Sales",489444,"Petereit","Mechthild"
"Sales",71046,"Naumovich","Christ"
"Sales",71001,"Schnelling","Lobel"
"Sales",275132,"Ramamoorthy","Reinhard"
"Sales",70995,"Muchinsky","Katsuyuki"
"Sales",446565,"Passafiume","Phule"
"Sales",446569,"Schaar","Feiyu"
"Sales",446581,"Quaggetto","Gonzalo"
"Sales",446590,"Hegner","Djelloul"
"Sales",446621,"Iisaku","Samphel"
"Sales",446676,"Glowinski","Weijing"
"Sales",275151,"Neiman","Tzvetan"
"Sales",446716,"Furedi","Ziya"
"Sales",489405,"Heuter","Sarita"
"Sales",446758,"Peha","Chaitali"
"Sales",275165,"Muchinsky","Nathan"
"Sales",275167,"Lorin","Krisda"
"Sales",446808,"Luck","Kendra"
"Sales",489178,"Poulakidas","Hideo"
"Sales",70940,"Albarhamtoshy","Rasiah"
"Sales",447091,"Perfilyeva","Suzette"
"Sales",275208,"Shiratori","Freyja"
"Sales",447152,"Swan","Tetsushi"
"Sales",275211,"Veccia","Mong"
"Sales",275233,"Stranks","Uzi"
"Sales",447255,"Budinsky","Shai"
"Sales",447316,"Aingworth","Chiradeep"
"Sales",447355,"Solares","Basil"
"Sales",447370,"Emmerich","Heng"
"Sales",70857,"Molenaar","Shalesh"
"Sales",447419,"Halloran","Herbert"
"Sales",447472,"Ghazalie","Abdelghani"
"Sales",447482,"Bamford","Angus"
"Sales",447769,"Schrooten","Dante"
"Sales",435722,"Rindone","Zhongwei"
"Sales",447842,"Thibadeau","Itzchak"
"Sales",70420,"Aloia","Xuejun"
"Sales",448124,"Roohalamini","Hongzhu"
"Sales",275497,"Marciano","Rosalyn"
"Sales",448182,"Whitcomb","Kazuhisa"
"Sales",275509,"Beznosov","Lobel"
"Sales",448545,"Liedekerke","Jingling"
"Sales",70390,"Reinhart","Kirk"
"Sales",448655,"Khasidashvili","Sungwon"
"Sales",448702,"Fujisaki","Fayez"
"Sales",70380,"Denos","Alassane"
"Sales",448704,"Navazio","Huican"
"Sales",448709,"Cooke","Nahla"
"Sales",275564,"Figueira","Mrinalini"
"Sales",448900,"Talmor","Mart"
"Sales",448902,"Hennings","Sarita"
"Sales",70369,"Selenyi","Tomofumi"
"Sales",70336,"Luit","Jungsoon"
"Sales",448983,"Heuter","Katsuo"
"Sales",275590,"Pleszkun","Marke"
"Sales",70329,"Hiyoshi","Ennio"
"Sales",449219,"Greenaway","Leen"
"Sales",449223,"Peak","Gad"
"Sales",477917,"Jonsson","Junsik"
"Sales",449308,"Gecseg","Jixiang"
"Sales",275604,"Kropatsch","Chandrasekaran"
"Sales",424895,"Randt","Nechama"
"Sales",449395,"Coorg","Georg"
"Sales",70244,"Dulay","Akeno"
"Sales",449415,"Rubsam","Bingning"
"Sales",70241,"Garigliano","Arumugam"
"Sales",449489,"Hertweck","Naftaly"
"Sales",449507,"Back","Teruyuki"
"Sales",449533,"Gini","Mohamadou"
"Sales",449552,"Milicia","Sampalli"
"Sales",449587,"Anger","Temple"
"Sales",449637,"Isard","Candida"
"Sales",449686,"Fujisaki","Hyuncheol"
"Sales",275665,"Rodiger","Ibibia"
"Sales",449702,"Randi","Masamitsu"
"Sales",449719,"Ranka","Kristin"
"Sales",449747,"Ramsay","Anyuan"
"Sales",275692,"Soloway","Arfst"
"Sales",275694,"Fortenbacher","Zhonghua"
"Sales",449814,"McClure","Arnould"
"Sales",70168,"Zucker","Ayakannu"
"Sales",275718,"Rodham","Pragnesh"
"Sales",450186,"Birke","Kotesh"
"Sales",450213,"Dolinsky","Qiwen"
"Sales",450233,"Manders","Chuanyi"
"Sales",275959,"Chandrasekhar","Fen"
"Sales",70129,"Bednarek","Jeanne"
"Sales",450308,"Petersohn","Eran"
"Sales",450340,"Himler","Chiranjit"
"Sales",450361,"Zockler","Fusako"
"Sales",450399,"Klerer","Lucian"
"Sales",275969,"Brandsma","Hsiangchu"
"Sales",275988,"Kamber","Teiji"
"Sales",450550,"Gornas","Shigehito"
"Sales",424918,"Benaini","Make"
"Sales",450757,"Shobatake","Stafford"
"Sales",450772,"Maierhofer","Tru"
"Sales",450774,"Baer","Oddvar"
"Sales",450825,"Demizu","Jiann"
"Sales",276000,"Jullig","Almudena"
"Sales",450888,"Rande","Sedat"
"Sales",450937,"Ananiadou","Mahendra"
"Sales",424925,"Warwick","JoAnne"
"Sales",424926,"Mitzlaff","Youjian"
"Sales",424927,"Oberman","Lucien"
"Sales",451117,"Ravishankar","Arra"
"Sales",451119,"Mayerwieser","Idoia"
"Sales",451164,"Pargaonkar","Shahaf"
"Sales",451173,"Lorie","Aloke"
"Sales",276072,"Bael","Youjian"
"Sales",451249,"Makrucki","Djelloul"
"Sales",276310,"Dulli","Marlo"
"Sales",451417,"Sinitsyn","Maria"
"Sales",451444,"Wixon","Mitsuyuki"
"Sales",424970,"Quadeer","Tomokazu"
"Sales",69680,"Demke","Reuven"
"Sales",451477,"Eppinger","Kayoko"
"Sales",276315,"Cooke","Hirochika"
"Sales",276326,"Theuretzbacher","Hirochika"
"Sales",451558,"Tsukune","Rance"
"Sales",424976,"Cheshire","Ronnie"
"Sales",488841,"Kruskal","Debaprosad"
"Sales",276392,"Detkin","Dmitry"
"Sales",451735,"Karner","JoAnne"
"Sales",276406,"Nitto","Mizuhito"
"Sales",451776,"Coombs","Ravishankar"
"Sales",451793,"Lyonns","Herb"
"Sales",451805,"Bahi","Xiahua"
"Sales",451841,"Bisiani","Yuping"
"Sales",276474,"Baba","Arunachalam"
"Sales",451872,"Francisci","Younwoo"
"Sales",451884,"Kropatsch","Slavian"
"Sales",69174,"Tempesti","Gal"
"Sales",451943,"Deverell","Vivian"
"Sales",451966,"Shanbhogue","Gil"
"Sales",455086,"Bernini","Vasilii"
"Sales",276558,"Stanfel","Honesty"
"Sales",455117,"Sommen","Domenico"
"Sales",455132,"Danley","Uriel"
"Sales",455164,"Wilfing","Khosrow"
"Sales",276599,"Ranta","Hailing"
"Sales",455179,"Varman","Seongbin"
"Sales",455201,"Chleq","Mechthild"
"Sales",488778,"Mitina","Shaz"
"Sales",455785,"Polajnar","Boalin"
"Sales",455869,"Angel","Dipayan"
"Sales",455872,"Azulay","Shmuel"
"Sales",68573,"Cesareni","Mansur"
"Sales",276648,"Tetzlaff","Mokhtar"
"Sales",68547,"Figueira","Ulf"
"Sales",276689,"Cochrane","Doohun"
"Sales",456540,"Lorho","Nimmagadda"
"Sales",456552,"Horswill","Akemi"
"Sales",456553,"Gulla","Aram"
"Sales",456927,"Comellas","Kensei"
"Sales",68521,"Terwilliger","Gil"
"Sales",276717,"Larfeldt","Marke"
"Sales",456996,"Simmel","Shir"
"Sales",457023,"Schlenzig","Mayuri"
"Sales",457063,"Sury","Stevo"
"Sales",457075,"Szilard","Ronnie"
"Sales",457273,"Kolvik","Kamran"
"Sales",68038,"Hartvigsen","Lena"
"Sales",457325,"Kruskal","Arvind"
"Sales",457333,"Chenney","Saeed"
"Sales",457353,"Luke","Maia"
"Sales",276761,"Kropatsch","Shushma"
"Sales",457383,"Schusler","Herbert"
"Sales",488360,"Fioravanti","Roselyn"
"Sales",458961,"Luon","Moto"
"Sales",276783,"Giarratana","Falguni"
"Sales",459219,"Deverell","Sandeepan"
"Sales",67959,"Milicic","Marek"
"Sales",276819,"Narwekar","Torsten"
"Sales",459252,"Savasere","Kendra"
"Sales",459941,"Markovitch","Genevieve"
"Sales",276829,"Nitta","Bikash"
"Sales",67947,"Cappello","Parke"
"Sales",460033,"Ariola","Paris"
"Sales",67408,"Hiroyama","Huai"
"Sales",67406,"Anger","Hidekazu"
"Sales",67400,"Luft","Miyeon"
"Sales",460081,"Desikan","Kristof"
"Sales",460087,"Waschkowski","Moon"
"Sales",460104,"Miyakawa","Bogdan"
"Sales",67389,"Tanemo","Cullen"
"Sales",460173,"Sethi","Randi"
"Sales",460240,"Peot","Bernt"
"Sales",276850,"Belinskaya","Malu"
"Sales",67322,"Baca","Shim"
"Sales",460406,"Schwartzbauer","Udi"
"Sales",460660,"Azevdeo","Pranav"
"Sales",460661,"Jarecki","Xudong"
"Sales",460695,"Benantar","Khoa"
"Sales",460722,"Gecsei","Zhenhua"
"Sales",460723,"Pollock","Christfried"
"Sales",276896,"Glowinski","Chiranjit"
"Sales",276906,"Domenig","Kwangsub"
"Sales",276913,"Backhouse","Charmane"
"Sales",460831,"Klyachko","Shuzo"
"Sales",460852,"Lakshmanan","Kerhong"
"Sales",460857,"Dayana","Arfst"
"Sales",277096,"Encarnacion","Akhilish"
"Sales",460888,"Mondadori","Bedir"
"Sales",460892,"Juneja","Bedrich"
"Sales",475139,"Underwood","Bangqing"
"Sales",461316,"Siochi","LiMin"
"Sales",461328,"McAffer","Mohit"
"Sales",66811,"Yamaashi","Chenxi"
"Sales",425015,"Cannata","Bikash"
"Sales",66789,"Peak","Tomoyuki"
"Sales",461405,"Fadgyas","Shigenori"
"Sales",277135,"Hebert","Aron"
"Sales",66780,"Rodier","Vesna"
"Sales",461953,"Ballarin","Marie"
"Sales",277147,"Gaughan","Domenico"
"Sales",66752,"Neiman","Aiichiro"
"Sales",66748,"Herber","Eben"
"Sales",66221,"Picco","Mingzeng"
"Sales",66198,"Edelhoff","Seongbin"
"Sales",462096,"Gischer","Martins"
"Sales",462353,"Wrigley","Khedija"
"Sales",462414,"Klyachko","Alejandra"
"Sales",462482,"Fiebach","Torsten"
"Sales",462514,"Ellozy","Kolar"
"Sales",66137,"Gilg","Christoper"
"Sales",462578,"Chinin","Jackson"
"Sales",277277,"Sessa","Khatoun"
"Sales",462659,"Erni","Boguslaw"
"Sales",462711,"Spinelli","Urs"
"Sales",462720,"Krone","Hsiangchu"
"Sales",462725,"Bressoud","Amstein"
"Sales",462726,"Budinsky","Shugo"
"Sales",277285,"Roccetti","Jianhua"
"Sales",462742,"Kruskal","Jayson"
"Sales",277286,"Himler","Petter"
"Sales",65507,"Krychniak","Vojin"
"Sales",462793,"Cooman","Magy"
"Sales",277310,"Heping","Mandell"
"Sales",462837,"Manders","Mandell"
"Sales",462861,"Isaak","Kamran"
"Sales",488275,"Woycyznski","Ulises"
"Sales",65474,"Baig","Christoper"
"Sales",463038,"Janetzko","Houman"
"Sales",65428,"Luby","Herbert"
"Sales",463055,"Peternell","Arunachalam"
"Sales",463074,"Morrey","Theron"
"Sales",463115,"Baez","Marke"
"Sales",463185,"Rosay","Yahiko"
"Sales",488265,"Warwick","Augustine"
"Sales",463256,"Demos","Mabhin"
"Sales",277426,"Beetstra","Huican"
"Sales",463462,"Azumi","Divine"
"Sales",463522,"Hainaut","Ashish"
"Sales",465289,"Perez","Troy"
"Sales",465300,"Bail","Apostol"
"Sales",465306,"Munawer","Ghassan"
"Sales",65028,"Businaro","Yifei"
"Sales",465356,"Rajaraman","Apostol"
"Sales",465362,"Kolinko","Paddy"
"Sales",465401,"Angel","Edwin"
"Sales",64965,"Foote","Xiaoqiang"
"Sales",465445,"Nourani","IEEE"
"Sales",488257,"Itzigehl","Goncalo"
"Sales",64962,"Pollock","Heejo"
"Sales",435767,"Peha","Susanta"
"Sales",64944,"Siegrist","Ronnie"
"Sales",64929,"Marchesini","Ayakannu"
"Sales",471342,"Thorelli","Chuanyi"
"Sales",471343,"Andreotta","Mabo"
"Sales",425093,"Worfolk","Roded"
"Sales",471400,"Panangaden","Jixiang"
"Sales",471453,"Raczkowsky","Masato"
"Sales",277494,"Coullard","Kinh"
"Sales",471702,"Schurmann","Brendon"
"Sales",471715,"Schusler","Pasqua"
"Sales",277500,"Nourani","Chiradeep"
"Sales",64902,"Stanger","Lidong"
"Sales",277503,"Gomatam","Eberhardt"
"Sales",472143,"Sommen","Yahiko"
"Sales",472147,"Kitai","Shir"
"Sales",64549,"Keustermans","Maren"
"Sales",472179,"Kulisch","Bojan"
"Sales",64501,"Syrotiuk","Perla"
"Sales",64474,"Toyoshima","Golgen"
"Sales",472198,"Olano","Alain"
"Sales",277527,"Vuskovic","Yonghoan"
"Sales",277528,"Eugenio","Zorica"
"Sales",64466,"Paludetto","Hiroyasu"
"Sales",472277,"Perfilyeva","Qingxiang"
"Sales",472281,"Manderick","Itzchak"
"Sales",277534,"Openshaw","Nagui"
"Sales",64463,"Muhling","Mikhail"
"Sales",472553,"Kenevan","Fusako"
"Sales",472562,"Chepyzhov","Bogdan"
"Sales",472567,"Cappelli","Gudjon"
"Sales",472696,"Francisci","Aleksander"
"Sales",472734,"Brendel","Tzvetan"
"Sales",472800,"Joslin","Leen"
"Sales",277585,"Naudin","Sadun"
"Sales",472850,"Pusterhofer","Mona"
"Sales",64387,"Werthner","Monique"
"Sales",472873,"Validov","Jiang"
"Sales",472878,"Segond","Mansur"
"Sales",472882,"Scallan","Djelloul"
"Sales",472897,"Radwan","Sachar"
"Sales",472925,"Prampolini","Fusako"
"Sales",472929,"Panwar","Slavian"
"Sales",472936,"Georgakopoulos","Shem"
"Sales",472946,"Akaboshi","Sorina"
"Sales",277610,"Bierman","Aral"
"Sales",64357,"Brookman","Dmitry"
"Sales",425294,"Greibach","Dmitri"
"Sales",473022,"Moehrke","Chriss"
"Sales",64342,"Lambe","Guozhong"
"Sales",473103,"Marchegay","Florian"
"Sales",473113,"Angelov","Toshimitsu"
"Sales",473116,"Bultermann","Sadun"
"Sales",473169,"Fordan","Geoffry"
"Sales",473172,"Kampfer","Maja"
"Sales",473183,"Ecklund","Marek"
"Sales",277633,"Solares","Rimli"
"Sales",473268,"Sgarro","Hugo"
"Sales",473483,"Gulla","Genta"
"Sales",473501,"Jording","Ger"
"Sales",277646,"Pettit","Oscar"
"Sales",64226,"Mersereau","Margo"
"Sales",277658,"Jervis","Monique"
"Sales",277672,"Anido","Fayez"
"Sales",473598,"Sooriamurthi","Zissis"
"Sales",473633,"Perly","Bilhanan"
"Sales",473828,"Leslie","Sariel"
"Sales",473860,"Zielinski","Qunsheng"
"Sales",487977,"Gopalakrishnan","Yefim"
"Sales",473882,"Yeung","Akeel"
"Sales",64204,"Deville","Debaprosad"
"Sales",473887,"Snyers","Faiza"
"Sales",64191,"Domenig","Visit"
"Sales",473922,"Munck","Lidong"
"Sales",474065,"Braccini","DAIDA"
"Sales",474071,"Gruenwald","Mokhtar"
"Sales",474083,"Vakili","Aloys"
"Sales",474088,"Muhlberg","Dmitry"
"Sales",474155,"Cusworth","Tsuneo"
"Sales",64085,"Giarratana","Jaewoo"
"Sales",474215,"Whittlesey","Maha"
"Sales",474256,"Swab","Badri"
"Sales",277766,"Weisert","Hausi"
"Sales",64020,"Babb","Mariangiola"
"Sales",474515,"Hiltgen","Denis"
"Sales",64016,"Pell","Tadanori"
"Sales",474519,"Kawashima","Paloma"
"Sales",474551,"Petereit","Ingmar"
"Sales",425315,"Bergere","Phule"
"Sales",474563,"Jonsson","Zeljko"
"Sales",64013,"Picht","Ferdinand"
"Sales",477846,"Mateescu","Byong"
"Sales",474869,"Peron","Danae"
"Sales",474912,"Lemarechal","Nirmal"
"Sales",475174,"Picco","Zhiguo"
"Sales",475177,"Stassinopoulos","Sudharsan"
"Sales",63931,"Karnin","Shaunak"
"Sales",487956,"Bauknecht","Giao"
"Sales",277796,"Smailagic","Barry"
"Sales",277810,"Lakshmanan","Sanjeeva"
"Sales",63680,"Brobst","Samphel"
"Sales",435799,"Kaiserswerth","Gudjon"
"Sales",63670,"Cronau","Yannis"
"Sales",475613,"Steinauer","Irene"
"Sales",277817,"Michaels","Isamu"
"Sales",63653,"Heering","Cristinel"
"Sales",476024,"Kemmerer","Kwangsub"
"Sales",277825,"Strooper","Peer"
"Sales",63589,"Beerel","Nidapan"
"Sales",277841,"Burnard","Lucien"
"Sales",63577,"Salinas","Mayumi"
"Sales",476331,"Papastamatiou","Shigenori"
"Sales",425359,"Marchegay","Jaideep"
"Sales",476421,"Chorvat","Gaetan"
"Sales",476427,"Pappas","Martijn"
"Sales",476441,"Schicker","Rafail"
"Sales",277922,"Itzigehl","Kotesh"
"Sales",476777,"Gonthier","Moss"
"Sales",63231,"Muhlberg","Pantung"
"Sales",477066,"Wiegley","Karoline"
"Sales",477113,"Nilsson","Yucel"
"Sales",487351,"Molenkamp","Lansing"
"Sales",477124,"Buescher","Khatoun"
"Sales",278024,"Sridhar","Guangming"
"Sales",477140,"Murrill","Christfried"
"Sales",477141,"Kirkerud","Jeane"
"Sales",477153,"Stellhorn","Gaurav"
"Sales",477334,"Talmor","Rosita"
"Sales",63226,"Geffroy","Arch"
"Sales",477346,"Lanzelotte","Ayakannu"
"Sales",477348,"Fioravanti","Clyde"
"Sales",477351,"Assaf","Aksel"
"Sales",477372,"Wielonsky","Uzi"
"Sales",477389,"Claffy","Abdulah"
"Sales",477472,"Cools","Vitali"
"Sales",477669,"Masamoto","Mong"
"Sales",477707,"Itzigehl","Val"
"Sales",278111,"Carrere","Nobuyoshi"
"Sales",477822,"Alblas","Angel"
"Sales",62989,"Krupka","Filipe"
"Sales",478179,"Bugrara","Nathan"
"Sales",478195,"Gonthier","Luigi"
"Sales",478219,"Matzel","Arlette"
"Sales",478231,"Sifakis","Tze"
"Sales",478610,"Schiettecatte","Gererd"
"Sales",478628,"Lammel","Kiam"
"Sales",278173,"Taneja","Pantung"
"Sales",435816,"Birjandi","Qunsheng"
"Sales",478873,"Curless","Shir"
"Sales",487288,"Pargas","Miquel"
"Sales",478906,"Sadowsky","Arra"
"Sales",478926,"Unni","Jayesh"
"Sales",438211,"Gyorkos","Abdelkader"
"Sales",478933,"Honiden","Shawna"
"Sales",278271,"Gammage","George"
"Sales",478971,"Mansanne","Sumant"
"Sales",479226,"Krychniak","Cordelia"
"Sales",479236,"Heydon","Jamaludin"
"Sales",479245,"Heuser","Hatsukazu"
"Sales",62919,"Farrow","Shen"
"Sales",62540,"Qiwen","Mohit"
"Sales",479603,"Badache","Surveyors"
"Sales",435999,"Kenevan","Jaques"
"Sales",479924,"Gelosh","Tsutomu"
"Sales",479943,"Moehrke","Uno"
"Sales",479946,"Simkin","Pantung"
"Sales",479952,"Colorni","Shalesh"
"Sales",62515,"Peroz","Youssef"
"Sales",480354,"Schusler","Ewing"
"Sales",480400,"Shackell","Toshiki"
"Sales",487287,"Koshiba","Weijing"
"Sales",480460,"Isaak","Bernice"
"Sales",480490,"Undy","Lunjin"
"Sales",480711,"Assaf","Srinidhi"
"Sales",480730,"Bonifati","Masami"
"Sales",480735,"Haddadi","Ayakannu"
"Sales",62449,"Angelov","Jixiang"
"Sales",481146,"Ramras","Marek"
"Sales",481160,"Barvinok","Shan"
"Sales",62408,"Miake","Mountaz"
"Sales",481384,"Highland","Xiaoheng"
"Sales",481438,"Srimani","Aloke"
"Sales",278454,"Bugrara","Lech"
"Sales",481477,"Marciano","Taegyun"
"Sales",278458,"Demir","Teiji"
"Sales",437584,"Pouyioutas","Hinrich"
"Sales",481719,"Papadias","Tran"
"Sales",60530,"Roccetti","Lenore"
"Sales",278485,"Vandervoorde","Jeane"
"Sales",278503,"Codenie","Eirik"
"Sales",60527,"Luef","Huiqun"
"Sales",60519,"Thibadeau","Vesna"
"Sales",278549,"Werthner","Jaana"
"Sales",60485,"Babb","Hinrich"
"Sales",482583,"Wielonsky","Danil"
"Sales",482591,"Kading","Shahar"
"Sales",482606,"Thimonier","Lalit"
"Sales",482660,"Nitsch","Hugh"
"Sales",482674,"Uchoa","Marc"
"Sales",482680,"Herber","Toshiki"
"Sales",482682,"Woycyznski","Younwoo"
"Sales",483208,"Garnick","Aran"
"Sales",60172,"Perl","Kiyokazu"
"Sales",483228,"Vrecion","Lidong"
"Sales",487279,"Larfeldt","Angus"
"Sales",60132,"Middleton","Lein"
"Sales",484047,"Leivant","Danel"
"Sales",484103,"Dechter","Adas"
"Sales",278628,"Cronan","Nikolaos"
"Sales",484118,"Remmele","Denis"
"Sales",278631,"Bennis","Reinhold"
"Sales",484129,"Pusterhofer","Arra"
"Sales",484144,"Ouhyoung","Shahid"
"Sales",487269,"Daescu","Uwe"
"Sales",59364,"Miake","Fumiyo"
"Sales",278645,"Setia","Marko"
"Sales",484358,"Jansch","Hatim"
"Sales",59353,"Kossowski","Pradeep"
"Sales",484367,"Merli","Filipp"
"Sales",484374,"Pero","Otilia"
"Sales",484417,"Itzfeldt","Dung"
"Sales",484461,"Caine","Karsten"
"Sales",477834,"Cools","Yefim"
"Sales",278675,"Marrevee","Tonny"
"Sales",425496,"Ruemmler","Ramzi"
"Sales",484873,"Honiden","Jianhua"
"Sales",484961,"Kading","Shuichi"
"Sales",484984,"Brandsma","Eberhardt"
"Sales",485053,"Benantar","Tokuyasu"
"Sales",485098,"Demizu","Hidefumi"
"Sales",485107,"Kalsbeek","Subhrajyoti"
"Sales",485124,"Nanard","Prasadram"
"Sales",487254,"Kitsuregawa","Beshir"
"Sales",58979,"Ressouche","Yurij"
"Sales",425503,"Cheshire","Jolita"
"Sales",278736,"Glinert","Shahar"
"Sales",485360,"Docker","Chriss"
"Sales",425510,"Varker","Youssef"
"Sales",58888,"Luce","Dharmaraja"
"Sales",58875,"Chelton","Keiichiro"
"Sales",485447,"Tetzlaff","Isaac"
"Sales",485514,"Quaggetto","Georgy"
"Sales",485548,"Falco","Marko"
"Sales",485550,"Lenart","Danel"
"Sales",487251,"Bahr","Zhilian"
"Sales",485703,"Yetto","Subhankar"
"Sales",485716,"Ratnakar","Shan"
"Sales",485720,"Swiler","Eberhardt"
"Sales",58557,"Deyuan","Basil"
"Sales",58025,"Dechter","Marlo"
"Sales",485811,"Waleschkowski","Ziva"
"Sales",278935,"Schahn","Sumali"
"Sales",486680,"Penn","Gaurav"
"Sales",486684,"McClurg","Owen"
"Sales",57978,"Suppi","Haldun"
"Sales",486749,"Henders","Sigeru"
"Sales",486792,"Swan","Alois"
"Sales",57965,"Bolsens","Manton"
"Sales",486849,"Lieblein","Sudhanshu"
"Sales",487097,"Lieblein","Gen"
"Sales",487029,"Constantine","Mahmut"
"Sales",57937,"Schneeberger","Xiaocheng"
"Sales",487178,"Stentiford","Moheb"
"Sales",487181,"Rajaraman","Ipke"
"Sales",487374,"Swiss","Jayesh"
"Sales",487398,"Frijda","Arra"
"Sales",487446,"Neiman","Olivera"
"Sales",487449,"Baaleh","Hidekazu"
"Sales",57930,"Veeraraghavan","Hideyuki"
"Sales",425524,"Makinen","JoAnne"
"Sales",487556,"McAlpine","Leandro"
"Sales",279134,"Lorch","Manu"
"Sales",279137,"Ullian","Chenye"
"Sales",487626,"Krogh","Chaoyi"
"Sales",477655,"Oxenboll","Serap"
"Sales",487662,"Slutz","Jaques"
"Sales",279175,"Serre","Shmuel"
"Sales",487697,"Marciano","Conrado"
"Sales",487711,"Birta","Khatoun"
"Sales",487798,"Cappelletti","Bingning"
"Sales",57875,"Zeleznik","Bokyung"
"Sales",279228,"Verspoor","Yannis"
"Sales",279229,"Karnin","Oldrich"
"Sales",475715,"Rathonyi","Sachin"
"Sales",488119,"Peir","Tokuyasu"
"Sales",425537,"Kitai","Subhash"
"Sales",57527,"Garigliano","Conal"
"Sales",488182,"Granlund","Eldridge"
"Sales",488404,"Parveen","Barna"
"Sales",488452,"Falby","Uli"
"Sales",488456,"Vesna","Eran"
"Sales",488499,"Glinert","Hiroyasu"
"Sales",488525,"Zolotykh","Leen"
"Sales",488526,"Fraisse","Monique"
"Sales",279285,"Peltason","Genevieve"
"Sales",57419,"Guting","Tesuya"
"Sales",57411,"Harnett","Pantung"
"Sales",488918,"Munos","Tamiya"
"Sales",488943,"Lorho","Cordelia"
"Sales",488952,"Openshaw","Conal"
"Sales",488988,"Puppe","Izaskun"
"Sales",489307,"Cardazo","Brendon"
"Sales",489308,"Marchesini","Fan"
"Sales",489319,"Theuretzbacher","Yuichiro"
"Sales",279355,"Guerreiro","Houman"
"Sales",279361,"Kakkad","Jagoda"
"Sales",489557,"Nittel","Shaowei"
"Sales",489561,"Tokunaga","Roselyn"
"Sales",489590,"Hagimont","Goetz"
"Sales",57167,"Lindqvist","Ramachenga"
"Sales",57135,"Dolinsky","Christ"
"Sales",57107,"Serre","Shigenori"
"Sales",489684,"Herath","Shichao"
"Sales",279386,"Verspoor","Parto"
"Sales",57082,"Papsdorf","Terresa"
"Sales",489913,"DuCasse","Padma"
"Sales",489917,"Hambrick","Nigel"
"Sales",489961,"Krider","Snehasis"
"Sales",490003,"Escriba","Owen"
"Sales",490055,"Hofman","Gill"
"Sales",490092,"Mateescu","Basil"
"Sales",279462,"Wendorf","Renee"
"Sales",490204,"Waymire","Abdelaziz"
"Sales",490221,"Horswill","Berry"
"Sales",279505,"Narahari","Maia"
"Sales",490227,"Peris","Sanjoy"
"Sales",425582,"Guting","Giordano"
"Sales",490235,"Kropf","Shrikanth"
"Sales",490241,"Ananiadou","Deniz"
"Sales",279553,"Brlek","Elzbieta"
"Sales",490336,"Biros","Charlene"
"Sales",279573,"Nyanchama","Sigeru"
"Sales",490367,"Cooley","Ranga"
"Sales",490606,"Bazzichi","Shichao"
"Sales",490676,"Speckmann","Yoshimitsu"
"Sales",279594,"Ponthieu","Alexius"
"Sales",56754,"Rusmann","Stein"
"Sales",279606,"Beerel","Mabhin"
"Sales",436090,"Calkin","Barna"
"Sales",491015,"Yoshimura","Xudong"
"Sales",56713,"Conde","Fumitaka"
"Sales",491031,"Markovitch","Cullen"
"Sales",491415,"Nations","Sanjoy"
"Sales",491426,"Roccetti","Ravishankar"
"Sales",56496,"Lorcy","Billie"
"Sales",491544,"Fujisawa","Maren"
"Sales",491569,"Hemaspaandra","Lidong"
"Sales",56446,"Erdmenger","Huei"
"Sales",491612,"Horswill","Kien"
"Sales",491616,"Valtorta","Geoff"
"Sales",56371,"Mullainathan","Irene"
"Sales",56363,"DeMori","Heather"
"Sales",491730,"Esposito","Kirk"
"Sales",491732,"Denti","Ebru"
"Sales",491811,"Casperson","Angel"
"Sales",491875,"Baba","Ebbe"
"Sales",279813,"Harnett","Shirish"
"Sales",56165,"Erdi","Constantine"
"Sales",491902,"Vidal","Rosita"
"Sales",486325,"Peck","Persi"
"Sales",56158,"Puoti","Rafael"
"Sales",491911,"Vidal","Yuping"
"Sales",491924,"Clouatre","Premsyl"
"Sales",56130,"Famili","Etsuo"
"Sales",56113,"Strehl","Aleksander"
"Sales",491966,"Pouyioutas","Moie"
"Sales",491986,"Bratsberg","Hisao"
"Sales",491995,"Seghrouchni","Parviz"
"Sales",279849,"Narahari","Alair"
"Sales",492053,"Vesel","Elrique"
"Sales",492061,"Cyne","Eran"
"Sales",56070,"Jansen","Vasilis"
"Sales",492140,"Suppi","Pragnesh"
"Sales",56053,"Cummings","Shir"
"Sales",492167,"Fandrianto","Sachio"
"Sales",279876,"Peak","Gal"
"Sales",492267,"Krogh","Niranjan"
"Sales",492272,"Lupu","Aiichiro"
"Sales",279878,"Prampolini","Giap"
"Sales",492281,"Hooghiemstra","Radhakrishnan"
"Sales",492288,"Munro","Fumitake"
"Sales",486284,"Peternell","Venkatesan"
"Sales",492316,"Barbanera","Ewing"
"Sales",492371,"Biros","Gay"
"Sales",492526,"Driscoll","Kien"
"Sales",55828,"Tetzlaff","Jaques"
"Sales",492601,"Jervis","Mircea"
"Sales",55773,"Barreiro","Toshimi"
"Sales",492769,"Alpay","Susanne"
"Sales",279997,"Burnard","Heeju"
"Sales",55741,"Conde","Vasilii"
"Sales",280002,"Kabayashi","Heejo"
"Sales",280004,"Passino","Bikash"
"Sales",492926,"Journel","Yuchang"
"Sales",55725,"Gils","Harjit"
"Sales",493008,"Lanphier","Yagil"
"Sales",280010,"Awdeh","Arnould"
"Sales",493149,"Parascandalo","Xinyu"
"Sales",493174,"Czaja","Yinlin"
"Sales",280021,"Schmezko","Mechthild"
"Sales",493214,"Angelopoulos","Snehasis"
"Sales",493285,"Syrzycki","Gennady"
"Sales",493297,"Kusalik","Roddy"
"Sales",493318,"Angelov","Zhonghua"
"Sales",425704,"Anger","Zhiguo"
"Sales",280077,"Keohane","Qunsheng"
"Sales",55271,"Colorni","Laurentiu"
"Sales",493393,"Murrill","Vincent"
"Sales",493395,"Yurek","Tzu"
"Sales",493399,"Peris","Zhilian"
"Sales",280101,"Henders","Mabo"
"Sales",55228,"Millington","Keiichiro"
"Sales",493476,"McFarlin","Aleksandar"
"Sales",55213,"Stenning","Martina"
"Sales",493485,"Laurillard","Nathalie"
"Sales",493495,"Maquelin","Toshimori"
"Sales",55198,"Wissmann","Moss"
"Sales",493557,"Renear","Froduald"
"Sales",493671,"Chiola","Mikhail"
"Sales",280198,"Llado","Apostol"
"Sales",280205,"Peres","Uinam"
"Sales",493849,"Grandbois","Shigeaki"
"Sales",54987,"Schwabacher","Sven"
"Sales",493884,"Ernst","Takushi"
"Sales",493892,"Pfau","Maya"
"Sales",493934,"Sidou","Reinhold"
"Sales",493948,"Larfeldt","Renee"
"Sales",493949,"Terlouw","Zhenhua"
"Sales",486095,"Katzenelson","Tran"
"Sales",493960,"Vecchi","Guozhong"
"Sales",280236,"Vingron","Sadegh"
"Sales",493963,"Poehlman","Junichi"
"Sales",493970,"Macedo","Danil"
"Sales",493982,"Pintelas","Jeanna"
"Sales",494039,"Tsukune","Valter"
"Sales",486052,"Hainaut","Jianhua"
"Sales",283963,"Avouris","Moti"
"Sales",54960,"Lowrie","Hideyuki"
"Sales",54944,"Kampfer","Huiqun"
"Sales",283975,"Plump","Mariangiola"
"Sales",284019,"Czap","Mountaz"
"Sales",494273,"Rotem","Shahab"
"Sales",494294,"Jeansoulin","Kwan"
"Sales",284058,"Morrin","Paddy"
"Sales",494426,"Cannata","Mabhin"
"Sales",284081,"Kampfer","Deniz"
"Sales",494466,"Bednarek","Jaber"
"Sales",494829,"Schusler","Honglan"
"Sales",494834,"Karcich","Debatosh"
"Sales",494843,"Thimonier","Brewster"
"Sales",54684,"Kawashimo","Arto"
"Sales",54655,"Kossowski","Lenore"
"Sales",495110,"Kilgour","Shakhar"
"Sales",495137,"Zumaque","Martins"
"Sales",54597,"Luca","Ekawit"
"Sales",495138,"Oxenboll","Adil"
"Sales",495160,"Birjandi","Gen"
"Sales",287656,"Ishibashi","Teruyuki"
"Sales",495189,"Beeson","Domenico"
"Sales",287664,"Clemencon","Guther"
"Sales",495199,"Compeau","Udi"
"Sales",495217,"Juneja","Leah"
"Sales",495419,"Showalter","Shuky"
"Sales",287685,"Egerstedt","Dhritiman"
"Sales",495490,"Poulakidas","Ennio"
"Sales",425737,"Tchuente","Larisa"
"Sales",495576,"Mahmud","Lubomir"
"Sales",495641,"Ferretti","Guenter"
"Sales",287697,"Eiter","Sumant"
"Sales",425741,"Fontan","Hiroyasu"
"Sales",495716,"dAstous","Nathalie"
"Sales",495787,"Erdi","Kazuyasu"
"Sales",495806,"Matzel","Ronnie"
"Sales",495844,"Impagliazzo","Fumiko"
"Sales",287733,"Socorro","Shietung"
"Sales",54286,"Erbe","Kaijung"
"Sales",495985,"Buchter","Makato"
"Sales",437605,"Bage","Nadjib"
"Sales",496041,"Stifter","Abdulla"
"Sales",54277,"Pettit","Phule"
"Sales",496070,"Garnham","Sasan"
"Sales",54261,"Marsiglia","Spyrose"
"Sales",437613,"Nyrup","Greger"
"Sales",496104,"Kobara","Avishai"
"Sales",496131,"Krone","Xuejia"
"Sales",496188,"Demian","Renee"
"Sales",54233,"Nivat","Stabislas"
"Sales",287761,"Pargaonkar","Patricia"
"Sales",287763,"Decaestecker","Huiqun"
"Sales",496254,"Velasco","Weijing"
"Sales",287790,"Shigei","Kenton"
"Sales",496350,"Ramsay","Mohd"
"Sales",496392,"Bernatsky","Gian"
"Sales",496424,"Quadeer","Bouchung"
"Sales",496426,"Yurov","Akeno"
"Sales",288831,"Figueira","Dmitry"
"Sales",496497,"Famili","Arunachalam"
"Sales",54189,"Sifakis","Kellyn"
"Sales",54014,"Kenevan","Neelam"
"Sales",496546,"Peris","Ashish"
"Sales",486008,"Busillo","Yongmao"
"Sales",53983,"Garnier","Sailaja"
"Sales",288852,"Monarch","Hongzhu"
"Sales",496596,"Hinsberger","Fumino"
"Sales",53981,"Merle","Manohar"
"Sales",496682,"Gide","Kauko"
"Sales",496695,"Covnot","Renee"
"Sales",288878,"Kumaresan","Girolamo"
"Sales",496731,"Terekhov","Zhiwei"
"Sales",53910,"Dredge","Mayuri"
"Sales",496736,"Brizzi","Shooichi"
"Sales",496751,"Figueira","Marlo"
"Sales",496762,"Merle","Sreekrishna"
"Sales",496788,"Gruenwald","Gino"
"Sales",496799,"Cronan","Perry"
"Sales",496812,"Pietracaprina","Fai"
"Sales",53512,"Mikschl","Alejandra"
"Sales",496859,"Peris","Georg"
"Sales",496870,"Kakkar","Shuho"
"Sales",496931,"Krichel","Armond"
"Sales",496968,"Narlikar","Hugh"
"Sales",288921,"Riefers","Irene"
"Sales",496975,"Ohori","Eckart"
"Sales",496999,"Bridgland","Hsiangchu"
"Sales",53492,"Melski","Makato"
"Sales",497074,"Peroz","Gina"
"Sales",497124,"Christ","Sushant"
"Sales",497160,"Thiran","Heon"
"Sales",497462,"Speckmann","Kwangsub"
"Sales",53418,"Alencar","Hiroyasu"
"Sales",497942,"Sigstam","Xiaoheng"
"Sales",53376,"Bergere","Yakkov"
"Sales",497996,"Rassart","Mostafa"
"Sales",498013,"Schaaf","Jiafu"
"Sales",53372,"Menhoudj","Divine"
"Sales",498021,"DasSarma","Khatoun"
"Sales",53362,"Stroustrup","Shuho"
"Sales",498251,"Murtagh","Serenella"
"Sales",289083,"Constantine","Leni"
"Sales",498292,"Morrow","Zita"
"Sales",498336,"Hebert","Anoosh"
"Sales",498371,"Luga","Girolamo"
"Sales",475679,"Akazan","Arve"
"Sales",498381,"Lichtman","Constantino"
"Sales",498606,"Suessmith","Torsten"
"Sales",498607,"Zuberek","Zhiguo"
"Sales",498618,"Szmurlo","Garnet"
"Sales",53140,"Swick","Xiong"
"Sales",289098,"Passafiume","Xinan"
"Sales",498670,"Menyhert","Aram"
"Sales",53105,"Marchegay","Rosalie"
"Sales",498937,"Hopewell","Katsuyuki"
"Sales",498998,"Syrzycki","Cheong"
"Sales",475041,"Pellegrinelli","Moty"
"Sales",499094,"Leslie","Arco"
"Sales",53063,"Journel","Kolar"
"Sales",499102,"Guenter","Shounak"
"Sales",499120,"Fiutem","Anneli"
"Sales",53061,"Milicia","Yuqun"
"Sales",499180,"Serdy","Limsoon"
"Sales",499188,"Honglei","Abdulla"
"Sales",53022,"Benner","Nirmal"
"Sales",499259,"Pardalos","Weiwu"
"Sales",499269,"Grandbois","Sanjay"
"Sales",499284,"Crooks","Shuho"
"Sales",53013,"Thiria","Tayeb"
"Sales",52816,"Petersohn","Shounak"
"Sales",499370,"Showalter","Leon"
"Sales",289412,"Schaft","Berna"
"Sales",499469,"Brlek","Dayanand"
"Sales",425871,"Gimbel","Weiye"
"Sales",499578,"Serot","Jianhao"
"Sales",289465,"Griswold","Filipp"
"Sales",499622,"Henders","Janche"
"Sales",499641,"Nannarelli","Mart"
"Sales",289475,"Liesche","Goo"
"Sales",499660,"Schade","Valery"
"Sales",499663,"Joslin","Eishiro"
"Sales",499681,"Heemskerk","Kazuhito"
"Sales",52699,"Schauser","JiYoung"
"Sales",499698,"Luff","Franziska"
"Sales",499727,"Ellozy","Khaled"
"Sales",485906,"Potthoff","Conal"
"Sales",499781,"Kroha","Mori"
"Sales",52444,"Serna","Tiina"
"Sales",499817,"Pusterhofer","Lihong"
"Sales",52426,"Auyong","Mabo"
"Sales",425886,"Solares","Kirk"
"Sales",499895,"Leuchs","Raimond"
"Sales",485885,"Simkin","Raimond"
"Sales",289527,"Chenoweth","Serap"
"Sales",289533,"Kornyak","Gennady"
"Sales",52410,"Giveon","Tesuya"
"Sales",499980,"Usery","Gino"
"Sales",289542,"Luft","Selwyn"
"Sales",52390,"Pauthner","Leszek"
"Sales",52386,"Denti","Adas"
"Sales",10068,"Brattka","Charlene"
"Sales",289593,"Barinka","Maya"
"Sales",10087,"Eugenio","Xinglin"
"Sales",10088,"Syrzycki","Jungsoon"
"Sales",10101,"Heyers","Perla"
"Sales",10408,"Kaiser","Martijn"
"Sales",10411,"Klerer","Lidong"
"Sales",10461,"Karcich","Gal"
"Sales",10463,"Zaiane","Ung"
"Sales",485351,"Bridgland","Ishfaq"
"Sales",10561,"Joslin","Serge"
"Sales",10568,"Poulakidas","Gao"
"Sales",10603,"Restivo","Wayne"
"Sales",289661,"Daescu","Zdislav"
"Sales",10619,"Kusakabe","Vivian"
"Sales",10638,"Borovoy","Jenwei"
"Sales",10692,"Bage","Larisa"
"Sales",10754,"Feinberg","Chenyi"
"Sales",10837,"Karlin","Chuanti"
"Sales",289686,"Rajala","Ortrun"
"Sales",11056,"Speel","Palash"
"Sales",52089,"Rebaine","Gina"
"Sales",289707,"Gammage","Xiahua"
"Sales",289729,"Speer","Tsutomu"
"Sales",289730,"Perez","Gian"
"Sales",11547,"Flexer","Kyoichi"
"Sales",11556,"Hashii","Masasuke"
"Sales",425986,"Riefers","Rafael"
"Sales",485312,"Montresor","Garnik"
"Sales",11660,"Stenning","Gill"
"Sales",11662,"Hofting","Mokhtar"
"Sales",52047,"Mapelli","Gita"
"Sales",11904,"Flasterstein","DeForest"
"Sales",11936,"Jonsson","Oddvar"
"Sales",11941,"Cyre","Gaurav"
"Sales",11966,"Rotem","Poornachandra"
"Sales",436179,"Baek","Guoxiang"
"Sales",12013,"Vidya","Baziley"
"Sales",289798,"Kusakabe","Marl"
"Sales",289815,"Molberg","Jolita"
"Sales",436182,"Dusink","Matt"
"Sales",52018,"Gniady","Eldridge"
"Sales",12082,"Yamaashi","Xinan"
"Sales",12119,"Peot","Sachin"
"Sales",52017,"Peot","Radhakrishnan"
"Sales",289829,"Cooke","Hitofumi"
"Sales",12225,"Narahara","Yongqiao"
"Sales",51833,"Butner","Naftali"
"Sales",12290,"Braccini","Jeanne"
"Sales",436189,"Zwicker","Mats"
"Sales",12567,"DasSarma","Horward"
"Sales",12591,"Makrucki","Georgy"
"Sales",289887,"Rettelbach","Tzvetan"
"Sales",12673,"Rajala","Jouni"
"Sales",289911,"Puoti","Jayesh"
"Sales",51751,"Alameldin","Marek"
"Sales",12872,"Schmittgen","Marl"
"Sales",12890,"Casley","Neven"
"Sales",289918,"Fadgyas","Pohua"
"Sales",485291,"Leijenhorst","Lenore"
"Sales",12909,"Lamba","Dipankar"
"Sales",12919,"Cooley","Owen"
"Sales",289939,"Coombs","Jaewon"
"Sales",12962,"Beerel","Paraskevi"
"Sales",289946,"Swen","Zhonghui"
"Sales",12974,"Frolund","Gift"
"Sales",13205,"Breugel","Maja"
"Sales",13213,"Billawala","Hein"
"Sales",13249,"Rissland","Oldrich"
"Sales",51232,"Leslie","Sanjoy"
"Sales",13423,"Chartres","Giri"
"Sales",13436,"Picaronny","Mana"
"Sales",426052,"Morrow","Manohar"
"Sales",13475,"Piancastelli","Kamakshi"
"Sales",51209,"Gopalakrishnan","Paloma"
"Sales",13865,"Peir","Junsik"
"Sales",485286,"Ruther","Radhika"
"Sales",13916,"Wynblatt","Vidya"
"Sales",50993,"Reutenauer","Bartek"
"Sales",50989,"Llado","Bojan"
"Sales",13928,"Nitta","Mahmut"
"Sales",13993,"Marciano","Troy"
"Sales",50948,"Alpin","Jouko"
"Sales",290089,"Highland","Alain"
"Sales",290116,"Servi","Sukumar"
"Sales",290143,"Kamber","Deniz"
"Sales",485258,"Merkl","Tokuyasu"
"Sales",50924,"Rouquie","Bernt"
"Sales",14767,"Merle","Jianhua"
"Sales",14778,"Trystram","Bernd"
"Sales",14837,"Cappello","Perry"
"Sales",436222,"Zweizig","King"
"Sales",15203,"Fontet","Adly"
"Sales",50847,"Erdmenger","Souichi"
"Sales",15221,"Kroha","Alselm"
"Sales",15268,"Fujisawa","Bernardo"
"Sales",50645,"Pramanik","Vitali"
"Sales",290191,"Chinen","Kazuyasu"
"Sales",15333,"Matzel","Djelloul"
"Sales",50641,"McAlpine","Salvador"
"Sales",50640,"Spataro","Akeno"
"Sales",15729,"Baalen","Tse"
"Sales",426117,"Herath","Jaques"
"Sales",15782,"Munch","Ipke"
"Sales",485252,"Siegrist","Abdelwaheb"
"Sales",16256,"Jakobus","Carrsten"
"Sales",485243,"Ressouche","Uri"
"Sales",290469,"Huxford","Morris"
"Sales",16279,"Erde","Berhard"
"Sales",16283,"Fortenbacher","Izaskun"
"Sales",16289,"Rahimi","Muzhong"
"Sales",16699,"Bhattacharjee","Kayoko"
"Sales",290492,"Cummings","Sorina"
"Sales",16714,"Shigei","Arnd"
"Sales",426152,"Laventhal","Mansur"
"Sales",16780,"Shinomoto","Jeane"
"Sales",426153,"Luce","Shahaf"
"Sales",16824,"Chaudhuri","Masadi"
"Sales",16844,"Kitai","Geoffry"
"Sales",290570,"Wissmann","Alagu"
"Sales",17611,"Luit","Janche"
"Sales",50541,"Lienhardt","Zhiwei"
"Sales",17681,"Schauser","Eran"
"Sales",17687,"Undy","Lucian"
"Sales",17886,"Botman","Jayesh"
"Sales",17894,"Swan","Irena"
"Sales",290825,"Heystek","Zhigen"
"Sales",290835,"Angot","Susuma"
"Sales",17942,"Velardi","Masaru"
"Sales",17981,"Rande","Cordelia"
"Sales",18001,"Peral","Odoardo"
"Sales",290839,"Aamodt","Guoxiang"
"Sales",290890,"Vitiello","Margareta"
"Sales",18284,"Riefers","Huican"
"Sales",50233,"Dulay","Feiyu"
"Sales",290918,"Mawatari","Mantis"
"Sales",18312,"Biros","Rosalyn"
"Sales",18345,"Greenaway","Feiyu"
"Sales",18386,"Zyda","Alagu"
"Sales",426176,"Siochi","Christoph"
"Sales",18401,"Itzfeldt","Vidya"
"Sales",50216,"Hagimont","Mingsen"
"Sales",18443,"Swick","Florina"
"Sales",291055,"Demeyer","King"
"Sales",50213,"Swiss","Taisook"
"Sales",18490,"Limongiello","Hein"
"Sales",18512,"Percebois","Mahmut"
"Sales",50207,"Huxford","Feiyu"
"Sales",291076,"Kusalik","Shaibal"
"Sales",18763,"Baja","Weijing"
"Sales",49968,"Axelband","Sanjit"
"Sales",485206,"Pero","Padma"
"Sales",291114,"Munawer","Zeydy"
"Sales",19069,"Servi","Dayanand"
"Sales",291120,"Matzen","Xuedong"
"Sales",19160,"Jervis","Tetsurou"
"Sales",485197,"Garnham","Muneo"
"Sales",291124,"Anandan","Yucai"
"Sales",49848,"Geffroy","Miomir"
"Sales",19414,"Kropatsch","Toong"
"Sales",19436,"Vendrig","Heping"
"Sales",49491,"Dulli","Shigeo"
"Sales",19716,"Laurillard","Dines"
"Sales",49464,"Cappelletti","Siddarth"
"Sales",19770,"Einsfeld","Fabrizio"
"Sales",49458,"Weisert","Taiji"
"Sales",19841,"Straney","Adil"
"Sales",19859,"Denis","Gal"
"Sales",19869,"Seghrouchni","Fusako"
"Sales",291183,"Limongiello","Mart"
"Sales",20897,"Senzako","Satoru"
"Sales",20926,"Serot","Zvonko"
"Sales",20969,"Baik","Francesca"
"Sales",49412,"Litzkow","Steen"
"Sales",21024,"Czap","Hinrich"
"Sales",21266,"Ozeki","Vitali"
"Sales",21304,"Cardazo","Serge"
"Sales",21319,"Passafiume","Moie"
"Sales",49333,"Underwood","Rayond"
"Sales",49115,"Engelmann","Xinan"
"Sales",21369,"Kadhim","Georgi"
"Sales",21550,"Driscoll","Zhongwei"
"Sales",21563,"Hettesheimer","Kasidit"
"Sales",21566,"Demos","Angel"
"Sales",291306,"Chaudhury","Kensei"
"Sales",21609,"Pappas","Sibyl"
"Sales",49103,"Laventhal","Renny"
"Sales",49063,"Nyanchama","Salvador"
"Sales",21638,"Winter","Yucai"
"Sales",21669,"Servieres","Morrie"
"Sales",21682,"Heinisuo","Arunas"
"Sales",21742,"Swan","Munehiko"
"Sales",49024,"Denti","Rutger"
"Sales",21769,"Ghazalie","Maik"
"Sales",21772,"Viele","Dines"
"Sales",21855,"Morrow","Nirmal"
"Sales",21880,"Gecsei","Kiyotoshi"
"Sales",49003,"Laventhal","Odoardo"
"Sales",48804,"Barbanera","Yonghong"
"Sales",22120,"Waleschkowski","Danai"
"Sales",22136,"Thiran","Naftali"
"Sales",22147,"Zockler","Yahiko"
"Sales",22161,"Pezzoli","Kazuhito"
"Sales",23160,"Ressouche","Jinya"
"Sales",23163,"Herbst","Kwan"
"Sales",426269,"Vernadat","Supot"
"Sales",23240,"Ghalwash","Brigham"
"Sales",48702,"Shrader","Radhika"
"Sales",23293,"Rassart","Yagil"
"Sales",291472,"Langford","Adly"
"Sales",48677,"Kushnir","Eran"
"Sales",48388,"Zedlitz","Fun"
"Sales",23418,"Marakhovsky","Oscar"
"Sales",23464,"Baranowski","Tomokazu"
"Sales",23471,"Montemayor","Miomir"
"Sales",23480,"Busillo","Dannz"
"Sales",48139,"Bultermann","Perry"
"Sales",48115,"Gaughan","Kristina"
"Sales",23555,"Provine","Khosrow"
"Sales",23633,"Nyrup","Jinpo"
"Sales",291487,"Hasenauer","Abdelwaheb"
"Sales",48100,"Junet","Krassimir"
"Sales",48094,"Birge","Basil"
"Sales",48092,"Furudate","Shuichi"
"Sales",23694,"Angel","Ugo"
"Sales",484806,"Gulla","Jianhui"
"Sales",23817,"Coorg","Duri"
"Sales",23849,"Segond","Berthier"
"Sales",23860,"Kumaresan","Malu"
"Sales",23865,"Selenyi","Conrado"
"Sales",48081,"Speel","Werner"
"Sales",23946,"Streit","Carrsten"
"Sales",23985,"Gargeya","Xudong"
"Sales",426305,"Arlazarov","Nitsan"
"Sales",291595,"Masand","Zhaofang"
"Sales",48011,"Ramaiah","Stevo"
"Sales",24180,"Marrevee","Jungsoon"
"Sales",24187,"Coullard","Aemilian"
"Sales",291673,"Munck","Bernt"
"Sales",291680,"Clouatre","Yuchang"
"Sales",24265,"Mandell","Nakhoon"
"Sales",47808,"Luft","Mohamadou"
"Sales",24287,"Pashtan","Sibyl"
"Sales",291717,"Hiroyama","Masanao"
"Sales",24311,"Naudin","Emdad"
"Sales",484787,"Perez","Miquel"
"Sales",291734,"Heinisuo","Serge"
"Sales",24381,"Boissier","Gaurav"
"Sales",291736,"McConalogue","Shay"
"Sales",24397,"Shimshoni","Shaibal"
"Sales",24405,"Pluym","Shaowei"
"Sales",24431,"Loncour","Mana"
"Sales",24489,"McAffer","Yuuichi"
"Sales",24498,"Turnbull","Chinho"
"Sales",24537,"Weiland","Moheb"
"Sales",24553,"Passafiume","Anwar"
"Sales",291781,"Schreiter","Divier"
"Sales",24755,"Borstler","Aran"
"Sales",24773,"Ramsay","Younwoo"
"Sales",24862,"Muntz","Susumu"
"Sales",47767,"Rotem","Goetz"
"Sales",24946,"Glowinski","Ennio"
"Sales",47750,"Adachi","Gonzalo"
"Sales",24969,"Baby","Subhrajyoti"
"Sales",24985,"Bottner","Martins"
"Sales",25022,"Hiroyama","Zengping"
"Sales",25039,"Puppe","Marin"
"Sales",47733,"Asrin","Nectarios"
"Sales",25276,"Leijenhorst","Sachio"
"Sales",25309,"Detkin","Hilary"
"Sales",25324,"Reutenauer","Shounak"
"Sales",25370,"Puoti","Jagoda"
"Sales",25944,"Rodite","Youssef"
"Sales",291873,"Matzov","Arto"
"Sales",291900,"Stanfel","Richara"
"Sales",291911,"Heuser","Valeska"
"Sales",26155,"Garnick","Anyuan"
"Sales",26197,"Oppitz","Lein"
"Sales",26243,"Birge","Jiong"
"Sales",26260,"Narlikar","Babette"
"Sales",26365,"Veevers","Hercules"
"Sales",26383,"Vrecion","Stein"
"Sales",26395,"Dusink","Slavian"
"Sales",291976,"Grandbois","Feixiong"
"Sales",47256,"DuBourdieux","Takahiro"
"Sales",26778,"Scharstein","Zeljko"
"Sales",484695,"Katiyar","Marit"
"Sales",26886,"Rikino","Ung"
"Sales",292026,"Breugel","Yurij"
"Sales",26948,"Kropp","Morris"
"Sales",27064,"Peltason","Tamiya"
"Sales",292045,"Pargas","Peternela"
"Sales",28103,"Sinitsyn","Clyde"
"Sales",46919,"Karner","Giri"
"Sales",292051,"Jansen","Heeju"
"Sales",28181,"Spinelli","Subhrajyoti"
"Sales",28197,"Edelhoff","Aemilian"
"Sales",46889,"Schiper","Akeno"
"Sales",484600,"Bernardeschi","Shim"
"Sales",46875,"Frolund","Adin"
"Sales",28439,"Bahl","Subhash"
"Sales",46858,"Gente","Lubomir"
"Sales",28477,"Gaughan","Chriss"
"Sales",28479,"Bondorf","Nahum"
"Sales",292316,"Siepmann","Shrikanth"
"Sales",28503,"Maginnis","Satyanarayana"
"Sales",28753,"Lichtner","Leaf"
"Sales",28764,"Luca","Qunsheng"
"Sales",28783,"Trachtenberg","Jessie"
"Sales",28786,"Kolinko","Dulce"
"Sales",46619,"Docker","Taizo"
"Sales",484577,"Crelier","Macha"
"Sales",46591,"Ducloy","Ingemar"
"Sales",28892,"Isaak","Caolyn"
"Sales",28923,"Lanteri","Lorien"
"Sales",28946,"Erez","Rafail"
"Sales",46574,"Sinitsyn","Yuping"
"Sales",28979,"Candan","Hironobu"
"Sales",29061,"Yeung","Odinaldo"
"Sales",46541,"Mahmud","Georg"
"Sales",29261,"Kopetz","Paraskevi"
"Sales",29273,"Olano","Parke"
"Sales",484550,"Daescu","Moto"
"Sales",29333,"Fritzsche","Gretta"
"Sales",29348,"Gajiwala","Tamiya"
"Sales",29650,"McAffer","Patricio"
"Sales",29660,"Schicker","Kauko"
"Sales",292654,"Kaltofen","Steve"
"Sales",29726,"Murtafg","Shuzo"
"Sales",29944,"Karlin","Gopalakrishnan"
"Sales",477312,"Ramalingam","Fay"
"Sales",29978,"Rissland","Renny"
"Sales",30017,"Usdin","Rasikan"
"Sales",30044,"Rusmann","Achilleas"
"Sales",30059,"Schiettecatte","Abdelkader"
"Sales",30063,"Krybus","Krister"
"Sales",30321,"Aingworth","Shunichi"
"Sales",30398,"Stanger","Phuoc"
"Sales",436267,"Rothe","Adam"
"Sales",30587,"Navazio","Sanjiv"
"Sales",30594,"Picel","Hitomi"
"Sales",484285,"Schaaf","Fumitake"
"Sales",484267,"Heyers","Ennio"
"Sales",30662,"Pouyioutas","Basil"
"Sales",45973,"Bernatsky","Mokhtar"
"Sales",484245,"Kadhim","Nathalie"
"Sales",30730,"Pelc","Willard"
"Sales",30927,"Coullard","Kristen"
"Sales",477304,"Choobineh","Toshimitsu"
"Sales",45923,"Xiaoshan","Masato"
"Sales",292787,"Wielonsky","Sariel"
"Sales",45919,"Denti","Aemilian"
"Sales",31038,"Birnbaum","Arvin"
"Sales",31042,"Velasco","Anwar"
"Sales",292790,"Besancenot","Jacopo"
"Sales",31339,"Baca","Panayotis"
"Sales",45915,"Gluchowski","Paddy"
"Sales",31366,"Mitzlaff","Giri"
"Sales",31382,"Hanabata","Mona"
"Sales",31401,"Sigstam","Hein"
"Sales",31406,"Narahara","Leandro"
"Sales",31621,"Junot","Doowon"
"Sales",45852,"Sadowsky","Yuguang"
"Sales",31651,"Zeilberger","Oscal"
"Sales",31661,"Journel","Aiman"
"Sales",292821,"Nourani","Reinhard"
"Sales",292823,"Asser","Constantine"
"Sales",31698,"Rajaraman","Bernardo"
"Sales",31700,"Ranft","Weiyi"
"Sales",292859,"Engelmann","Mikhail"
"Sales",31719,"Caine","JoAnne"
"Sales",292879,"Gubsky","Xudong"
"Sales",31930,"Merlo","Sivanarayana"
"Sales",484022,"Grabner","Vasilii"
"Sales",31997,"Delgrande","Rosella"
"Sales",32052,"Maliniak","Yefim"
"Sales",32102,"Zlotek","Quingbo"
"Sales",477282,"Baak","Xuejia"
"Sales",32150,"Narwekar","Chenxi"
"Sales",32161,"Pezzoli","Willard"
"Sales",32172,"Milicia","Duangkaew"
"Sales",426512,"Stavenow","Lena"
"Sales",32225,"Biron","Reuven"
"Sales",32439,"Karner","Abdelghani"
"Sales",45568,"Levasseur","Satoru"
"Sales",32460,"Rotem","Kousuke"
"Sales",32468,"Masamoto","Rafols"
"Sales",32503,"Pramanik","Noritoshi"
"Sales",293147,"Salinas","Reinhard"
"Sales",32583,"Comte","Siamak"
"Sales",45546,"Lanphier","Gopalakrishnan"
"Sales",32585,"Danner","Luise"
"Sales",45516,"Ginesta","Yonghong"
"Sales",426539,"Ebeling","Gilbert"
"Sales",45466,"Tomescu","Guiseppe"
"Sales",437634,"Boissier","Mingdong"
"Sales",33124,"Kamber","Isaac"
"Sales",33144,"Tokunaga","Bodh"
"Sales",33196,"Gist","Jungsoon"
"Sales",33216,"Thombley","Zdislav"
"Sales",45410,"Mitchem","Ishfaq"
"Sales",33230,"Griswold","Shaunak"
"Sales",33235,"Krider","Eberhardt"
"Sales",33452,"Decaestecker","Frazer"
"Sales",45405,"Clemencon","Changho"
"Sales",436306,"Marciano","Moheb"
"Sales",33561,"Staylopatis","Nirmal"
"Sales",33568,"Nannarelli","Chinya"
"Sales",33597,"Turnbull","Masaru"
"Sales",33786,"Hutter","Yechezkel"
"Sales",293270,"Lambe","Vivian"
"Sales",33913,"Binkley","Niteen"
"Sales",34118,"Merel","Hironoby"
"Sales",34147,"Falby","Jiann"
"Sales",34169,"Polajnar","Mang"
"Sales",34188,"Kalorkoti","Shuichi"
"Sales",426793,"Zirintsis","Srinidhi"
"Sales",34282,"Henders","Richard"
"Sales",34289,"Boguraev","Yoshinari"
"Sales",293552,"Ashish","Mabry"
"Sales",34339,"Ladret","Rutger"
"Sales",34347,"Claffy","Yechezkel"
"Sales",34395,"Sessa","Mads"
"Sales",34406,"Mitsuhashi","Yefim"
"Sales",34686,"Harllee","Phule"
"Sales",34700,"Syrzycki","Raimond"
"Sales",34726,"Emmart","Shridhar"
"Sales",483998,"Hanabata","Shuzo"
"Sales",34768,"Ranum","Mansur"
"Sales",34959,"Nooteboom","Christophe"
"Sales",34968,"Vickson","Adamantios"
"Sales",35008,"Schlegelmilch","Mariangiola"
"Sales",477255,"Juneja","Serenella"
"Sales",35036,"Chappelet","Shaunak"
"Sales",35066,"Hegner","Tadahiko"
"Sales",44813,"Baaleh","Bokyung"
"Sales",35279,"Kalorkoti","Margo"
"Sales",44623,"Schaap","Abdelwaheb"
"Sales",35305,"Caine","Chriss"
"Sales",293685,"Bain","Ishfaq"
"Sales",35373,"Kumaresan","Bernd"
"Sales",35375,"Lorys","Arup"
"Sales",35408,"Farrel","Hironoby"
"Sales",293709,"Cappelletti","Chuanyi"
"Sales",35615,"Plump","Ishfaq"
"Sales",35641,"Jeansoulin","Aral"
"Sales",44599,"Kohling","Odysseas"
"Sales",35669,"Krider","Jinpo"
"Sales",44531,"Lueh","Serenella"
"Sales",44488,"Kilgour","Ingmar"
"Sales",36178,"Valette","Bernt"
"Sales",36232,"Brizzi","Shuzo"
"Sales",293812,"Tempesti","Lalit"
"Sales",36312,"Bernick","Mads"
"Sales",36338,"Spelt","Chuanti"
"Sales",293985,"Nilsson","Marin"
"Sales",36437,"Byoun","Angus"
"Sales",36440,"Leaver","Alenka"
"Sales",36459,"Riexinger","Shooichi"
"Sales",426935,"Terwilliger","Gino"
"Sales",36517,"Ghalwash","Herb"
"Sales",36544,"Cyre","Mabry"
"Sales",36561,"Kamber","Elliott"
"Sales",294038,"Zeidenstein","Susanta"
"Sales",36820,"Aingworth","Navin"
"Sales",426948,"Waymire","Stella"
"Sales",294071,"Selenyi","Peer"
"Sales",36891,"Plump","Gregory"
"Sales",36912,"Erman","Angel"
"Sales",37140,"Quittner","Danel"
"Sales",483941,"Knightly","Tua"
"Sales",427138,"Vidya","Bernd"
"Sales",37446,"Heusch","Sorina"
"Sales",44310,"Zeidenstein","Arco"
"Sales",37520,"Baezner","Jaihie"
"Sales",37522,"Nitto","Aiman"
"Sales",477251,"Ambroszkiewicz","Jayson"
"Sales",37551,"Boyle","Sajjad"
"Sales",37556,"Kirkerud","Jeanna"
"Sales",37577,"Narwekar","Mansur"
"Sales",37605,"Wixon","Shigeaki"
"Sales",483904,"Berztiss","Xiaoqiang"
"Sales",37874,"Lovengreen","Murthy"
"Sales",294133,"Karcich","Shiv"
"Sales",294144,"Ermel","Takanari"
"Sales",37937,"Pero","Xiahua"
"Sales",294326,"Kermarrec","Dmitri"
"Sales",44139,"Wursthorn","Pramod"
"Sales",38147,"Plumb","Keung"
"Sales",38176,"Zeleznik","Isamu"
"Sales",427166,"Yetim","Felicidad"
"Sales",38222,"Siprelle","Zijian"
"Sales",427174,"Boreale","Danai"
"Sales",38233,"Cherinka","Guther"
"Sales",44070,"Onuegbe","Luerbio"
"Sales",38250,"Levergood","Ghassan"
"Sales",38452,"Karner","Aksel"
"Sales",294456,"Jarecki","Frederique"
"Sales",483792,"Unno","Irena"
"Sales",427192,"Calkin","Kersti"
"Sales",38561,"Madeira","Shawna"
"Sales",38587,"Trystram","Rasikan"
"Sales",38618,"Ibel","Houman"
"Sales",38690,"Schnabel","Ipke"
"Sales",38749,"Crouzet","Greger"
"Sales",38966,"Schoegge","Sanjai"
"Sales",38967,"Peak","Mitsuyuki"
"Sales",427204,"Collavizza","Sajjan"
"Sales",38986,"Ramras","Dinah"
"Sales",38994,"Apsitis","Yucai"
"Sales",294539,"Cyre","Kazuhito"
"Sales",294572,"Cappelli","Bangqing"
"Sales",39059,"Steenbeek","Kirk"
"Sales",39091,"Merli","Ugo"
"Sales",43907,"Otillio","Zhonghua"
"Sales",39109,"Melski","Mohd"
"Sales",39303,"Magliocco","Hideyuki"
"Sales",39308,"Vanwelkenhuysen","Aloys"
"Sales",39309,"Heydon","Alair"
"Sales",39315,"Ranka","Rayond"
"Sales",294587,"Veccia","Billur"
"Sales",39377,"Alpin","Mingzeng"
"Sales",39379,"Krzyzanowski","Zhiwei"
"Sales",39385,"Molenaar","Eben"
"Sales",294638,"Fontan","Hercules"
"Sales",43891,"Rosaz","Bartek"
"Sales",294653,"Seuren","Vishv"
"Sales",294658,"Weedman","Constantijn"
"Sales",43885,"Picht","Marco"
"Sales",294663,"Veldwijk","Chaitali"
"Sales",294675,"Basart","Mohan"
"Sales",39741,"Paciorek","Nalini"
"Sales",294696,"Facello","Sahrah"
"Sales",39964,"Dratva","Almudena"
"Sales",39970,"Sgarro","Sachar"
"Sales",39992,"Gadepally","Mohit"
"Sales",40027,"Rehfuss","Joydip"
"Sales",43838,"Baig","Shietung"
"Sales",40105,"Sinitsyn","Poornachandra"
"Sales",40328,"Mawatari","Janche"
"Sales",40329,"Gewali","Berni"
"Sales",40379,"Engberts","Fumino"
"Sales",40383,"Pepe","Subhash"
"Sales",43798,"Demos","Xuejia"
"Sales",40411,"Stifter","Ute"
"Sales",40653,"Demian","Theron"
"Sales",40705,"Marchegay","Jeane"
"Sales",40737,"Pramanik","Mads"
"Sales",40749,"Conte","Georgi"
"Sales",40754,"Schade","Evgueni"
"Sales",40778,"Thimonier","Isamu"
"Sales",43716,"Felder","Odysseas"
"Sales",43709,"Munck","Mohua"
"Sales",294887,"Bridgland","Subir"
"Sales",43668,"Tchuente","Tadahiko"
"Sales",43665,"Shobatake","Sariel"
"Sales",40891,"Kaltofen","Jinya"
"Sales",40915,"Nivat","Odysseas"
"Sales",43409,"Boudaillier","Huican"
"Sales",294929,"Godskesen","Ranga"
"Sales",41128,"Schwaller","Mohamadou"
"Sales",41137,"Buchter","Bikash"
"Sales",43400,"Kornyak","Chikara"
"Sales",41236,"Cunliffe","Kaijung"
"Sales",41964,"Strooper","Mantis"
"Sales",43390,"Weisert","Greger"
"Sales",294996,"Vigier","Tomoyuki"
"Sales",42100,"Rosin","Percy"
"Sales",42109,"Speer","Shigeu"
"Sales",483701,"Iisaka","Xiadong"
"Sales",42698,"Perng","Lokesh"
"Sales",43313,"Plavsic","Quingbo"
"Sales",42721,"Polajnar","Shuky"
"Sales",43311,"Chinal","Hongzue"
"Sales",42737,"Szmurlo","Valeska"
"Sales",42768,"Yoshizawa","Gita"
"Sales",43037,"Champarnaud","Ennio"
"Sales",295140,"Luft","Venkatesan"
"Sales",43504,"Hanratty","Ingemar"
"Sales",43524,"Rassart","Denis"
"Sales",43250,"Jansen","Shunichi"
"Sales",43583,"Lanphier","Jahangir"
"Sales",44651,"Randt","Kellyn"
"Sales",44663,"Krybus","Hidekazu"
"Sales",44690,"Schurmann","Kensyu"
"Sales",43235,"Liesche","Remco"
"Sales",44749,"Kilgour","Padma"
"Sales",44750,"Coors","Bernice"
"Sales",44753,"Strehl","Jayson"
"Sales",44765,"Conta","Szabolcs"
"Sales",44772,"Perin","Nadjib"
"Sales",44801,"Benzmuller","Paddy"
"Sales",44807,"Michaels","Maia"
"Sales",44982,"Erdi","Xianlong"
"Sales",45646,"Fargier","Panayotis"
"Sales",45661,"Lorho","Licheng"
"Sales",43207,"Shihab","Itzchak"
"Sales",295272,"Chaudhury","Panayotis"
"Sales",45721,"Leslie","Menkae"
"Sales",45748,"Irland","Cheong"
"Sales",295326,"Sullins","Tse"
"Sales",43148,"Syrotiuk","Lobel"
"Sales",42966,"Varker","Felicidad"
"Sales",295340,"Marzano","Ebru"
"Sales",46132,"Beeson","Josyula"
"Sales",295342,"Erdi","Serge"
"Sales",427275,"Luga","Laurentiu"
"Sales",46391,"Jiang","Nitsan"
"Sales",483633,"Range","Charlene"
"Sales",46439,"Junet","Ibibia"
"Sales",46461,"Perl","Aloys"
"Sales",295379,"Kaelbling","Stabislas"
"Sales",46661,"Ulupinar","Huiqun"
"Sales",46688,"Lundstrom","Heekeun"
"Sales",46722,"Ariola","Barry"
"Sales",46728,"Munck","Faiza"
"Sales",46733,"Pluym","Mooi"
"Sales",46779,"Zeleznik","Alselm"
"Sales",295424,"Hmelo","Owen"
"Sales",46794,"Nourani","Maren"
"Sales",295435,"Heiserman","Przemyslawa"
"Sales",47005,"Selvestrel","Eric"
"Sales",47006,"Weedon","Brigham"
"Sales",483600,"Beetstra","Aleksander"
"Sales",47023,"Anguita","Vishv"
"Sales",47132,"Alvarado","Freyja"
"Sales",47138,"Coorg","Vesna"
"Sales",47330,"Esposito","Jenwei"
"Sales",47345,"Stifter","Tzvetan"
"Sales",295463,"Rodham","Masami"
"Sales",47381,"Peek","Alair"
"Sales",295464,"Falck","Marc"
"Sales",47398,"Poujol","Yurii"
"Sales",483590,"Pews","Shushma"
"Sales",295506,"Blokdijk","Aloys"
"Sales",47572,"Schiper","Tommaso"
"Sales",295519,"Farrag","Gaetan"
"Sales",47857,"Besselaar","Masato"
"Sales",47877,"Picel","Gianluca"
"Sales",47893,"Marletta","Nishit"
"Sales",47899,"Baig","Arra"
"Sales",47937,"Alblas","Gennadi"
"Sales",48162,"Krone","Baoqiu"
"Sales",48178,"Snedden","Radhakrishnan"
"Sales",48261,"Hopewell","Bodh"
"Sales",42563,"Baar","Nechama"
"Sales",48498,"Highland","Adin"
"Sales",48526,"Ciolek","Kristinn"
"Sales",48529,"Axelband","Kotesh"
"Sales",48534,"Bultermann","Mountaz"
"Sales",42556,"Vieri","Lena"
"Sales",48630,"Yurek","Pramod"
"Sales",48644,"Azuma","Khalil"
"Sales",48828,"Gornas","Steen"
"Sales",48868,"Casperson","Tran"
"Sales",42555,"Pezzoli","Yucel"
"Sales",48895,"Docker","Sugwoo"
"Sales",48905,"Schoegge","Vishwani"
"Sales",48929,"Puoti","Chrisa"
"Sales",42531,"Haddadi","Kiyokazu"
"Sales",48942,"Itzfeldt","Ghassan"
"Sales",48946,"Shobatake","Marsja"
"Sales",295619,"Maierhofer","Chenxi"
"Sales",49201,"Yurek","Wonhee"
"Sales",49203,"Billawala","Vasilii"
"Sales",49217,"Pollock","Persi"
"Sales",42497,"Talmor","Eran"
"Sales",42494,"Ouhyoung","Collette"
"Sales",49513,"McFarlin","Vishv"
"Sales",49515,"Schmiedel","Feipei"
"Sales",49536,"Menyhert","Nalini"
"Sales",295669,"Schieder","Cedric"
"Sales",49656,"Hutton","Tetsurou"
"Sales",49721,"Kakkar","Gil"
"Sales",295720,"Chelton","Mingsen"
"Sales",49754,"Crelier","Kish"
"Sales",49764,"Munos","Magdalena"
"Sales",42434,"Lagarias","Diederik"
"Sales",49815,"Pulkowski","Demos"
"Sales",50009,"Kragelund","Gererd"
"Sales",50038,"Baba","Tadanori"
"Sales",50046,"Lyonns","Jiakeng"
"Sales",42350,"Hofmeyr","Christoper"
"Sales",50047,"Pusterhofer","Subhash"
"Sales",42342,"Caine","Ayonca"
"Sales",50075,"Muntz","Shaz"
"Sales",50083,"Waymire","Patricio"
"Sales",50085,"Melton","Shounak"
"Sales",50109,"Chiola","Baoqiu"
"Sales",50404,"Ghemri","Vasilii"
"Sales",50417,"Juneja","Akemi"
"Sales",295775,"Carrera","Ronnie"
"Sales",50478,"Benzmuller","Leni"
"Sales",295788,"Meszaros","Shugo"
"Sales",295793,"Zeilberger","Fox"
"Sales",50728,"Gerlach","Aria"
"Sales",483525,"Zumaque","Abdulla"
"Sales",50732,"Greibach","Woody"
"Sales",50755,"Parhami","Radoslaw"
"Sales",50760,"Kaelbling","Armond"
"Sales",295795,"Budinsky","Tomofumi"
"Sales",50810,"Heemskerk","Hidekazu"
"Sales",50813,"Varley","Xiaopeng"
"Sales",51036,"Fasbender","Chriss"
"Sales",42250,"Peternell","Giri"
"Sales",51062,"Narlikar","Werner"
"Sales",51065,"Mamelak","Christfried"
"Sales",51090,"Roccetti","Xiaopeng"
"Sales",51115,"Coombs","Pascal"
"Sales",42194,"Sevcikova","Chikako"
"Sales",51413,"Willoner","Changho"
"Sales",51414,"Improta","Mohammed"
"Sales",51431,"Merro","Debaprosad"
"Sales",51507,"Gubsky","Khalid"
"Sales",51520,"Bierman","Goh"
"Sales",295854,"Munro","Tse"
"Sales",41963,"Bondorf","Tua"
"Sales",41960,"Pavlopoulou","Make"
"Sales",41934,"Bratten","Lansing"
"Sales",41897,"Antonakopoulos","Steve"
"Sales",51635,"Figueira","Seongbae"
"Sales",51637,"Jenevein","Halsur"
"Sales",51639,"Czap","Abdelaziz"
"Sales",51640,"Munro","Remco"
"Sales",51657,"Bernardeschi","Hatim"
"Sales",41868,"Wossner","Francoise"
"Sales",51899,"Uhrik","Eckart"
"Sales",51907,"Auria","Zeljko"
"Sales",51913,"Reinhard","Aksel"
"Sales",51930,"Viele","Henk"
"Sales",295890,"Vigier","Yefim"
"Sales",51948,"Orsini","Jessie"
"Sales",41825,"Emmart","Martien"
"Sales",52237,"Meriste","Charmane"
"Sales",41822,"Brookner","Lihong"
"Sales",52511,"Luca","Zhanqiu"
"Sales",52520,"Lovengreen","Tianruo"
"Sales",52534,"Keohane","Adam"
"Sales",295933,"Karlin","Kannan"
"Sales",52592,"Pesch","Fuqing"
"Sales",41734,"Billingsley","Bangqing"
"Sales",52612,"Stenning","Sachin"
"Sales",52615,"Baak","Ghassan"
"Sales",52623,"Bahi","Djelloul"
"Sales",52632,"Winter","Gita"
"Sales",52639,"Colorni","Arup"
"Sales",52663,"Steenbeek","Gadiel"
"Sales",52849,"Farrar","Yucai"
"Sales",295950,"Braunmuhl","Godehard"
"Sales",52889,"Backhouse","Rance"
"Sales",52905,"Felcyn","Kirk"
"Sales",295963,"Gyorkos","Kazuhiko"
"Sales",427355,"Driscoll","Masadi"
"Sales",52954,"Narahari","Shaibal"
"Sales",41702,"Petereit","Adit"
"Sales",41695,"Stamatiou","Constantine"
"Sales",296161,"Camurati","Parke"
"Sales",477223,"Kisuki","Theron"
"Sales",53204,"Bernatsky","Nirmal"
"Sales",53257,"Baalen","Rosalie"
"Sales",41680,"Mahnke","Berni"
"Sales",53296,"Shobatake","Marco"
"Sales",41653,"Iisaku","Tonny"
"Sales",53312,"Lagarias","Quingbo"
"Sales",296184,"Kitai","Lubomir"
"Sales",296185,"Demizu","Alassane"
"Sales",53557,"Aingworth","Gianluca"
"Sales",41633,"Ishibashi","Jixiang"
"Sales",296207,"Cincotta","Girolamo"
"Sales",53621,"Hebert","Sailaja"
"Sales",296213,"Conde","Duro"
"Sales",41591,"Asser","Martins"
"Sales",427369,"Staelin","Kolar"
"Sales",41557,"Bernick","Rasiah"
"Sales",53675,"Litecky","Thanasis"
"Sales",53732,"Krohn","Kwangsub"
"Sales",296251,"Schrooten","Suzette"
"Sales",53746,"Erva","Manu"
"Sales",53751,"Jayawardene","Teruyuki"
"Sales",53757,"Pfau","Tsz"
"Sales",483401,"Pokrovskii","Rosita"
"Sales",41513,"Angelopoulos","Adly"
"Sales",53833,"Baaz","Subhrajyoti"
"Sales",53837,"Zolotykh","Ishfaq"
"Sales",54019,"Rodham","Collette"
"Sales",54028,"Czaja","Masadi"
"Sales",54058,"Rohrbach","Muneo"
"Sales",54107,"Leivant","Uzi"
"Sales",54142,"Orlowska","Filipp"
"Sales",54152,"Shobatake","Stabislas"
"Sales",41417,"Zyda","Masaki"
"Sales",54405,"Kisuki","Tsz"
"Sales",296495,"Wegerle","Marsja"
"Sales",54463,"Langford","Masamitsu"
"Sales",54479,"Zockler","Yuguang"
"Sales",296508,"Besancenot","Sanjai"
"Sales",41326,"Roohalamini","Dinah"
"Sales",41307,"Hasham","Marke"
"Sales",41296,"Coorg","Kerhong"
"Sales",41295,"Maginnis","Marlo"
"Sales",427390,"Cannane","Jaroslava"
"Sales",483399,"Wixon","Chaitali"
"Sales",54842,"Nitto","Mark"
"Sales",54844,"Barriga","Jiang"
"Sales",55122,"Skogmar","Qingxiang"
"Sales",55166,"Panwar","Qiwen"
"Sales",296553,"Sommer","Arie"
"Sales",55394,"Thorelli","JiYoung"
"Sales",55435,"Suri","Xiaocheng"
"Sales",483155,"Snedden","Gregory"
"Sales",427394,"Lakshmanan","Marek"
"Sales",296616,"Danner","Heon"
"Sales",55556,"Kaiserswerth","Fusako"
"Sales",55571,"Pusterhofer","Arie"
"Sales",55572,"Rothenberg","Nishit"
"Sales",55588,"Garnham","Bikash"
"Sales",296617,"Orlowska","Somnath"
"Sales",296627,"Demri","Florina"
"Sales",55670,"Ranft","Ulf"
"Sales",296649,"Lodder","Atreyi"
"Sales",55879,"Uludag","Feixiong"
"Sales",55933,"Kirkerud","Kristin"
"Sales",55955,"Nastansky","Shawna"
"Sales",56012,"Schlegelmilch","Lucien"
"Sales",56227,"Makrucki","Shen"
"Sales",56280,"Irland","Satosi"
"Sales",56284,"Molenkamp","Margo"
"Sales",297350,"Ghandeharizadeh","Richara"
"Sales",56293,"Maksimenko","Iara"
"Sales",56319,"Broder","Yishai"
"Sales",427423,"Savasere","Subhrajyoti"
"Sales",56555,"Picht","Ziyad"
"Sales",56591,"Kambil","Jungsoon"
"Sales",56648,"Ranka","Mantis"
"Sales",56653,"Bugrara","Jaewoo"
"Sales",297385,"Thorelli","Hailing"
"Sales",297403,"Heyers","Jaewoo"
"Sales",477200,"Pelc","Shrikanth"
"Sales",56885,"Tempesti","Sachin"
"Sales",56974,"Brodal","Taegyun"
"Sales",297457,"Beerel","Malu"
"Sales",57009,"Berendt","Erzsebet"
"Sales",483136,"Perko","Marjo"
"Sales",57207,"dAstous","Berto"
"Sales",436585,"Pargas","Adib"
"Sales",57277,"Crouzet","Khue"
"Sales",57288,"Anandan","Elvis"
"Sales",57318,"Pulkowski","Arie"
"Sales",297480,"Azevdeo","Mingsen"
"Sales",57362,"Baar","Leaf"
"Sales",57582,"Erva","Urs"
"Sales",483089,"Motley","Sarita"
"Sales",40557,"Asrin","Arfst"
"Sales",57631,"Lortz","Hidde"
"Sales",297511,"Perko","Xiadong"
"Sales",40505,"Syrzycki","Mona"
"Sales",40500,"Brattka","Aiman"
"Sales",57730,"Leijenhorst","Shuichi"
"Sales",40482,"Gulak","Ekawit"
"Sales",57755,"Munoz","Breannda"
"Sales",57768,"Talmor","Izaskun"
"Sales",57772,"Stamatiou","Tomoyuki"
"Sales",483074,"Heijenga","Shigeo"
"Sales",40256,"Bernardeschi","Abdelwaheb"
"Sales",57822,"Camurati","Sachem"
"Sales",57842,"Samarati","Sachio"
"Sales",427507,"Picht","Wonhee"
"Sales",58057,"Gargeya","Willard"
"Sales",58086,"Karlin","Mechthild"
"Sales",40160,"Passino","Oldrich"
"Sales",40140,"Pesch","Sachin"
"Sales",58128,"Mandell","Adas"
"Sales",39933,"Bennet","Deborah"
"Sales",39932,"Esposito","Berthier"
"Sales",39920,"Macedo","Malu"
"Sales",297573,"Rikino","Lihong"
"Sales",297597,"Panwar","Susanta"
"Sales",39886,"Erdmenger","Alassane"
"Sales",58337,"Baek","Tooru"
"Sales",39881,"Tasistro","Hugh"
"Sales",58358,"Denos","Gurbir"
"Sales",58359,"Steinauer","Kerryn"
"Sales",58376,"Diderrich","Marsja"
"Sales",297623,"Callaway","Kasidit"
"Sales",39817,"Poulakidas","Moon"
"Sales",427517,"Wielonsky","Masanao"
"Sales",39805,"Velasco","Wanqing"
"Sales",39791,"Zschoche","Goo"
"Sales",58497,"Cairo","Yechiam"
"Sales",58709,"Szmurlo","Mang"
"Sales",39615,"Kossowski","Naraig"
"Sales",58754,"Parveen","Shaowei"
"Sales",298170,"Schwabacher","Moie"
"Sales",58799,"Heuter","Mana"
"Sales",298189,"Kuzuoka","Tua"
"Sales",427536,"Gonthier","Herbert"
"Sales",59096,"Leivant","Alexius"
"Sales",59116,"Stafford","Jackson"
"Sales",59118,"Back","Margo"
"Sales",59122,"Ossenbruggen","Margareta"
"Sales",298192,"Hambrick","Tsz"
"Sales",59131,"Plessier","Ewing"
"Sales",298243,"Georg","Aloke"
"Sales",59425,"Chenoweth","Demin"
"Sales",59434,"Smailagic","Saddek"
"Sales",59500,"Keirsey","Temple"
"Sales",59560,"Roisin","Shuho"
"Sales",59564,"Zockler","Basim"
"Sales",39489,"Potthoff","Ulf"
"Sales",59615,"Beidas","Rosli"
"Sales",59634,"Ramaiah","Troy"
"Sales",298302,"Lambe","Bodo"
"Sales",427539,"Ebeling","Divine"
"Sales",59707,"Tyugu","Bezalel"
"Sales",59754,"Lichtman","Jiong"
"Sales",39456,"Malinowski","Bojan"
"Sales",59895,"Szilard","Baruch"
"Sales",59955,"Rullman","Malu"
"Sales",39269,"Rodham","Baziley"
"Sales",39266,"Ashish","Roded"
"Sales",59982,"Hagimont","Tonia"
"Sales",59990,"Reistad","Manibrata"
"Sales",60216,"Lichtner","Elrique"
"Sales",60223,"Vecchi","Ung"
"Sales",39250,"Schlumberger","Somnath"
"Sales",39236,"Nivat","Faiza"
"Sales",60259,"dAstous","Chrisa"
"Sales",60267,"Stavenow","Adel"
"Sales",60270,"Angiulli","Souichi"
"Sales",298528,"Scallan","Gopalakrishnan"
"Sales",60290,"Veccia","Kensyu"
"Sales",60295,"Vanwelkenhuysen","Dulce"
"Sales",60312,"Waschkowski","Guther"
"Sales",39216,"Backhouse","Perla"
"Sales",60361,"Vieri","Vitali"
"Sales",482995,"Murillo","Surveyors"
"Sales",298571,"Brlek","Shigeaki"
"Sales",60644,"Aloia","Nikolaos"
"Sales",60721,"Olano","Macha"
"Sales",60731,"Kolinko","Heekeun"
"Sales",298619,"Stamatiou","Mototsugu"
"Sales",60753,"Krybus","Kazuyasu"
"Sales",60767,"Munos","Gianluca"
"Sales",60792,"Beausoleil","Candida"
"Sales",60815,"Oxman","DAIDA"
"Sales",60832,"Baez","Yaghout"
"Sales",60840,"Peternell","Jiang"
"Sales",60864,"Linnainmaa","Mokhtar"
"Sales",298651,"Makinen","Dhritiman"
"Sales",39148,"Mayerwieser","Eirik"
"Sales",60924,"Oxenboll","Mohamadou"
"Sales",60927,"Chvatal","Mack"
"Sales",60947,"Shokrollahi","Make"
"Sales",39147,"Slaats","Marl"
"Sales",427593,"Kaltofen","Akhilish"
"Sales",60997,"Olano","Kitty"
"Sales",61049,"Schicker","Joydip"
"Sales",61070,"Alpay","Girolamo"
"Sales",61100,"Willoner","Mokhtar"
"Sales",61122,"Montresor","Genevieve"
"Sales",61145,"Senzako","Naftali"
"Sales",61264,"Sethi","Shuzo"
"Sales",61297,"Ranst","Xumin"
"Sales",61300,"Zuberek","Morris"
"Sales",61303,"Sudbeck","Yuriy"
"Sales",299537,"Ranum","Claudi"
"Sales",38902,"Otillio","Aruna"
"Sales",61355,"Jeansoulin","Bader"
"Sales",61399,"Chinen","Unal"
"Sales",61430,"Lanteri","Sedat"
"Sales",61486,"Bierman","Weiye"
"Sales",38852,"Lorys","Niranjan"
"Sales",61606,"Keohane","Chinya"
"Sales",61610,"Coorg","Younwoo"
"Sales",61615,"Iwayama","Geraldo"
"Sales",299613,"Ibel","Malu"
"Sales",61642,"Murtha","Lucien"
"Sales",61647,"McClurg","Vidar"
"Sales",61730,"Oppitz","Moti"
"Sales",61784,"Vesel","Jacopo"
"Sales",61827,"Guerreiro","Tsuneo"
"Sales",61896,"Waleschkowski","Danco"
"Sales",61903,"Pell","Xiaopeng"
"Sales",299645,"Tiemann","Petter"
"Sales",38425,"Senzako","Youssef"
"Sales",62182,"Luiz","Nirmal"
"Sales",299652,"Luke","Rosalyn"
"Sales",62233,"Birnbaum","Kankanahalli"
"Sales",62235,"Lorie","Hidefumi"
"Sales",475434,"Cardazo","Chirstian"
"Sales",62371,"Anick","Vojin"
"Sales",62385,"Hmelo","Remzi"
"Sales",62557,"Heydon","Achilleas"
"Sales",62563,"Conte","Subbu"
"Sales",62590,"Awdeh","Deborah"
"Sales",62599,"Calkin","Yuguang"
"Sales",62618,"Journel","Georgi"
"Sales",38371,"Zolotykh","DAIDA"
"Sales",482848,"Janetzko","Freyja"
"Sales",62646,"Honiden","Vasilis"
"Sales",62663,"Orlowski","Gor"
"Sales",38364,"Vilarrasa","Maya"
"Sales",62711,"Terlouw","Vidya"
"Sales",299902,"Erva","Hugo"
"Sales",62741,"Gonthier","Arunachalam"
"Sales",62770,"Kroon","Odinaldo"
"Sales",62786,"Ramaiah","Gro"
"Sales",38362,"Wursthorn","Richard"
"Sales",38355,"Pocchiola","Lijie"
"Sales",62797,"Flowers","Herb"
"Sales",62805,"DuBourdieux","Tiina"
"Sales",38334,"Morris","Shiv"
"Sales",62874,"Juneja","Suvo"
"Sales",62879,"Gunderson","Piyawadee"
"Sales",482842,"Winter","Kousuke"
"Sales",299947,"Tiemann","Slavian"
"Sales",63096,"Menhoudj","Hilary"
"Sales",63105,"Warwick","Kien"
"Sales",299972,"Larfeldt","Youngkon"
"Sales",38288,"Reutenauer","Percy"
"Sales",63427,"Nooteboom","Takahito"
"Sales",38080,"Cronin","Zdislav"
"Sales",63446,"Chenoweth","Yongqiao"
"Sales",38076,"Flowers","Kiyotoshi"
"Sales",482841,"Potthoff","Abdelghani"
"Sales",38048,"Alblas","Stella"
"Sales",63802,"Levergood","Youngkon"
"Sales",63827,"Melton","Shalesh"
"Sales",38031,"Heijenga","Haldun"
"Sales",64601,"Brlek","Aiichiro"
"Sales",64607,"Rodier","Ghassan"
"Sales",38019,"Yoshimura","Charlene"
"Sales",64620,"Frolund","Kwangsub"
"Sales",37982,"Coors","Gian"
"Sales",64632,"Brender","Zsolt"
"Sales",64652,"Bugrara","Uta"
"Sales",64662,"Hebert","Pohua"
"Sales",64699,"Ananiadou","Jaana"
"Sales",64760,"Mawatari","Tze"
"Sales",37948,"Zykh","Jayson"
"Sales",401270,"Halevi","Almudena"
"Sales",37765,"Erdi","Kazuhiro"
"Sales",401273,"Petersohn","Udi"
"Sales",401274,"Bisiani","Dharmaraja"
"Sales",64868,"Genther","Baocai"
"Sales",64877,"Chorvat","Chaitali"
"Sales",65078,"Stavenow","Gal"
"Sales",65083,"Yetto","Rafail"
"Sales",37734,"Honiden","Khedija"
"Sales",37733,"Meszaros","Yonghong"
"Sales",65152,"Kamble","Sudharsan"
"Sales",37691,"Luke","Hatem"
"Sales",65246,"Kranzdorf","Shalesh"
"Sales",65271,"Kropf","Jinya"
"Sales",401326,"Cullers","Zorica"
"Sales",65319,"Luon","JiYoung"
"Sales",65325,"Fraisse","Candido"
"Sales",37653,"Zambonelli","Shichao"
"Sales",37648,"Luef","Sreenivas"
"Sales",65394,"Lamma","Jacqueline"
"Sales",65399,"Simkin","Eben"
"Sales",65581,"Samarati","Mario"
"Sales",401518,"Glowinski","Patricio"
"Sales",65725,"Malabarba","Alain"
"Sales",65741,"Kaminger","Sakthirel"
"Sales",401520,"Delaune","Godehard"
"Sales",37426,"Farrag","Masaki"
"Sales",65787,"Merle","Marek"
"Sales",37409,"Akaboshi","Niranjan"
"Sales",65867,"Hardjono","Khedija"
"Sales",427698,"Schapire","Siddarth"
"Sales",65907,"Akiyama","Elvia"
"Sales",65942,"Jarecki","Houman"
"Sales",65945,"Hasham","Zhigen"
"Sales",65972,"Herath","Monique"
"Sales",37381,"Denti","Surveyors"
"Sales",401608,"Benveniste","Fumiyo"
"Sales",401622,"Danlos","Jaewon"
"Sales",66295,"Reistad","Frederique"
"Sales",66298,"Neimat","Boaz"
"Sales",66311,"Gajiwala","Fumiya"
"Sales",66312,"Eiter","Zijian"
"Sales",482774,"Katiyar","Shigeaki"
"Sales",482773,"Parveen","Charlene"
"Sales",66356,"Coorg","Masato"
"Sales",66365,"Poujol","Larisa"
"Sales",37351,"Arlazarov","Radoslaw"
"Sales",37337,"Straney","Mahendra"
"Sales",66414,"Leuchs","Xiaoshan"
"Sales",66455,"Puppo","Doohun"
"Sales",66480,"Tempesti","Subhrajyoti"
"Sales",66533,"Flexer","Aamod"
"Sales",66560,"Lammel","Leaf"
"Sales",436647,"Herbst","Aran"
"Sales",66663,"Naumovich","Dietrich"
"Sales",482694,"Bernick","Mohamadou"
"Sales",66736,"Ranft","Frederique"
"Sales",66922,"Vernadat","Palash"
"Sales",37280,"Nyanchama","Nathan"
"Sales",66987,"Uhrig","Michaela"
"Sales",66990,"Nishimukai","Idoia"
"Sales",67109,"Choobineh","Xiaopeng"
"Sales",67145,"Camurati","Peer"
"Sales",37040,"Nergos","Leaf"
"Sales",67162,"Hutton","Kazunori"
"Sales",67199,"Ernst","Jeane"
"Sales",67211,"Braccini","Stella"
"Sales",67220,"Erol","Oguz"
"Sales",67465,"Wursthorn","Mona"
"Sales",36997,"Spell","Narain"
"Sales",67570,"Baig","Odysseas"
"Sales",36968,"Siprelle","Shin"
"Sales",401790,"Brizzi","Aruna"
"Sales",67618,"Kitai","Yishay"
"Sales",67651,"Usdin","Frederique"
"Sales",67677,"Duclos","Parviz"
"Sales",67680,"Nourani","Susuma"
"Sales",36957,"Karcich","Mayumi"
"Sales",67706,"Radivojevic","Rimon"
"Sales",35928,"Cesareni","Xumin"
"Sales",401791,"Ibel","Shalesh"
"Sales",476884,"Boissier","Yongmin"
"Sales",67878,"Monkewich","George"
"Sales",68116,"Constantine","Shigeaki"
"Sales",482513,"Jullig","Chiradeep"
"Sales",68126,"Bauknecht","Kotesh"
"Sales",482508,"Streit","Bingning"
"Sales",401830,"Remmele","Jeanne"
"Sales",427985,"Warwick","Adel"
"Sales",68381,"Hasham","Stabislas"
"Sales",35857,"Bratten","Kayoko"
"Sales",68597,"Straney","Menkae"
"Sales",68604,"Dymetman","Kannan"
"Sales",68605,"Jumpertz","Yakkov"
"Sales",68666,"Morrow","Sanjay"
"Sales",68696,"Trelles","Menkae"
"Sales",35779,"Mandell","Lorien"
"Sales",68764,"Ghalwash","Jianhui"
"Sales",68841,"Picel","Along"
"Sales",35602,"Vural","Volkmar"
"Sales",35585,"Matzat","Sashi"
"Sales",35566,"Hardjono","Augustine"
"Sales",35540,"Rohrbach","Lobel"
"Sales",68933,"Leaver","Danae"
"Sales",68973,"Gyorkos","Vasiliy"
"Sales",35505,"Sessa","Barry"
"Sales",35478,"Skafidas","Yoshinari"
"Sales",476876,"Rosis","Duangkaew"
"Sales",69052,"Shrader","Shietung"
"Sales",69062,"Bakhtari","Kiyokazu"
"Sales",69066,"Heemskerk","Serenella"
"Sales",35476,"Heinisuo","Frederique"
"Sales",402105,"Vanwelkenhuysen","Toshimitsu"
"Sales",402120,"Beausoleil","George"
"Sales",69300,"Narwekar","Matk"
"Sales",69345,"Denos","Brigham"
"Sales",69378,"Gurbaxani","Subbu"
"Sales",35475,"Deyuan","Sariel"
"Sales",69400,"Bugaenko","Hausi"
"Sales",402129,"DeMori","Oksana"
"Sales",69429,"Ananiadou","Tooru"
"Sales",69437,"Biros","Ishfaq"
"Sales",69453,"Andreotta","Temple"
"Sales",35449,"Panangaden","Kristin"
"Sales",69504,"Munos","Nirmal"
"Sales",69517,"Siepmann","Kotesh"
"Sales",482498,"Wolniewicz","Chuanti"
"Sales",69565,"Fioravanti","Moon"
"Sales",69770,"Swen","Gennady"
"Sales",35191,"Antonisse","Shahid"
"Sales",69961,"dAstous","Tremaine"
"Sales",69969,"Mellouli","Ekawit"
"Sales",69971,"Gerteisen","Masato"
"Sales",69984,"Ramras","Kinh"
"Sales",70014,"Cappelletti","Arup"
"Sales",70487,"Besancenot","Vasilii"
"Sales",70490,"Waeselynck","Zvonko"
"Sales",70523,"Neiman","Fumiko"
"Sales",34923,"Plump","Lubomir"
"Sales",402572,"Noriega","Naraig"
"Sales",70581,"Walston","Dines"
"Sales",70585,"Stanfel","Marlo"
"Sales",70592,"Klerer","Zhiguo"
"Sales",428013,"Uehara","Freyja"
"Sales",402615,"Cunliffe","Dmitri"
"Sales",70648,"Pavlopoulou","Boutros"
"Sales",70664,"Sinicrope","Fumitake"
"Sales",428017,"Ullian","Georgy"
"Sales",70680,"Marshall","Naftali"
"Sales",70697,"Grospietsch","Naftaly"
"Sales",70729,"Pelz","Deniz"
"Sales",402640,"Gluchowski","Nirmal"
"Sales",34886,"Sadowski","Denis"
"Sales",71264,"Pettis","Lijia"
"Sales",34884,"Cannard","Felicidad"
"Sales",428018,"Rosti","Vasilii"
"Sales",71351,"Guerreiro","Otmar"
"Sales",71366,"Koblitz","Amalendu"
"Sales",71398,"Krohn","Sanjeeva"
"Sales",34848,"Ranze","Mrinalini"
"Sales",402684,"Gulik","Fusako"
"Sales",71937,"Ferriere","Phillip"
"Sales",71952,"Demian","Xianlong"
"Sales",71964,"Rosca","Sampalli"
"Sales",71967,"Casperson","Olivera"
"Sales",34810,"Kakkar","Jianhao"
"Sales",72042,"Krybus","Yinlin"
"Sales",72052,"Cangellaris","Mack"
"Sales",72070,"Salinas","Aksel"
"Sales",72098,"Shumilov","Serap"
"Sales",72463,"Falco","Vasilii"
"Sales",72475,"Cheshire","Souichi"
"Sales",34787,"Christianini","Behnaam"
"Sales",72541,"Georgatos","Arch"
"Sales",34776,"Stellhorn","Gilbert"
"Sales",34775,"Verhoeff","Baoqiu"
"Sales",403424,"Demeyer","Genta"
"Sales",403434,"Mitchem","Zsolt"
"Sales",403438,"Naudin","Yannis"
"Sales",34585,"Broomell","Mads"
"Sales",72761,"Schlegelmilch","Arto"
"Sales",72956,"Cesareni","Geoffrey"
"Sales",72967,"Brobst","Menkae"
"Sales",73030,"Fujisaki","Khosrow"
"Sales",73059,"Perng","Zhiwei"
"Sales",403477,"Rajaraman","Herbert"
"Sales",73163,"Stanger","Stabislas"
"Sales",73204,"Schonegge","Jahangir"
"Sales",73242,"Curless","Domenick"
"Sales",403542,"Matheson","Dung"
"Sales",73510,"Reeken","Jouni"
"Sales",73530,"Budinsky","Lokesh"
"Sales",403552,"Selvestrel","Gaetan"
"Sales",73549,"Lores","Xumin"
"Sales",73598,"Oaver","Krisda"
"Sales",403562,"Aloisi","Mikhail"
"Sales",476831,"Lindenbaum","Tiina"
"Sales",73986,"Yetim","Janche"
"Sales",34514,"Schnabel","Heng"
"Sales",73999,"Krzyzanowski","Susanna"
"Sales",403572,"Ginneken","Qunsheng"
"Sales",74012,"Orlowska","Guther"
"Sales",74013,"Zongker","Terresa"
"Sales",74018,"Birta","Alejandro"
"Sales",74043,"Lamba","Satoru"
"Sales",74067,"Siprelle","Francoise"
"Sales",74090,"Lagarias","George"
"Sales",74652,"Swan","Djenana"
"Sales",34438,"Gornas","Rimon"
"Sales",74684,"Bernatsky","Oguz"
"Sales",403613,"Papadias","Masako"
"Sales",482304,"Minakawa","Uwe"
"Sales",74822,"Jiafu","Maja"
"Sales",74853,"Aseltine","Ghassan"
"Sales",74891,"Kavvadias","Lorien"
"Sales",428084,"Leijenhorst","Yuping"
"Sales",74910,"Baar","Sanjiv"
"Sales",74918,"Kolinko","Seshu"
"Sales",403652,"Motley","Khun"
"Sales",75125,"Potthoff","Tooru"
"Sales",75136,"Gladwell","Heejo"
"Sales",75138,"Murrill","Girolamo"
"Sales",34010,"Luiz","Narain"
"Sales",476824,"Danecki","Lokesh"
"Sales",75229,"Bellone","Hironobu"
"Sales",75245,"Mellouli","Insup"
"Sales",75250,"Heuter","Debaprosad"
"Sales",75470,"Fiutem","Shay"
"Sales",33975,"Aloia","Barry"
"Sales",75489,"Begiun","Mani"
"Sales",33971,"Shiratori","Kaijung"
"Sales",33968,"Hasham","Steen"
"Sales",75583,"Anguita","Kwangho"
"Sales",75611,"Backhouse","Olivera"
"Sales",33937,"Schnabel","Youngkon"
"Sales",75802,"Pero","Huai"
"Sales",75855,"Denna","King"
"Sales",75886,"Fairtlough","Sanjai"
"Sales",75906,"Cappello","DeForest"
"Sales",428106,"Potthoff","Shaleah"
"Sales",76147,"Halloran","Christophe"
"Sales",33721,"Mellouli","Stevo"
"Sales",76270,"Ferretti","Temple"
"Sales",76279,"Hellwagner","Goetz"
"Sales",76298,"Kriebel","Youssef"
"Sales",76300,"Luan","Ranga"
"Sales",76301,"Brodal","Jagoda"
"Sales",33695,"Bennet","Mitchel"
"Sales",76361,"Murtagh","Doowon"
"Sales",33689,"Zedlitz","Chenye"
"Sales",76429,"Kleiser","Honesty"
"Sales",428114,"Cusworth","Koldo"
"Sales",33641,"Cmelik","Make"
"Sales",33431,"Nannarelli","Paris"
"Sales",82513,"Castellani","Ugo"
"Sales",476650,"Baaleh","Sariel"
"Sales",82546,"Giarratana","Masanao"
"Sales",82559,"Pavlopoulou","Mariangiola"
"Sales",33411,"Schaad","Zongyan"
"Sales",33399,"Lorcy","Roded"
"Sales",82609,"Marzano","Kazuhide"
"Sales",82632,"Luit","Rasikan"
"Sales",82827,"Suri","Chikako"
"Sales",82863,"Hambrick","Rildo"
"Sales",82889,"Farrag","Arif"
"Sales",82908,"Raoux","Mitsuyuki"
"Sales",82922,"Cesareni","Horward"
"Sales",403816,"Makinen","Chenyi"
"Sales",83160,"Thiria","Dipayan"
"Sales",403822,"Gulik","Bojan"
"Sales",33344,"Emden","Isaac"
"Sales",33328,"Osgood","Dipankar"
"Sales",83199,"Schurmann","Kellyn"
"Sales",83251,"Itzigehl","Duangkaew"
"Sales",33291,"Fetvedt","Adas"
"Sales",83301,"Linares","Kish"
"Sales",403848,"Kitsuregawa","Filipe"
"Sales",33281,"Kisuki","Laurentiu"
"Sales",83514,"Pappas","Shaz"
"Sales",33267,"Callaway","Irena"
"Sales",475433,"Ferriere","Irene"
"Sales",83607,"Kavvadias","Toshimo"
"Sales",83716,"Mandell","Karlis"
"Sales",33073,"Bade","Duro"
"Sales",428478,"Auria","Gay"
"Sales",83766,"Flowers","Adly"
"Sales",83797,"Fontan","Kazuhisa"
"Sales",403931,"Zucker","Shaunak"
"Sales",84041,"Sgarro","Kagan"
"Sales",476637,"Kusakari","Angus"
"Sales",84097,"Bahl","Constantino"
"Sales",403990,"Sidhu","Masato"
"Sales",33027,"Restivo","Xiping"
"Sales",84143,"Chartres","Lalit"
"Sales",84352,"Gecsel","Elliott"
"Sales",84370,"Reghbati","Fei"
"Sales",33009,"Chinin","Tsutomu"
"Sales",32962,"Orlowska","Girolamo"
"Sales",84657,"Lamparter","Shigeichiro"
"Sales",428514,"Khamsi","Otilia"
"Sales",482189,"Paciorek","Ute"
"Sales",84755,"Gihr","Qiwen"
"Sales",84771,"Zallocco","Hitofumi"
"Sales",428521,"Arlazarov","Mads"
"Sales",85010,"Pileggi","Duangkaew"
"Sales",85017,"Swiler","Falguni"
"Sales",476631,"Luft","Premal"
"Sales",32603,"Brookner","Subhash"
"Sales",85212,"Setia","Shirish"
"Sales",404115,"Rissland","Sahrah"
"Sales",404122,"Mitina","Dulce"
"Sales",85274,"Rosin","Maha"
"Sales",85276,"Sullins","Manu"
"Sales",32428,"Senzako","Subhada"
"Sales",85496,"Gajiwala","Tianruo"
"Sales",32425,"Lung","Keiichiro"
"Sales",85529,"Usery","Clyde"
"Sales",85537,"Bernatsky","Tzu"
"Sales",32396,"Redmiles","Khosrow"
"Sales",85641,"Buescher","Breannda"
"Sales",32322,"Larfeldt","Froduald"
"Sales",85855,"Przulj","Rildo"
"Sales",482186,"Fritzsche","Ult"
"Sales",482184,"Tetzlaff","Abdelghani"
"Sales",85969,"Peyn","Oscal"
"Sales",85974,"Kusalik","Adil"
"Sales",86207,"Weedman","Piyush"
"Sales",86208,"Gelosh","Ronghao"
"Sales",404180,"Denna","Pradeep"
"Sales",86256,"Dulay","Gift"
"Sales",31919,"Toyoshima","Alejandro"
"Sales",86295,"Hofstetter","Cheong"
"Sales",86389,"Takkinen","Francesca"
"Sales",86395,"Grospietsch","Duke"
"Sales",86399,"Baek","Guozhong"
"Sales",31891,"Gelosh","Weiru"
"Sales",86425,"Morris","Shigeu"
"Sales",31890,"Shiratori","Dekang"
"Sales",86701,"Trystram","Chiradeep"
"Sales",86732,"Schach","Atreye"
"Sales",86761,"Ossenbruggen","Theirry"
"Sales",86997,"Lund","Nitsan"
"Sales",404265,"Tsunoo","Sajjad"
"Sales",31841,"Kadhim","Sven"
"Sales",31830,"Ossenbruggen","Angel"
"Sales",31828,"Vitiello","Almudena"
"Sales",87138,"Aseltine","Zhiwei"
"Sales",87347,"Katalagarianos","Kazuhiko"
"Sales",428559,"Felcyn","Kazuhide"
"Sales",31773,"Mitsuhashi","Mooi"
"Sales",482168,"Marwedel","Yuchang"
"Sales",87494,"Quadeer","Reinhard"
"Sales",87543,"Luks","Kwan"
"Sales",87582,"Bolsens","Renny"
"Sales",87605,"Caine","Uli"
"Sales",475005,"Chinin","Xuejia"
"Sales",482137,"Cesareni","Maya"
"Sales",87888,"Makrucki","Percy"
"Sales",404402,"Driscoll","Zhilian"
"Sales",404421,"Ulupinar","Marie"
"Sales",31521,"Ariola","Stevo"
"Sales",87932,"Hennebert","Ishfaq"
"Sales",87965,"Arlazarov","Mats"
"Sales",31499,"Pollock","Naftali"
"Sales",88236,"Lorch","Arfst"
"Sales",88247,"Fasbender","Marjo"
"Sales",404434,"Reinhart","Giao"
"Sales",88288,"Percebois","Mabry"
"Sales",404463,"Lukaszewicz","Aloys"
"Sales",88370,"Chinen","Wanqing"
"Sales",88390,"Goldhammer","Ranga"
"Sales",428573,"Gulik","Vasilis"
"Sales",404510,"Shanbhogue","Bodh"
"Sales",88423,"Vecchi","Sanjit"
"Sales",88430,"Kriebel","Filipp"
"Sales",88456,"Frijda","Arup"
"Sales",482119,"Emden","Mitsuyuki"
"Sales",31245,"Maliniak","Woody"
"Sales",88533,"Chaudhuri","Gritta"
"Sales",88539,"Azadmanesh","Stella"
"Sales",88561,"Homond","Honglan"
"Sales",88577,"Ermel","Lenore"
"Sales",88593,"Kohling","Atilio"
"Sales",31231,"Lores","Denny"
"Sales",88649,"Linares","Parke"
"Sales",88692,"Masada","Mechthild"
"Sales",88710,"Zhiwei","Tonia"
"Sales",88715,"Rohrbach","Luise"
"Sales",482102,"Cullers","Shimshon"
"Sales",404679,"Vandervoorde","Atilio"
"Sales",88746,"VanScheik","Bernice"
"Sales",88782,"Simmen","Martina"
"Sales",88804,"Koprowski","Yuguang"
"Sales",88811,"Ghazalie","Filipp"
"Sales",31186,"Bahr","Muneo"
"Sales",89017,"Bale","Ronnie"
"Sales",89026,"Siprelle","Rafols"
"Sales",31132,"Ghalwash","Barna"
"Sales",404734,"Mahnke","Tuval"
"Sales",89059,"Falby","Mabo"
"Sales",89083,"Coullard","Xiping"
"Sales",30904,"Tchuente","Fen"
"Sales",30881,"Glowinski","Eric"
"Sales",89100,"Varman","Tomoyuki"
"Sales",89113,"Rosch","Takanari"
"Sales",404767,"Lieblein","Laurentiu"
"Sales",404768,"Swiler","Toshimori"
"Sales",89168,"Orlowska","Tiina"
"Sales",89181,"Ranze","IEEE"
"Sales",30831,"Kermarrec","Arno"
"Sales",89252,"Heuser","Kiyokazu"
"Sales",89260,"Shanbhogue","Yakichi"
"Sales",89265,"Gopalakrishnan","Munir"
"Sales",404802,"Assaf","Zhigen"
"Sales",89519,"Szilard","Vasilis"
"Sales",89575,"Sevcikova","Willard"
"Sales",30789,"Yamaashi","Kousuke"
"Sales",89606,"Grospietsch","Vugranam"
"Sales",30769,"Frolund","Berry"
"Sales",89767,"Bonifati","Minghong"
"Sales",89774,"Anandan","Adhemar"
"Sales",89798,"Stiles","Phuoc"
"Sales",404825,"Otillio","Zeydy"
"Sales",482090,"Mawatari","Vidar"
"Sales",89868,"Alblas","Itzchak"
"Sales",89887,"Munro","Zhonghui"
"Sales",30546,"Oehlmann","Janalee"
"Sales",89989,"Plump","Charmane"
"Sales",90234,"Paludetto","Pramod"
"Sales",90274,"Jiafu","Christoper"
"Sales",30524,"Pfau","Mihalis"
"Sales",90298,"Kalefeld","Mary"
"Sales",90310,"Schiettecatte","Rosalyn"
"Sales",404895,"Ranta","Honglan"
"Sales",404896,"Impagliazzo","Moheb"
"Sales",90329,"Renear","Palash"
"Sales",90330,"Lieberherr","Yuichiro"
"Sales",90851,"Baig","Kristen"
"Sales",404905,"Sgarro","Shen"
"Sales",404919,"Linnainmaa","Kasidit"
"Sales",30462,"Shigei","Tsz"
"Sales",90924,"Giarratana","Fusako"
"Sales",404926,"Ouhyoung","Yuchang"
"Sales",91028,"Vingron","Duke"
"Sales",30179,"Krzyzanowski","Shirish"
"Sales",30121,"Rosch","Barry"
"Sales",91173,"Neiman","Kwangyoen"
"Sales",91200,"Bahl","Nikolaus"
"Sales",91222,"Atrawala","Pasqua"
"Sales",91285,"Maksimenko","Tayeb"
"Sales",29899,"Juneja","Yinghua"
"Sales",91293,"Ranai","Felicidad"
"Sales",91319,"Gill","Jackson"
"Sales",91330,"Kopetz","Franziska"
"Sales",91333,"Stafford","Lobel"
"Sales",91382,"Puppe","Oksana"
"Sales",91384,"Jansen","Zongyan"
"Sales",91389,"Rande","Zhaofang"
"Sales",91421,"Kakkar","Hercules"
"Sales",404987,"Linares","Juichirou"
"Sales",91452,"Flasterstein","Nevio"
"Sales",91549,"Kornatzky","Temple"
"Sales",405015,"Fargier","Morris"
"Sales",91599,"Mitina","Tsz"
"Sales",91606,"Gyorkos","Pintsang"
"Sales",29813,"Fujisaki","Jianhua"
"Sales",91637,"Menhoudj","Gino"
"Sales",405036,"Erev","Masoud"
"Sales",29786,"Vrecion","Paloma"
"Sales",91893,"Sullins","Holgard"
"Sales",29779,"Katzenelson","Gudjon"
"Sales",29764,"Stranks","Foong"
"Sales",92389,"Bellmore","Siddarth"
"Sales",92390,"Pfau","Radoslaw"
"Sales",405075,"Kumaresan","Shuzo"
"Sales",92432,"Strehl","Adly"
"Sales",92446,"Schach","Mariangiola"
"Sales",92449,"Birsak","Georg"
"Sales",29578,"Kusalik","Idoia"
"Sales",92458,"Comte","Moie"
"Sales",92484,"Rotem","Phuoc"
"Sales",92491,"Speckmann","Utpal"
"Sales",29573,"Linnainmaa","Kwangsub"
"Sales",405085,"Lanzelotte","Jixiang"
"Sales",405097,"Rothenberg","Kwangsub"
"Sales",481905,"Syrzycki","Hironoby"
"Sales",93035,"Godskesen","Georg"
"Sales",29242,"Snyers","Muzhong"
"Sales",428618,"Breugel","Rayond"
"Sales",29233,"Ranai","Ziyad"
"Sales",481888,"Ermel","Uma"
"Sales",93184,"Couchot","Hugo"
"Sales",93357,"Prochazka","Padma"
"Sales",428625,"Savasere","Mohammad"
"Sales",436733,"Coney","Jaroslava"
"Sales",93412,"Sinicrope","Sivanarayana"
"Sales",93433,"Tchuente","Abdelkader"
"Sales",405186,"Isard","Barry"
"Sales",93462,"Peha","Domenico"
"Sales",405190,"Schwartzbauer","Nimmagadda"
"Sales",93549,"Coullard","Arie"
"Sales",29123,"Rabehasaina","Kerhong"
"Sales",93636,"Arlazarov","Weijing"
"Sales",29121,"Fontet","Shakhar"
"Sales",405229,"Gecsel","Keung"
"Sales",93920,"Oppitz","Basil"
"Sales",93929,"Georgakopoulos","Morris"
"Sales",93932,"Parveen","Giap"
"Sales",93938,"Veeraraghavan","Boutros"
"Sales",93973,"McAffer","Guadalupe"
"Sales",94210,"Pouyioutas","Ekawit"
"Sales",94222,"Kroha","Duke"
"Sales",94227,"Veevers","Gila"
"Sales",405288,"Eldridge","Atreyi"
"Sales",94277,"Conde","Nobuyoshi"
"Sales",405307,"Yoshizawa","Guenter"
"Sales",481856,"Ossenbruggen","Aran"
"Sales",94305,"Trogemann","Bokyung"
"Sales",405329,"Stranks","Bernardo"
"Sales",94542,"Rissland","Vojin"
"Sales",28734,"Heydon","Arvind"
"Sales",94566,"Wrigley","Adas"
"Sales",94584,"Cyne","Behnaam"
"Sales",28716,"Hertweck","Kristian"
"Sales",94659,"Baranowski","Basil"
"Sales",28682,"Garnier","Martina"
"Sales",405369,"Masada","Shooichi"
"Sales",28679,"Beerel","Janalee"
"Sales",95270,"Pusterhofer","Toshiki"
"Sales",95312,"Perez","Sedat"
"Sales",95317,"Rosis","Srinidhi"
"Sales",481642,"Georg","Anneli"
"Sales",28642,"Taneja","Kristen"
"Sales",95589,"Bennis","Waiman"
"Sales",405476,"Barriga","Boalin"
"Sales",28622,"Hofting","Shin"
"Sales",95935,"Bolsens","Aran"
"Sales",95943,"Luit","Guozhong"
"Sales",95979,"Dusink","Takahito"
"Sales",28604,"Kirkerud","Rafols"
"Sales",95999,"Murillo","Owen"
"Sales",96004,"Malinowski","Petter"
"Sales",405502,"Marchesini","Candido"
"Sales",96272,"Rusmann","Khosrow"
"Sales",96278,"Deyuan","Dipankar"
"Sales",96334,"Vigier","Valter"
"Sales",28591,"Kalsbeek","Jianwen"
"Sales",428846,"Roison","Arvin"
"Sales",28575,"Yurov","Jayson"
"Sales",405525,"Mondadori","Gad"
"Sales",405717,"Perly","Cathie"
"Sales",96617,"Peak","Shirish"
"Sales",405719,"McFarlin","Moto"
"Sales",96630,"Porenta","Danai"
"Sales",28379,"Sury","Taegyun"
"Sales",28373,"Bhattacharjee","Steen"
"Sales",405746,"Mondadori","Heon"
"Sales",28344,"Barriga","Fan"
"Sales",96914,"Hambrick","Anoosh"
"Sales",96924,"Litecky","Jenwei"
"Sales",436737,"Pargas","Chrisa"
"Sales",96936,"Mitina","Eishiro"
"Sales",97027,"Georgatos","Mountaz"
"Sales",28281,"Oxenboll","Adhemar"
"Sales",97283,"Lamba","Olivera"
"Sales",481629,"Stasinski","Junichi"
"Sales",97343,"Jenevein","Tomokazu"
"Sales",97353,"Delgrossi","Radoslaw"
"Sales",97380,"Naudin","Rayond"
"Sales",28065,"Serot","Holgard"
"Sales",28058,"Gargeya","Nikolaus"
"Sales",405782,"Koblitz","Khalid"
"Sales",97454,"Bugrara","Xinyu"
"Sales",97459,"Vecchi","Paddy"
"Sales",428883,"Soicher","Stamatina"
"Sales",97523,"Suppi","Bikash"
"Sales",97726,"Veevers","Guther"
"Sales",97785,"Strandh","Vatsa"
"Sales",405784,"Luks","Jessie"
"Sales",97808,"Bolotov","Dharmaraja"
"Sales",405803,"Merks","Guther"
"Sales",97862,"Luck","Seshu"
"Sales",27957,"Ramsak","Marjo"
"Sales",98085,"Markovitch","Uri"
"Sales",98088,"Versino","Gay"
"Sales",98123,"Bazelow","Boriana"
"Sales",98128,"Ambroszkiewicz","Kazuhisa"
"Sales",27947,"Nitsch","Shugo"
"Sales",98434,"Adachi","Bogdan"
"Sales",428887,"Marzano","Yefim"
"Sales",27917,"Leuchs","Boaz"
"Sales",27878,"Nishimukai","Kokou"
"Sales",406118,"Birsak","Zine"
"Sales",98664,"Felcyn","Kendra"
"Sales",27872,"Prampolini","Qunsheng"
"Sales",98712,"Chandrasekhar","Renny"
"Sales",98722,"Kakkar","Jeanna"
"Sales",27851,"Terlouw","Valeska"
"Sales",406138,"Penn","Zejun"
"Sales",98798,"Lichtner","Baoqiu"
"Sales",98807,"Hanratty","Aloys"
"Sales",27797,"Botman","Kazuhisa"
"Sales",27779,"Hopewell","Marie"
"Sales",99275,"Eickenmeyer","Guozhong"
"Sales",27741,"Pesch","Siamak"
"Sales",99341,"Muchinsky","Weiwu"
"Sales",428908,"Delaune","Giao"
"Sales",406167,"Jayawardene","Remko"
"Sales",99605,"Decaestecker","Pasqua"
"Sales",99626,"Denis","Shir"
"Sales",406185,"Delgrange","Stamatina"
"Sales",428918,"Kroll","Vasilii"
"Sales",99729,"Porenta","Dmitri"
"Sales",481592,"Mundy","Tuval"
"Sales",476564,"Brookner","Zhilian"
"Sales",99761,"Coors","Mong"
"Sales",99767,"Lorho","Haldon"
"Sales",99831,"Juneja","Alper"
"Sales",406393,"Millington","Gina"
"Sales",99855,"Krohn","Roselyn"
"Sales",27695,"Clemencon","Werner"
"Sales",99920,"Candan","Cullen"
"Sales",99926,"Penttonen","Aloys"
"Sales",100227,"Stanger","Chenye"
"Sales",100235,"Ebeling","Deniz"
"Sales",100241,"Oxenboll","Kwan"
"Sales",100249,"Mawatari","Aloke"
"Sales",100251,"Gihr","Shridhar"
"Sales",406476,"Hedayat","Temple"
"Sales",406481,"Krogh","Jiong"
"Sales",100725,"Maliniak","Zvonko"
"Sales",100739,"DiGiano","Froduald"
"Sales",100770,"Hertweck","Harngdar"
"Sales",100772,"Woycyznski","Rance"
"Sales",406502,"Docker","Akeel"
"Sales",27652,"Matteis","Jacqueline"
"Sales",27581,"Cronin","Troy"
"Sales",100823,"Negoita","Sachem"
"Sales",100848,"Melichar","Tetsushi"
"Sales",101240,"Perin","Oldrich"
"Sales",101280,"Malinowski","Qingxiang"
"Sales",101287,"Peyn","Haldun"
"Sales",101308,"Conia","Richara"
"Sales",481585,"Fiutem","Guadalupe"
"Sales",101365,"Solovay","Fumitake"
"Sales",101366,"Muniz","Gennadi"
"Sales",101373,"Driscoll","Neven"
"Sales",27547,"Fioravanti","Saddek"
"Sales",101561,"Hebden","Arch"
"Sales",101568,"Vingron","Jinxi"
"Sales",476517,"Uhrig","Iara"
"Sales",27523,"Barbanera","Sigeru"
"Sales",27516,"Angelov","Yurij"
"Sales",101698,"Christ","Danco"
"Sales",102065,"Schlenzig","Xiaoqiu"
"Sales",406749,"Lalonde","Bilhanan"
"Sales",27495,"Beausoleil","Shuji"
"Sales",406752,"Antonakopoulos","Masaru"
"Sales",102161,"Mitzlaff","Ronnie"
"Sales",102626,"Jonsson","Suzette"
"Sales",102641,"Hammerschmidt","Srinidhi"
"Sales",102657,"Smeets","Eben"
"Sales",102663,"Perko","Miomir"
"Sales",481566,"Gire","Moie"
"Sales",481565,"Makrucki","Hilary"
"Sales",476510,"Gimarc","Alagu"
"Sales",27368,"Keustermans","Dipayan"
"Sales",103234,"Matzen","Martine"
"Sales",476490,"Showalter","Sachem"
"Sales",103652,"Stemann","Gregory"
"Sales",103656,"Cherinka","Jiann"
"Sales",103704,"Kleiser","Akeel"
"Sales",104080,"Kadhim","Niteen"
"Sales",27349,"Assaf","Akeel"
"Sales",429318,"Jonsson","Hyuckchul"
"Sales",104583,"Kinley","Odoardo"
"Sales",481536,"Hellwagner","Kyoichi"
"Sales",27302,"Sankaranarayanan","Eishiro"
"Sales",104666,"Krupka","Ibibia"
"Sales",104682,"Speek","Toshimori"
"Sales",27290,"Khamsi","Nakhoon"
"Sales",104738,"Pluym","Gino"
"Sales",27257,"Niizuma","Shahid"
"Sales",104955,"Detkin","Magy"
"Sales",104982,"Harnett","Manohar"
"Sales",481341,"Ranka","Hidde"
"Sales",105021,"Hertweck","Shigenori"
"Sales",27232,"Xiaoshan","Reinhard"
"Sales",105047,"Kornatzky","Junichi"
"Sales",105256,"Karcich","Yuuichi"
"Sales",27200,"Danecki","Ishfaq"
"Sales",105369,"Cooke","Augustine"
"Sales",105437,"Majewski","Luerbio"
"Sales",105441,"Haldar","Abdelghani"
"Sales",105452,"Welham","Juyoung"
"Sales",27176,"Hammerschmidt","Shounak"
"Sales",105484,"Terekhov","Fumino"
"Sales",407126,"Horswill","Eirik"
"Sales",105534,"Francisci","Kazuhito"
"Sales",407165,"Heydon","Huiqun"
"Sales",105768,"Bashian","Danny"
"Sales",407186,"Dulay","Ranan"
"Sales",429345,"Trystram","Zhonghui"
"Sales",105841,"Spelt","Jessie"
"Sales",105888,"Hutter","Sanjai"
"Sales",27073,"Georg","Ung"
"Sales",429387,"Cappelletti","Uli"
"Sales",481275,"Hebden","Abdelaziz"
"Sales",106133,"Heijenga","Guadalupe"
"Sales",106143,"Pashtan","Kristina"
"Sales",481244,"Erva","Kellie"
"Sales",106280,"Atrawala","Idoia"
"Sales",106338,"Kolvik","Phule"
"Sales",106344,"Siochi","Vishu"
"Sales",106371,"Ratzlaff","DAIDA"
"Sales",106388,"Emiris","Nikolaos"
"Sales",106403,"Borovoy","Ebbe"
"Sales",26670,"Curless","Stella"
"Sales",106772,"Barriga","Fumitake"
"Sales",26623,"Barbanera","Berni"
"Sales",106805,"Muchinsky","Taegyun"
"Sales",106837,"Nitto","Elvia"
"Sales",106838,"Luke","Hatem"
"Sales",106841,"Gide","Shigehiro"
"Sales",407349,"Gewali","Maya"
"Sales",407352,"Melski","Dekang"
"Sales",106895,"Kaelbling","Weiru"
"Sales",26592,"Piveteau","Serap"
"Sales",106935,"Farrow","Kazuhiko"
"Sales",106937,"Wilharm","Adamantios"
"Sales",407382,"Sadowsky","Moon"
"Sales",106992,"Denis","Nathan"
"Sales",107028,"Rande","Gro"
"Sales",107053,"Macedo","Chinho"
"Sales",107058,"Kaelbling","Jessie"
"Sales",429454,"Munch","Youssef"
"Sales",107141,"Ranai","Nathalie"
"Sales",26463,"Coorg","Vugranam"
"Sales",107244,"Ellozy","Mantis"
"Sales",107260,"Tsukune","Wayne"
"Sales",107307,"Boyle","Eberhardt"
"Sales",107313,"Perng","Mayuko"
"Sales",107337,"Gire","Martine"
"Sales",429474,"Slobodova","Radoslaw"
"Sales",107373,"Wolniewicz","Atilio"
"Sales",107609,"Servieres","Cullen"
"Sales",429483,"Wossner","Rafael"
"Sales",107634,"Sooriamurthi","Angus"
"Sales",436780,"Angelopoulos","Manu"
"Sales",26455,"Luga","Gaetan"
"Sales",26451,"Levasseur","Tianruo"
"Sales",26439,"Lung","Zengping"
"Sales",107688,"Perz","Rimli"
"Sales",26413,"Perng","Marsal"
"Sales",107933,"Oaver","Weiye"
"Sales",107936,"Walstra","Sugwoo"
"Sales",407542,"Hiraishi","Lillian"
"Sales",107994,"Spataro","Khoa"
"Sales",108008,"Khamsi","Jiong"
"Sales",108024,"Harbusch","Tayeb"
"Sales",407560,"Lamba","Huiqun"
"Sales",407565,"Backhouse","Shuky"
"Sales",108311,"Rathonyi","Sanjay"
"Sales",108337,"Miara","Hyuckchul"
"Sales",108356,"Panwar","Junsik"
"Sales",407605,"Asser","Hatsukazu"
"Sales",429513,"Ambroszkiewicz","Wanqing"
"Sales",25815,"Pettit","Chinhyun"
"Sales",108855,"Bamford","Xudong"
"Sales",108864,"Apsitis","Mahendra"
"Sales",25776,"Lunt","Aluzio"
"Sales",108885,"Mitina","Gadiel"
"Sales",407627,"Kusakabe","Djelloul"
"Sales",108895,"Collavizza","Basim"
"Sales",108912,"Schurmann","Ute"
"Sales",108913,"Rindone","Mingsen"
"Sales",108923,"Shrader","Rosalyn"
"Sales",109181,"Lally","Rildo"
"Sales",109186,"Keohane","Serge"
"Sales",109192,"Barbanera","Baruch"
"Sales",109197,"Alencar","Augustine"
"Sales",109209,"Takkinen","Oldrich"
"Sales",109241,"Suppi","Howell"
"Sales",407649,"Waeselynck","Uriel"
"Sales",407653,"Baezner","Hitomi"
"Sales",109458,"Matzen","Kamran"
"Sales",25509,"Pokrovskii","Ortrun"
"Sales",437885,"Wielonsky","Roded"
"Sales",25494,"Winter","Henk"
"Sales",109773,"Rettelbach","Leandro"
"Sales",109806,"Puoti","Premal"
"Sales",481193,"Seuren","Gen"
"Sales",109853,"Melichar","Kazuyasu"
"Sales",481178,"Luce","Uwe"
"Sales",25444,"Badr","Surveyors"
"Sales",109922,"Penttonen","Alair"
"Sales",200469,"Lung","Jianhua"
"Sales",25436,"Steenbeek","Horward"
"Sales",200548,"Eiter","Xuedong"
"Sales",200554,"Boissier","Shmuel"
"Sales",200575,"Kuzuoka","Izaskun"
"Sales",200750,"Kusakabe","Jeane"
"Sales",200778,"Gips","Pranav"
"Sales",407752,"Dratva","Valter"
"Sales",200911,"Pews","Iara"
"Sales",481000,"Zirintsis","Hidefumi"
"Sales",200971,"Jullig","Ferdinand"
"Sales",25147,"Zastre","Mayuri"
"Sales",201020,"Khasidashvili","Danai"
"Sales",201045,"Huttel","Uma"
"Sales",25120,"Menyhert","Uma"
"Sales",25100,"Esteva","Bangqing"
"Sales",201760,"Monkewich","Arunas"
"Sales",201772,"Hatcliff","Guenter"
"Sales",24689,"Scharstein","Sakthirel"
"Sales",201777,"Perl","Wonhee"
"Sales",201848,"Ebeling","Elvis"
"Sales",201867,"Ginneken","Gonzalo"
"Sales",201908,"Setiz","Shigehiro"
"Sales",407781,"Guting","Masako"
"Sales",24626,"Giarratana","Zhilian"
"Sales",407795,"Lammel","Barun"
"Sales",202124,"Farrow","Idoia"
"Sales",407808,"Smailagic","Arunachalam"
"Sales",202170,"Auyong","Pradeep"
"Sales",407822,"Birch","Manohar"
"Sales",202196,"Kaelbling","Sergi"
"Sales",24568,"Shrader","Along"
"Sales",202220,"Bolsens","Uwe"
"Sales",202658,"Decleir","Kamakshi"
"Sales",407886,"Riexinger","Shmuel"
"Sales",202753,"Marwedel","Aimee"
"Sales",202926,"Khalil","Gao"
"Sales",480988,"Ambroszkiewicz","Jeanna"
"Sales",202948,"Bruckman","Haldon"
"Sales",202955,"Schahn","Roddy"
"Sales",407899,"Edelhoff","Jongsuk"
"Sales",203044,"Trumbly","Arto"
"Sales",203055,"Gladwell","Xudong"
"Sales",22955,"Taubenfeld","Sarita"
"Sales",203284,"Flexer","Ult"
"Sales",203288,"Denny","Subhrajyoti"
"Sales",203293,"Khasidashvili","Akeno"
"Sales",203298,"Perri","Sumant"
"Sales",203334,"Magalhaes","Shiv"
"Sales",203374,"Vecchio","Mohd"
"Sales",22922,"Straney","Filipp"
"Sales",203395,"Apsitis","Leaf"
"Sales",407932,"Mondadori","Huican"
"Sales",429572,"Ranum","Gina"
"Sales",203434,"Boreale","Yannik"
"Sales",203496,"Jansen","Siddarth"
"Sales",22873,"Ashish","Ebbe"
"Sales",203531,"Copas","Xuejun"
"Sales",22867,"Flexer","Huei"
"Sales",203562,"Trachtenberg","Xianlong"
"Sales",407951,"Olano","Youngkon"
"Sales",203600,"Journel","Fai"
"Sales",203616,"Lally","Shaleah"
"Sales",203642,"Schiettecatte","Ayonca"
"Sales",203692,"Keohane","Xiaoqiu"
"Sales",203702,"Glowinski","Abdulla"
"Sales",203722,"Hoppenstand","Sushant"
"Sales",203738,"Peot","Mikhail"
"Sales",22819,"Koblitz","Anestis"
"Sales",22815,"Hettesheimer","Xiaoheng"
"Sales",22808,"Hitomi","Xuejia"
"Sales",22758,"Rijckaert","Mabry"
"Sales",408061,"Penz","Roddy"
"Sales",408062,"Maierhofer","Theron"
"Sales",203932,"Tasistro","Sanjoy"
"Sales",203969,"Vilarrasa","Zorica"
"Sales",203990,"Suermann","Shaz"
"Sales",22712,"Thorelli","Srinidhi"
"Sales",437908,"Bade","Fatemeh"
"Sales",204067,"Pews","Brigham"
"Sales",204117,"Nooteboom","Jessie"
"Sales",204182,"Riexinger","Pranay"
"Sales",22551,"Matzke","Abdelaziz"
"Sales",204222,"Suomi","Jagoda"
"Sales",204285,"Schnelling","Shiv"
"Sales",429626,"Michaeli","Shao"
"Sales",204405,"Gurbaxani","Snehasis"
"Sales",408182,"Khamsi","Satoru"
"Sales",408186,"Macedo","Kwan"
"Sales",204433,"Percebois","Shuzo"
"Sales",408187,"dAstous","Billur"
"Sales",408197,"Zultner","Dietrich"
"Sales",204470,"Lichtner","Hein"
"Sales",204478,"Decleir","Toshiko"
"Sales",204491,"Snyers","Hitofumi"
"Sales",204520,"Angelov","Kwee"
"Sales",408226,"Schaaf","Alair"
"Sales",22405,"Parveen","Gritta"
"Sales",204667,"Nittel","Froduald"
"Sales",204682,"Bennet","Gina"
"Sales",204703,"Spataro","Sreekrishna"
"Sales",204704,"Francisci","Yuuichi"
"Sales",204709,"Delgrande","Falguni"
"Sales",204711,"Kragelund","Sungwon"
"Sales",204948,"Krohm","Chenye"
"Sales",204977,"Perl","Martina"
"Sales",205015,"Chachaty","Basim"
"Sales",205036,"Argence","Tadanori"
"Sales",205055,"Furudate","Barry"
"Sales",205067,"Lubachevsky","Sampalli"
"Sales",205121,"Lindenbaum","Hinrich"
"Sales",480901,"Isaac","Insup"
"Sales",205161,"Kisuki","Divier"
"Sales",205173,"Verhoeff","Xiaocheng"
"Sales",475399,"Auria","Yahiko"
"Sales",408308,"Quadeer","Demos"
"Sales",205204,"Demos","Yonghoan"
"Sales",205220,"Schade","Sadegh"
"Sales",205229,"Laventhal","Vesna"
"Sales",22358,"Decaestecker","Arvind"
"Sales",205450,"Lung","Feiyu"
"Sales",22323,"Perelgut","Malu"
"Sales",205513,"Kalafatis","Pranay"
"Sales",22317,"Granlund","Heather"
"Sales",22296,"Petersohn","Leni"
"Sales",205551,"Levasseur","DAIDA"
"Sales",205573,"Francisci","Dannz"
"Sales",408363,"Gente","Tsutomu"
"Sales",408376,"Suomi","Frazer"
"Sales",22013,"Pardalos","Quingbo"
"Sales",205880,"Yoshimura","Palash"
"Sales",205902,"Bodoff","Susumu"
"Sales",205904,"Comyn","Pasqua"
"Sales",206137,"Morton","Sumali"
"Sales",206138,"Skrikant","Gen"
"Sales",408394,"Lichtman","Jianhua"
"Sales",206192,"Ghemri","Vojin"
"Sales",206233,"Kowalchuk","Gao"
"Sales",206241,"Danecki","Kazuhira"
"Sales",206264,"Khasidashvili","Mihalis"
"Sales",408423,"Zschoche","Nahid"
"Sales",21982,"Rouquie","Karlis"
"Sales",206519,"Ginesta","Ibibia"
"Sales",206526,"Chepyzhov","Hauke"
"Sales",206554,"Vesel","Geraldo"
"Sales",206588,"Passino","Zhenhua"
"Sales",21970,"Esteva","Subbu"
"Sales",206603,"Koprowski","Kiyokazu"
"Sales",206791,"Benveniste","Shigehito"
"Sales",408474,"Krohn","Rosli"
"Sales",206847,"Akazan","Luise"
"Sales",21953,"Michaels","Bader"
"Sales",206863,"Pell","Tomokazu"
"Sales",206874,"Socorro","Macha"
"Sales",408497,"Olano","Prasadram"
"Sales",206906,"Suomi","Lokesh"
"Sales",408506,"Pusterhofer","Emdad"
"Sales",21934,"Kroft","Hercules"
"Sales",207172,"Demke","Teiji"
"Sales",21538,"McFarlin","Basil"
"Sales",207249,"Tsukune","Candido"
"Sales",476212,"Laventhal","Mitsuyuki"
"Sales",21503,"Conti","Gianluca"
"Sales",21455,"Peral","Tayeb"
"Sales",21449,"Zweizig","Masanao"
"Sales",207617,"Kuszyk","Baocai"
"Sales",21437,"Gomatam","King"
"Sales",207644,"Cronau","Otmar"
"Sales",207697,"Serna","Gonzalo"
"Sales",480648,"Karner","Chiranjit"
"Sales",207753,"Przulj","Tesuro"
"Sales",208033,"Ermel","Visit"
"Sales",208043,"Huhdanpaa","Kwangjo"
"Sales",208049,"Hedayat","Miomir"
"Sales",437935,"Danley","Byong"
"Sales",208330,"Flanders","Shen"
"Sales",208340,"Butner","Etsuo"
"Sales",208363,"Maccarone","Chiranjit"
"Sales",208850,"Nannarelli","Masaru"
"Sales",208874,"Peek","Frazer"
"Sales",208884,"Khalid","Gurbir"
"Sales",21144,"Akaboshi","Bouchung"
"Sales",21138,"Haraldson","Niteen"
"Sales",21135,"Alpay","KayLiang"
"Sales",21133,"Brizzi","Carrsten"
"Sales",209174,"Vidal","Kiam"
"Sales",209209,"Selenyi","Christ"
"Sales",21110,"Solares","Shaowei"
"Sales",210978,"Luff","Muneo"
"Sales",210994,"Camurati","Gennady"
"Sales",480550,"Khasidashvili","Caolyn"
"Sales",211322,"Bach","Tadahiko"
"Sales",409062,"Furudate","Kendra"
"Sales",211334,"Hooghiemstra","Takanari"
"Sales",409080,"Brobst","Theron"
"Sales",211346,"Serna","Rutger"
"Sales",21087,"Matzel","Eben"
"Sales",211373,"Kambil","Mikhail"
"Sales",21069,"Reeker","Martine"
"Sales",211383,"Candan","Uli"
"Sales",211412,"Keohane","Kirk"
"Sales",211529,"Ranft","Yannik"
"Sales",211534,"Cardazo","Jianhua"
"Sales",211563,"Lunt","Youpyo"
"Sales",211612,"Birrer","Ishfaq"
"Sales",211636,"Lueh","Lucien"
"Sales",211644,"Trogemann","Menkae"
"Sales",211646,"McDermid","Rosalyn"
"Sales",409158,"Navazio","Owen"
"Sales",211692,"Hoppenstand","Nalini"
"Sales",211704,"Spataro","Lene"
"Sales",211731,"Karcich","Peternela"
"Sales",409169,"Gornas","Herb"
"Sales",211750,"Matheson","Rosalyn"
"Sales",20796,"Braunmuhl","Kristin"
"Sales",409197,"Marsiglia","Aamod"
"Sales",211850,"Alvarado","Isamu"
"Sales",211883,"Cromarty","Cullen"
"Sales",409215,"Wursthorn","Heekeun"
"Sales",211893,"Baezner","Yuuichi"
"Sales",409244,"Chachaty","Parviz"
"Sales",211947,"Erman","Mohammed"
"Sales",211988,"Winter","Nikolaos"
"Sales",212012,"Beutelspacher","Tomoyuki"
"Sales",212046,"Lindenbaum","Mana"
"Sales",212146,"Radivojevic","Charlene"
"Sales",212163,"Meszaros","Zine"
"Sales",212167,"Terlouw","Utpal"
"Sales",20619,"Mayerwieser","Kwok"
"Sales",212283,"Woycyznski","Koichi"
"Sales",480326,"Barbanera","Tayeb"
"Sales",212362,"Valette","Jianhui"
"Sales",212377,"Chappelet","Ekawit"
"Sales",212386,"Fortenbacher","Tianruo"
"Sales",20597,"Pero","Mack"
"Sales",212458,"Litecky","Sajjad"
"Sales",212538,"Ashish","Jaber"
"Sales",212540,"Kuzuoka","Jaihie"
"Sales",212543,"Erdi","Udi"
"Sales",212584,"Penn","Chiradeep"
"Sales",20538,"Hebert","Gro"
"Sales",212627,"Spataro","Manohar"
"Sales",476204,"Albarhamtoshy","Phuoc"
"Sales",409385,"Speel","Jolita"
"Sales",212737,"Mitchem","Eckart"
"Sales",20476,"Serov","Niranjan"
"Sales",212796,"Eiron","Troy"
"Sales",212889,"Rahier","Yannik"
"Sales",212901,"Naumovich","Arnd"
"Sales",409423,"Spieker","Conrado"
"Sales",212961,"Attimonelli","Taizo"
"Sales",213108,"Lenart","Khun"
"Sales",20424,"Murrill","Harjit"
"Sales",213176,"Cunliffe","Nikolaos"
"Sales",213218,"Flowers","Yunming"
"Sales",20355,"Yetim","Feixiong"
"Sales",409485,"Pollacia","Kenton"
"Sales",409500,"Schreiter","Yagil"
"Sales",213379,"Einsfeld","Moon"
"Sales",213459,"Taubenfeld","Mari"
"Sales",213462,"Taubman","Torsten"
"Sales",409556,"Reinhart","Aral"
"Sales",213843,"Plump","Chaoyi"
"Sales",213894,"Harnett","Pranay"
"Sales",213907,"Passino","Mari"
"Sales",20300,"Nittel","Jenwei"
"Sales",213927,"Serdy","Neelam"
"Sales",409632,"Shanbhogue","Haldon"
"Sales",214003,"Mikschl","Takanari"
"Sales",409635,"Negoita","Navin"
"Sales",214075,"Tetzlaff","Kayoko"
"Sales",214094,"Bernardeschi","Makato"
"Sales",214101,"Plavsic","Mitsuyuki"
"Sales",214109,"Gide","Georgi"
"Sales",214137,"Driscoll","Miquel"
"Sales",214143,"Schrift","Florina"
"Sales",20272,"Pokrovskii","Kristen"
"Sales",480248,"Verhoeff","Valter"
"Sales",214186,"Matzov","Sivanarayana"
"Sales",214260,"Rikino","Juyoung"
"Sales",437966,"DuBourdieux","Kamakshi"
"Sales",214289,"Menhoudj","Shaowen"
"Sales",214299,"Karner","Jiafu"
"Sales",214318,"Potthoff","Emran"
"Sales",214348,"Maierhofer","Honglan"
"Sales",214426,"Rabejac","Tsuneo"
"Sales",214436,"Panangaden","Ashish"
"Sales",214441,"Sgarro","Padma"
"Sales",409911,"Vakili","Mostafa"
"Sales",20187,"Chinen","Annemarie"
"Sales",409944,"Lorie","Sudharsan"
"Sales",20181,"Wegerle","Thodoros"
"Sales",20170,"Himler","Emdad"
"Sales",20163,"Wossner","Arvind"
"Sales",214623,"Wegerle","Genta"
"Sales",480204,"Bressoud","Valeri"
"Sales",214680,"Seghrouchni","Janche"
"Sales",214840,"Mersereau","Yinghua"
"Sales",214842,"Businaro","Nikolaus"
"Sales",20138,"Willoner","Otilia"
"Sales",20132,"Neiman","Danil"
"Sales",214958,"Carrera","Fatemeh"
"Sales",20126,"Langford","Tayeb"
"Sales",20111,"Kilgour","Vincent"
"Sales",215523,"Emmerich","Feixiong"
"Sales",215548,"Velardi","Dietrich"
"Sales",20109,"Rodier","Muzhong"
"Sales",215560,"Condotta","Jamaludin"
"Sales",215573,"Azadmanesh","Lijie"
"Sales",215595,"Bruckman","Tze"
"Sales",215603,"Wuwongse","Sumant"
"Sales",215621,"Worfolk","Stamatina"
"Sales",215632,"Albarhamtoshy","Franziska"
"Sales",431929,"Shackel","Giao"
"Sales",215637,"Sooriamurthi","Thanasis"
"Sales",215639,"Camarinopoulos","Mart"
"Sales",215640,"Pardalos","Ravishankar"
"Sales",410104,"Bisiani","Gad"
"Sales",20098,"Lanphier","Domenick"
"Sales",20088,"Panienski","Hugh"
"Sales",215770,"Bamford","Saeko"
"Sales",215812,"Wroclawski","Mandell"
"Sales",215818,"Alpin","Krisda"
"Sales",431937,"Michaeli","Sanjiv"
"Sales",215906,"Hockney","Kristin"
"Sales",215924,"Rotem","Bojan"
"Sales",410206,"Rijsenbrij","Jiang"
"Sales",216102,"Vingron","Baziley"
"Sales",216187,"Billawala","JoAnna"
"Sales",19987,"Ranon","Margareta"
"Sales",216249,"Sherertz","Ioana"
"Sales",216256,"Lunn","Mokhtar"
"Sales",431948,"Carrere","Naftaly"
"Sales",480174,"Ushiama","Bilhanan"
"Sales",19892,"Maksimenko","Roselyn"
"Sales",480150,"Androutsos","Munir"
"Sales",216475,"Cichocki","Mabo"
"Sales",19675,"Herath","Isamu"
"Sales",216501,"Ranai","Bernd"
"Sales",216549,"Raney","Menkae"
"Sales",216570,"Lubachevsky","Fumiya"
"Sales",216599,"Pettey","Marsja"
"Sales",216601,"Hennebert","Yucel"
"Sales",216653,"Veeraraghavan","Stella"
"Sales",410294,"Fendler","Khedija"
"Sales",410333,"Rebaine","Mona"
"Sales",410345,"Ballarin","Xiaoqiang"
"Sales",19610,"Tibblin","Kristina"
"Sales",216790,"Munawer","Marlo"
"Sales",216791,"Rabejac","Qingxiang"
"Sales",217349,"Zeleznik","Atreyi"
"Sales",19360,"Schiettecatte","Mohammad"
"Sales",217394,"Backhouse","Raimond"
"Sales",431965,"Melton","Gianluca"
"Sales",217432,"Lanphier","Bader"
"Sales",217445,"Conti","Aamer"
"Sales",217492,"Luck","Maja"
"Sales",410409,"Uchoa","Tetsushi"
"Sales",217561,"Ananiadou","Kiyotoshi"
"Sales",217564,"Schnabel","Marie"
"Sales",217566,"Crelier","Marla"
"Sales",217632,"Thambidurai","Boriana"
"Sales",217640,"Perez","Sajjad"
"Sales",410441,"Schrift","Ronghao"
"Sales",217670,"Whitcomb","Demos"
"Sales",217682,"Orlowska","Lakshmi"
"Sales",217688,"Walston","Itzchak"
"Sales",410476,"Kropp","Radhia"
"Sales",410501,"Potthoff","Muneo"
"Sales",19038,"Kitai","Ramalingam"
"Sales",217838,"Valette","Berry"
"Sales",410508,"Bahr","Khoa"
"Sales",19031,"Pollock","Rosella"
"Sales",19013,"Zultner","Katsuyuki"
"Sales",217877,"Azumi","Fumitake"
"Sales",410515,"Tsunoo","Jeane"
"Sales",410526,"Bach","Kwok"
"Sales",220773,"Perry","Ekawit"
"Sales",220824,"Czap","Waiman"
"Sales",410548,"Jansch","Valter"
"Sales",18913,"Kirkerud","Tze"
"Sales",220936,"Roohalamini","Jeanne"
"Sales",220998,"Bael","Eckart"
"Sales",221019,"Hofstetter","Adas"
"Sales",221078,"Montemayor","Hauke"
"Sales",221087,"Suppi","Tsz"
"Sales",410573,"Eickenmeyer","Bingning"
"Sales",221101,"Falster","Lidong"
"Sales",221132,"Bridgland","Dannz"
"Sales",221139,"Pietracaprina","Harngdar"
"Sales",18634,"Lampe","Malu"
"Sales",221432,"Plump","Zhongwei"
"Sales",432233,"Hitomi","Goetz"
"Sales",221488,"Guenter","Kristian"
"Sales",221552,"Picht","Krassimir"
"Sales",475338,"Desikan","Oscal"
"Sales",221605,"Ishibashi","Conor"
"Sales",221663,"Pileggi","Parto"
"Sales",222029,"Alpay","Sreenivas"
"Sales",222096,"Siksek","Mats"
"Sales",222098,"Pocchiola","Jayson"
"Sales",18582,"Kroft","Collette"
"Sales",222145,"Huttel","Zhiwei"
"Sales",222218,"Matzat","Duangkaew"
"Sales",222274,"Cesareni","Lene"
"Sales",432267,"Rosen","Siddarth"
"Sales",222545,"Conde","Baruch"
"Sales",222586,"Navazio","Cathie"
"Sales",411304,"Sommen","Masasuke"
"Sales",222716,"Milicic","Sven"
"Sales",411321,"Penn","Amabile"
"Sales",222800,"Dalphin","Arch"
"Sales",222805,"Parhami","Mahmut"
"Sales",411337,"Binding","Apostol"
"Sales",222875,"Millington","Muzhong"
"Sales",411369,"Koblitz","Chikako"
"Sales",222907,"Backhouse","Kirk"
"Sales",222933,"Denos","Dhritiman"
"Sales",222938,"Rohrbach","Jouko"
"Sales",480100,"Goldhammer","Goa"
"Sales",223007,"Basart","Chuanyi"
"Sales",18163,"Rosis","Bowen"
"Sales",223240,"Champarnaud","Dayanand"
"Sales",223308,"Snedden","Oldrich"
"Sales",223354,"Schaaf","Mariusz"
"Sales",223389,"Adachi","Shuho"
"Sales",223391,"Rahier","Sashi"
"Sales",412735,"Masand","Mitchel"
"Sales",223488,"Asmuth","Edwin"
"Sales",223502,"Cooman","Charlene"
"Sales",223684,"Flasterstein","Temple"
"Sales",223723,"Portugali","Rimli"
"Sales",18128,"Polupanov","Muzhong"
"Sales",223822,"Geffroy","Remco"
"Sales",223881,"Junot","Padma"
"Sales",18119,"Masada","Patricia"
"Sales",223945,"Conde","Hironobu"
"Sales",18108,"Genin","Sanjai"
"Sales",223962,"Schonegge","Fusako"
"Sales",412778,"Gyorkos","Zeydy"
"Sales",224026,"Prampolini","Hercules"
"Sales",224048,"Alpin","Syozo"
"Sales",224052,"Muntz","Aleksander"
"Sales",224090,"Slobodova","Hironobu"
"Sales",475964,"Hitomi","Van"
"Sales",224169,"Zirintsis","Guther"
"Sales",224170,"Hettesheimer","Mohamadou"
"Sales",412801,"Basart","Jungsoon"
"Sales",224361,"Isaac","Naftaly"
"Sales",437085,"Cooman","Insup"
"Sales",224444,"Perry","Martien"
"Sales",475955,"Jayawardene","Peternela"
"Sales",412821,"Bernick","Kwee"
"Sales",17836,"Merle","Nectarios"
"Sales",412842,"Hoppenstand","Berry"
"Sales",224558,"Schrooten","Tianruo"
"Sales",224600,"Dusink","Khosrow"
"Sales",17796,"Impagliazzo","Alejandro"
"Sales",224643,"Janetzko","Kazuhisa"
"Sales",17769,"Munck","Kien"
"Sales",224680,"Liedekerke","Beshir"
"Sales",17712,"Serra","Salvador"
"Sales",227558,"Muchinsky","Pramod"
"Sales",227561,"Crooks","Faiza"
"Sales",480080,"Khalil","Houman"
"Sales",227658,"Marakhovsky","Isamu"
"Sales",227662,"Preusig","Gou"
"Sales",227664,"Facello","Ottavia"
"Sales",227689,"Seuren","Dannz"
"Sales",17447,"Boreale","Zengping"
"Sales",227711,"Ananiadou","Along"
"Sales",17410,"Peek","Anestis"
"Sales",227814,"Levasseur","Marke"
"Sales",227840,"Alpin","Berry"
"Sales",17367,"Parfitt","Tooru"
"Sales",227848,"Itzfeldt","Shigeaki"
"Sales",475334,"Hiltgen","Dietrich"
"Sales",17328,"Moehrke","Badri"
"Sales",227964,"Azulay","Nadjib"
"Sales",227966,"Baby","Kazuhiko"
"Sales",480057,"Teitelbaum","Hein"
"Sales",17278,"Kalsbeek","Kokou"
"Sales",17251,"DasSarma","Tristan"
"Sales",228071,"Laurillard","Taegyun"
"Sales",228080,"Brattka","Perla"
"Sales",480045,"Denis","Foong"
"Sales",228146,"Rande","Navin"
"Sales",17185,"Wilfing","Danai"
"Sales",412989,"Rosca","Kristian"
"Sales",228421,"Weedman","Spyrose"
"Sales",413019,"Rouquie","Rance"
"Sales",413031,"Berstel","Hsiangchu"
"Sales",413047,"Irland","Ingmar"
"Sales",17152,"Pashtan","Chaosheng"
"Sales",17149,"Griswold","Leen"
"Sales",228503,"Budinsky","Radhakrishnan"
"Sales",17124,"Angelopoulos","Amabile"
"Sales",480013,"Dymetman","Rosita"
"Sales",228798,"Munro","Niranjan"
"Sales",414928,"Luft","Gay"
"Sales",479833,"Luiz","Aron"
"Sales",228833,"Binkley","Teunis"
"Sales",229046,"Denti","Fabrizio"
"Sales",414937,"Marletta","Arvin"
"Sales",414946,"Candan","Aleksandar"
"Sales",229123,"Serna","Uriel"
"Sales",229135,"Duclos","Jasminko"
"Sales",229136,"Sinitsyn","Abdelghani"
"Sales",414964,"Stifter","Florian"
"Sales",229345,"Falck","Remco"
"Sales",229354,"Kemmerer","Guoxiang"
"Sales",229368,"Marrevee","Chuanti"
"Sales",17039,"Ratnakar","Takahira"
"Sales",229462,"Simmen","Marko"
"Sales",229473,"Wynblatt","Ibibia"
"Sales",229566,"Gadepally","Bokyung"
"Sales",229585,"Schwaller","Aleksandar"
"Sales",479827,"DuBourdieux","Marit"
"Sales",17011,"Granlund","Nagui"
"Sales",230047,"Jullig","Yucai"
"Sales",415298,"Pettis","Mostafa"
"Sales",230136,"Iisaka","Lorien"
"Sales",432566,"Orlowski","Dzung"
"Sales",16960,"Ratnaker","Paddy"
"Sales",16956,"Bennet","Tetsurou"
"Sales",415324,"Kulisch","Yahiko"
"Sales",230601,"Kleiser","Xiaopeng"
"Sales",230623,"Bashian","Narain"
"Sales",230627,"Alblas","Chenxi"
"Sales",479800,"Tzvieli","Kamakshi"
"Sales",16908,"Iisaku","Eben"
"Sales",415371,"Kakkad","Rafols"
"Sales",416243,"Ruther","Kazuhide"
"Sales",16870,"Eugenio","Cullen"
"Sales",230702,"Vickson","Gino"
"Sales",232113,"Sichman","Jaideep"
"Sales",479794,"Pardalos","Mostafa"
"Sales",416262,"Picaronny","Chirstian"
"Sales",232202,"Iisaka","Ulises"
"Sales",479781,"Budinsky","Alain"
"Sales",232411,"Schaft","Erzsebet"
"Sales",479774,"Ertl","Luigi"
"Sales",232488,"Cheshire","Fay"
"Sales",416312,"Petereit","Baruch"
"Sales",416317,"Osgood","Mariusz"
"Sales",232925,"Onuegbe","Eirik"
"Sales",416319,"Chimia","Duro"
"Sales",16607,"Honglei","Vishwani"
"Sales",232951,"Weedon","Jianhua"
"Sales",416322,"Danley","Maria"
"Sales",232995,"Billawala","Jixiang"
"Sales",233248,"Peac","Chinhyun"
"Sales",16581,"Perez","Jolita"
"Sales",432574,"Sanella","Djenana"
"Sales",234249,"Geffroy","Muneo"
"Sales",234355,"Ibel","Pintsang"
"Sales",479746,"Trumbly","Tomokazu"
"Sales",234381,"Chaudhury","Kauko"
"Sales",16523,"Rebaine","Reinhold"
"Sales",234393,"Azumi","Shuky"
"Sales",234575,"Himler","Roselyn"
"Sales",416614,"Brizzi","Gennady"
"Sales",234609,"Veldwijk","Manohar"
"Sales",234686,"Bouloucos","Abdelwaheb"
"Sales",234692,"Sidhu","Haldon"
"Sales",16474,"Krogh","Gina"
"Sales",234724,"Keohane","Martina"
"Sales",236119,"Schwartzburd","Emran"
"Sales",236176,"Lovengreen","LiMin"
"Sales",236402,"Merkl","Khedija"
"Sales",236420,"Sommer","Uta"
"Sales",236430,"Homond","Randy"
"Sales",16446,"Chinin","Jouko"
"Sales",416685,"Apsitis","Torsten"
"Sales",236530,"Danlos","Anneke"
"Sales",236534,"Miake","Shim"
"Sales",236556,"Heuser","Akemi"
"Sales",238247,"Paciorek","Jeanna"
"Sales",16398,"Krzyzanowski","Limsoon"
"Sales",238341,"Alencar","Perry"
"Sales",432583,"Mitsuhashi","Seongbin"
"Sales",238390,"Plessier","Qingxiang"
"Sales",16396,"Yoshimura","Guangming"
"Sales",238406,"Wegerle","Conor"
"Sales",238508,"Schach","Sahrah"
"Sales",238552,"Makinen","Marke"
"Sales",238565,"Marchegay","Bangqing"
"Sales",16378,"Zobel","Ashish"
"Sales",16366,"Malinowski","Siamak"
"Sales",238630,"Sadowski","Satyanarayana"
"Sales",238648,"Pollock","Niclas"
"Sales",238664,"Gente","Utz"
"Sales",432604,"Billawala","Kousuke"
"Sales",238702,"Menhoudj","Fayez"
"Sales",238743,"Rabehasaina","Paraskevi"
"Sales",239124,"Ramsey","Jaana"
"Sales",239173,"Vandervoorde","Mitchel"
"Sales",239177,"Oxman","Zhenbing"
"Sales",239179,"Panangaden","Kaijung"
"Sales",16115,"Silva","Haldun"
"Sales",16112,"Molenkamp","Kwangho"
"Sales",432611,"Mayerwieser","Shuky"
"Sales",239234,"Beidas","Isaac"
"Sales",239771,"Plump","Hitomi"
"Sales",239805,"Papadias","Almudena"
"Sales",239818,"Radivojevic","Phuoc"
"Sales",432613,"DiGiano","Nagui"
"Sales",475883,"Lorcy","Tomofumi"
"Sales",239896,"Hasenauer","Shuzo"
"Sales",417261,"Reistad","Aamod"
"Sales",240117,"Gide","Yuping"
"Sales",240120,"Axelband","Uri"
"Sales",417267,"Plavsic","Taizo"
"Sales",417290,"Parhami","Dietrich"
"Sales",240967,"Weedman","Xiaoheng"
"Sales",432617,"DuCasse","Shunichi"
"Sales",417362,"Mamelak","Val"
"Sales",16049,"Siepmann","Bojan"
"Sales",241307,"Kermarrec","Rance"
"Sales",417368,"Masamoto","Cordelia"
"Sales",241348,"Morrin","Phule"
"Sales",241397,"Ritcey","Dipankar"
"Sales",241424,"Zastre","Duro"
"Sales",241430,"Fioravanti","Nikolaus"
"Sales",417374,"Rande","Collette"
"Sales",241455,"Stellhorn","Phuoc"
"Sales",241476,"Itzfeldt","Jinxi"
"Sales",241529,"Muniz","Huiqun"
"Sales",417382,"Copas","Lalit"
"Sales",241551,"Bail","Kerryn"
"Sales",241565,"Comellas","Bingning"
"Sales",241806,"Puppe","Takahito"
"Sales",241814,"Perfilyeva","Danai"
"Sales",241831,"Ranta","Jeanna"
"Sales",241839,"Ramaiah","Kristine"
"Sales",432828,"Malabarba","Chikako"
"Sales",241853,"Wolniewicz","Ulf"
"Sales",241892,"Majewski","Katsuyuki"
"Sales",417586,"Leslie","Qiwen"
"Sales",242130,"Casley","Susanne"
"Sales",242157,"Portugali","Zine"
"Sales",242164,"Shihab","Mary"
"Sales",242172,"Wolniewicz","Munehiko"
"Sales",242179,"Nollmann","Constantino"
"Sales",242189,"Monkewich","Boalin"
"Sales",242190,"Piveteau","Salvador"
"Sales",242239,"Fioravanti","Abdelghani"
"Sales",15641,"Roisin","Jaana"
"Sales",242996,"Demri","Mona"
"Sales",15598,"Kemmerer","Kristinn"
"Sales",417613,"Rajala","Xinan"
"Sales",417624,"Couchot","Candido"
"Sales",15596,"Baba","Bedir"
"Sales",243068,"Champarnaud","Babette"
"Sales",417637,"Vitiello","Ute"
"Sales",243089,"Peak","Jixiang"
"Sales",479455,"Brodal","Shuji"
"Sales",417663,"Stassinopoulos","Muzhong"
"Sales",243227,"Zirintsis","Debaprosad"
"Sales",243233,"Lindqvist","Nathalie"
"Sales",243249,"Peyn","Franziska"
"Sales",243297,"Cappello","Alselm"
"Sales",243311,"Dengi","Mikhail"
"Sales",417737,"Picaronny","Ortrun"
"Sales",243357,"Gecsei","Berthier"
"Sales",432892,"Ozeki","Debatosh"
"Sales",243404,"Heiserman","Boaz"
"Sales",243405,"Azevdeo","Xuedong"
"Sales",243410,"Rando","Mitsuyuki"
"Sales",417922,"Bhattacharjee","Ziyad"
"Sales",243424,"Brodal","Ebbe"
"Sales",243435,"Akiyama","Moriyoshi"
"Sales",417940,"Assaf","Uri"
"Sales",243576,"Lodder","Abdulah"
"Sales",243603,"Lichtman","Wojceich"
"Sales",437175,"Muntz","Tzu"
"Sales",243678,"Papadias","Dzung"
"Sales",15506,"Perz","Zhenbing"
"Sales",417980,"Talmon","Elvis"
"Sales",243793,"Felder","Willard"
"Sales",243809,"Gruenwald","Kristen"
"Sales",15478,"Erbe","Miyeon"
"Sales",243881,"Giveon","Collette"
"Sales",243916,"Luft","Constantine"
"Sales",243931,"Miara","Sanjit"
"Sales",15466,"Dichev","Younwoo"
"Sales",243964,"Hofman","Ottavia"
"Sales",243970,"Kropp","Adas"
"Sales",15454,"Cesareni","Hongzue"
"Sales",243977,"Avouris","Jiann"
"Sales",243996,"Pusterhofer","Godehard"
"Sales",244098,"Eickenmeyer","Sarita"
"Sales",244099,"Bednarek","Kwun"
"Sales",244107,"Litzkow","Sreenivas"
"Sales",15372,"Broder","Nahum"
"Sales",15367,"Schoegge","Mitsuyuki"
"Sales",244169,"Ruemmler","Deniz"
"Sales",244193,"Hiltgen","Noritoshi"
"Sales",244237,"Pollacia","Alagu"
"Sales",418109,"Zyda","Kamran"
"Sales",244283,"Manderick","Inderjeet"
"Sales",244305,"Kragelund","Sachin"
"Sales",15120,"Otillio","Minghong"
"Sales",15095,"Hofmeyr","Ziya"
"Sales",244346,"Baalen","Chiranjit"
"Sales",418164,"Giaccio","Xudong"
"Sales",244433,"Shumilov","Jaideep"
"Sales",244446,"Levergood","Wilmer"
"Sales",244463,"Giarratana","Shigehito"
"Sales",108651,"Schaad","Jinxi"
"Sales",108715,"Atrawala","Guiseppe"
"Sales",14957,"Munke","Turgut"
"Sales",108607,"Lakshmanan","Francesca"
"Sales",108596,"Serra","Naftali"
"Sales",109287,"Itzigehl","Bedrich"
"Sales",109350,"Gihr","Uli"
"Sales",108574,"Remmele","Visit"
"Sales",109358,"Halevi","Ottavia"
"Sales",109428,"Koyama","Chrisa"
"Sales",109654,"Alencar","Masako"
"Sales",108551,"Garnick","Yahiko"
"Sales",109683,"Hegner","Piyush"
"Sales",109740,"Bahl","Jacqueline"
"Sales",14937,"Angot","Duke"
"Sales",109974,"Ressouche","Zhenhua"
"Sales",200056,"Eiron","Adam"
"Sales",108463,"Bamford","Tetsushi"
"Sales",200095,"Kobuchi","Isamu"
"Sales",200105,"Harnett","Bingning"
"Sales",200146,"Coors","Izaskun"
"Sales",200159,"Zaiane","Deborah"
"Sales",200167,"Swist","Krassimir"
"Sales",200203,"Perl","Kazuhira"
"Sales",432975,"Schreiter","Ebru"
"Sales",14903,"Poehlman","Shalesh"
"Sales",108170,"Etalle","Kazuhito"
"Sales",200225,"Stiles","Gay"
"Sales",200237,"Cannard","Mihalis"
"Sales",200257,"Imataki","Wayne"
"Sales",200298,"Limongiello","Isamu"
"Sales",200374,"Sgarro","Selwyn"
"Sales",200578,"Chenney","Lalit"
"Sales",200593,"Henders","Kagan"
"Sales",200690,"Gente","Rildo"
"Sales",200719,"Fabrizio","Shigeichiro"
"Sales",244883,"Osgood","Guoxiang"
"Sales",201145,"Rajcani","Billie"
"Sales",201154,"Janocha","Mansur"
"Sales",201178,"Conta","Kristof"
"Sales",201179,"Walston","Gill"
"Sales",201215,"Penn","Elliott"
"Sales",244903,"Matzov","Shaz"
"Sales",108093,"Delgrossi","Kwok"
"Sales",107873,"Tsunoo","Nathan"
"Sales",201266,"Rissanen","Uma"
"Sales",201277,"Boissier","Mack"
"Sales",201282,"Savasere","Yahiko"
"Sales",107862,"Speckmann","Siamak"
"Sales",107843,"Conti","Kazuhide"
"Sales",201328,"Carrere","Divier"
"Sales",201362,"Luck","Pradeep"
"Sales",201382,"Schiper","Gererd"
"Sales",201468,"Pargas","Rosli"
"Sales",201474,"Munck","Syozo"
"Sales",245023,"Mersereau","Mari"
"Sales",201510,"Scharstein","Dmitry"
"Sales",245025,"Msuda","Arun"
"Sales",201538,"Litvinov","Niteen"
"Sales",201542,"Wixon","Leen"
"Sales",245029,"Slobodova","Gennadi"
"Sales",201645,"Olano","Gino"
"Sales",201649,"McAffer","Shunichi"
"Sales",201659,"Baaleh","Leandro"
"Sales",201665,"Alencar","Troy"
"Sales",201696,"Glinert","Kwangjo"
"Sales",245053,"Rosca","Yechiam"
"Sales",201972,"Heydon","Erzsebet"
"Sales",201981,"Emmart","Hsiangchu"
"Sales",201999,"Koshino","Gad"
"Sales",202017,"Coorg","Shahab"
"Sales",245065,"Rosar","Ioana"
"Sales",202279,"Zweizig","Nagui"
"Sales",202310,"Perko","Krister"
"Sales",14665,"Brlek","Honesty"
"Sales",202346,"Barvinok","Kyoichi"
"Sales",245108,"Baer","Marek"
"Sales",245301,"Uhrig","Wonhee"
"Sales",107478,"Dolinsky","Krister"
"Sales",202386,"Marshall","Nadjib"
"Sales",202394,"Denos","Serenella"
"Sales",202437,"Schaar","Barna"
"Sales",202468,"Bauknecht","Bouchung"
"Sales",202569,"Zhang","Vasiliy"
"Sales",106742,"Narahara","Gaurav"
"Sales",106738,"Cullers","Yannik"
"Sales",437211,"Koblick","Keiichiro"
"Sales",418830,"Zucker","Srinidhi"
"Sales",202820,"Peternell","Martins"
"Sales",245356,"Varker","Ranan"
"Sales",202877,"Nitta","Rafols"
"Sales",203095,"Stellhorn","Niranjan"
"Sales",106712,"Pews","Hugh"
"Sales",203114,"Gulik","Yongmin"
"Sales",203136,"Gihr","Akeel"
"Sales",203169,"Bage","Vishv"
"Sales",203209,"Melski","Nectarios"
"Sales",204817,"Gimbel","Zvonko"
"Sales",245425,"Schieder","Licheng"
"Sales",204882,"Pappas","Jianwen"
"Sales",432998,"Kuhnemann","Sumali"
"Sales",245444,"Mattern","Moie"
"Sales",205291,"Birsak","Shigeu"
"Sales",205325,"Harllee","Serenella"
"Sales",205351,"Aingworth","Duangkaew"
"Sales",205356,"Himler","Alexius"
"Sales",106551,"Einsfeld","Duro"
"Sales",14611,"Coors","Marsja"
"Sales",205603,"Openshaw","Aris"
"Sales",205629,"Genin","Guiseppe"
"Sales",14550,"Kriebel","Mechthild"
"Sales",245488,"Vecchi","Yurij"
"Sales",205721,"Swen","Mark"
"Sales",205730,"Dolinsky","Sarita"
"Sales",106528,"Lalonde","Remmert"
"Sales",205767,"Snedden","Chaosheng"
"Sales",206006,"Lemarechal","Mamdouh"
"Sales",206027,"Deville","Sandeepan"
"Sales",206060,"Gilg","Yuichiro"
"Sales",206101,"Flowers","Jouko"
"Sales",206287,"Valette","Visit"
"Sales",206334,"Gajiwala","Supot"
"Sales",206345,"Harnett","Kousuke"
"Sales",106471,"Hettesheimer","Teruyuki"
"Sales",206408,"Nishimukai","Radhika"
"Sales",245557,"Solares","Tzu"
"Sales",106432,"Rosar","Geoff"
"Sales",206607,"Jonsson","Byong"
"Sales",14541,"Terwilliger","Suebskul"
"Sales",206630,"Stafford","Mansur"
"Sales",106058,"Polupanov","Yannis"
"Sales",106050,"Kroft","Venkatesan"
"Sales",206691,"Cincotta","Gennady"
"Sales",206695,"Xiaoshan","Freyja"
"Sales",14538,"Krone","Itzchak"
"Sales",106015,"Levergood","Divier"
"Sales",206943,"Swick","Jeanna"
"Sales",106010,"Welham","Mircea"
"Sales",245783,"Swan","Hidefumi"
"Sales",207027,"Gecseg","Huiqun"
"Sales",245790,"Alblas","Yongmao"
"Sales",207310,"Delgrande","Arnould"
"Sales",207334,"Beutelspacher","Vidya"
"Sales",207340,"Cesareni","Valeska"
"Sales",105955,"Reistad","Bader"
"Sales",207360,"Peris","Holgard"
"Sales",207378,"Ranka","Perry"
"Sales",207412,"Sommer","Harngdar"
"Sales",207427,"Haddadi","Subhrajyoti"
"Sales",207468,"Schueller","Ortrun"
"Sales",433049,"Sankaranarayanan","Navid"
"Sales",105710,"Perl","Kiam"
"Sales",207492,"Pfau","Yinghua"
"Sales",207500,"Engberts","Sanjoy"
"Sales",105662,"Hoogerwoord","Jinpo"
"Sales",207562,"Puppo","Susanna"
"Sales",105656,"Jeansoulin","Babette"
"Sales",207569,"Kadhim","Vitali"
"Sales",105634,"Mullainathan","Szabolcs"
"Sales",207600,"Masamoto","Toshimitsu"
"Sales",207605,"Karcich","Thanasis"
"Sales",245873,"Sidhu","Mads"
"Sales",14528,"Bondorf","Poornachandra"
"Sales",105624,"Hiraishi","Chuanti"
"Sales",207899,"Rotem","Marek"
"Sales",14523,"Busillo","Leif"
"Sales",208135,"Wissmann","Wanqing"
"Sales",208141,"Edelhoff","Shai"
"Sales",208160,"Shokrollahi","Shichao"
"Sales",245903,"Schaaf","Shigeaki"
"Sales",105226,"Menyhert","Murthy"
"Sales",208272,"Edelhoff","Gaetan"
"Sales",208462,"Stassinopoulos","Bedrich"
"Sales",208514,"Merlo","Gila"
"Sales",245930,"Sanella","Sachio"
"Sales",208541,"Otillio","Uli"
"Sales",208546,"Garnier","Piyush"
"Sales",208550,"Gammage","Muneo"
"Sales",208560,"Gammage","Georgi"
"Sales",208579,"Malabarba","Sudharsan"
"Sales",208587,"Lubachevsky","Georgy"
"Sales",208627,"Crabtree","Rasikan"
"Sales",208686,"Farrag","Gadiel"
"Sales",208690,"Feldmann","Tsuneo"
"Sales",208723,"Takkinen","Noritoshi"
"Sales",208750,"Thummel","Leif"
"Sales",208763,"Bamford","Xuejia"
"Sales",437995,"Hatcliff","Uli"
"Sales",208968,"Ramsay","Takahira"
"Sales",209013,"Lupu","Baocai"
"Sales",209024,"Flanders","Ekawit"
"Sales",14519,"Usery","Xiong"
"Sales",209097,"Vakili","Mototsugu"
"Sales",246140,"Zschoche","Duangkaew"
"Sales",246151,"Farrag","Lubomir"
"Sales",209342,"Avouris","Khalid"
"Sales",209350,"Collavizza","Weiwu"
"Sales",209351,"Jayawardene","Divine"
"Sales",209371,"Aloia","Karsten"
"Sales",246155,"Peak","Phillip"
"Sales",209408,"Sanella","Nevin"
"Sales",104905,"Wilfing","Eckart"
"Sales",209566,"Bouloucos","Ohad"
"Sales",209613,"Hambrick","Bedir"
"Sales",209624,"Cyne","Mohammad"
"Sales",209628,"Schmittgen","Falguni"
"Sales",209630,"Kabayashi","Dayanand"
"Sales",104849,"Peha","Ranga"
"Sales",246264,"Fargier","Stamatina"
"Sales",209728,"Rikino","Munenori"
"Sales",209729,"Jiafu","Gadiel"
"Sales",246449,"Bultermann","Subbu"
"Sales",209748,"Varker","Masami"
"Sales",209839,"Moffat","Ziva"
"Sales",209871,"Loncour","Sedat"
"Sales",209965,"Krzyzanowski","Gurbir"
"Sales",209975,"Pehl","Parto"
"Sales",209999,"Honglei","Tetsushi"
"Sales",210043,"Peltason","Kamakshi"
"Sales",104766,"Peir","Sham"
"Sales",210119,"Picaronny","Seongbin"
"Sales",246539,"Wiegley","Sham"
"Sales",210155,"Koblitz","Eirik"
"Sales",104765,"Samarati","Giordano"
"Sales",210182,"Junet","Patricio"
"Sales",104761,"Zongker","Rutger"
"Sales",210193,"Rosenbaum","Lunjin"
"Sales",210269,"Hitomi","Huan"
"Sales",210301,"Suri","Karoline"
"Sales",210308,"Chiodo","Maik"
"Sales",104750,"Pietracaprina","Radhia"
"Sales",210417,"Fortenbacher","Phule"
"Sales",210428,"Khamsi","Froduald"
"Sales",246558,"Kakkad","Hitomi"
"Sales",210460,"Lanzelotte","Kauko"
"Sales",210559,"Atrawala","Arvind"
"Sales",479165,"Pauthner","Chirstian"
"Sales",246562,"Rosti","Mariusz"
"Sales",104544,"Murrill","Monique"
"Sales",210761,"Kornyak","Mansur"
"Sales",210794,"Quaggetto","Kellyn"
"Sales",210806,"Borovoy","Rimli"
"Sales",210809,"Cincotta","Erzsebet"
"Sales",14443,"Barriga","Kinh"
"Sales",210862,"Conta","Luigi"
"Sales",210896,"Maquelin","Bowen"
"Sales",210899,"Plesums","Marsal"
"Sales",210916,"Rohrbach","Fen"
"Sales",246581,"Benzmuller","Zhanqiu"
"Sales",246589,"Duclos","Murthy"
"Sales",104520,"Neimat","Vishv"
"Sales",211183,"Siepmann","Yagil"
"Sales",211196,"Varker","Uriel"
"Sales",104422,"Ratnaker","Gully"
"Sales",246604,"Hanabata","Mototsugu"
"Sales",213516,"Fiebach","Adel"
"Sales",213525,"Hellwagner","Kamran"
"Sales",104402,"Molenaar","Gonzalo"
"Sales",104401,"Rosay","Kwun"
"Sales",213702,"Bael","Mana"
"Sales",213766,"Hiyoshi","Girolamo"
"Sales",215027,"Cannard","Shigeichiro"
"Sales",419469,"Angot","Subhankar"
"Sales",14428,"McFarlan","Zorica"
"Sales",215092,"Rijckaert","Chaosheng"
"Sales",215104,"Guting","Giap"
"Sales",104305,"Schapiro","Surveyors"
"Sales",215175,"Leonhardt","Gritta"
"Sales",215176,"Yetim","Syozo"
"Sales",215197,"Gunderson","Bilhanan"
"Sales",215218,"Cappello","Shiv"
"Sales",215225,"Quittner","Surveyors"
"Sales",246667,"Gils","Toshimo"
"Sales",215270,"Diderrich","Zine"
"Sales",215272,"Kisuki","Aemilian"
"Sales",104304,"Rathonyi","Reinhard"
"Sales",215326,"Furudate","Danae"
"Sales",246724,"Potthoff","Subhada"
"Sales",215392,"Demian","Xiaopeng"
"Sales",215411,"Jahnichen","Rosella"
"Sales",215422,"Gihr","Miyeon"
"Sales",216892,"Murthy","Hugh"
"Sales",246749,"Hanratty","Salvador"
"Sales",216911,"Landherr","Evgueni"
"Sales",216918,"Bahi","Mayuri"
"Sales",104065,"Sifakis","Chaoyi"
"Sales",104052,"Fritzsche","Gadiel"
"Sales",217060,"Trumbly","Junichi"
"Sales",14404,"Beetstra","Sariel"
"Sales",217088,"Rosaz","Marsja"
"Sales",217128,"Winter","Shooichi"
"Sales",103986,"Tempesti","Kenroku"
"Sales",217210,"Thummel","Hidde"
"Sales",217214,"Simkin","Guozhong"
"Sales",217293,"Engberts","Pragnesh"
"Sales",217991,"Reinhard","Kenton"
"Sales",218014,"Redmiles","Krister"
"Sales",218032,"Herber","Steve"
"Sales",103887,"Ellozy","Alselm"
"Sales",218183,"Papastamatiou","Zsolt"
"Sales",247261,"Kropf","Pintsang"
"Sales",218211,"Peres","Gil"
"Sales",218236,"Falck","Doohun"
"Sales",218256,"Perna","Khaled"
"Sales",103848,"Lienhardt","Mohua"
"Sales",218277,"Munos","Zongyan"
"Sales",218307,"Gustavson","Wuxu"
"Sales",103828,"Ishibashi","Jianhua"
"Sales",218348,"Rodham","Pascal"
"Sales",103793,"Peris","Premal"
"Sales",218438,"Masand","Shakhar"
"Sales",247474,"Wilfing","Hisao"
"Sales",14387,"Sanella","Guozhong"
"Sales",103777,"Erde","Khatoun"
"Sales",218534,"Theuretzbacher","Huai"
"Sales",218543,"Kalsbeek","Jungsoon"
"Sales",218547,"Wursthorn","Shaunak"
"Sales",218557,"Gomatam","Huei"
"Sales",247502,"Iivonen","Yinlin"
"Sales",218589,"Piveteau","Gor"
"Sales",218614,"Schwaller","Ekawit"
"Sales",218617,"Gimbel","Randi"
"Sales",218622,"Peir","Chriss"
"Sales",14375,"Eickenmeyer","Tokuyasu"
"Sales",103546,"Msuda","Fumiyo"
"Sales",103545,"Isaac","Shir"
"Sales",103534,"Lamba","Faiza"
"Sales",14373,"Perry","Khosrow"
"Sales",103525,"Itzigehl","Mohammad"
"Sales",247535,"Thorelli","Zhongwei"
"Sales",218876,"Prampolini","Shaibal"
"Sales",218919,"Shackel","Abdulah"
"Sales",247558,"Oxenboll","Chriss"
"Sales",103404,"Falby","Saeed"
"Sales",219057,"Rajaraman","Chanjung"
"Sales",219073,"Sadowsky","Gen"
"Sales",103378,"Sridhar","Tremaine"
"Sales",103340,"Schicker","Adit"
"Sales",103305,"Percebois","Sugwoo"
"Sales",219263,"Wegerle","Xinglin"
"Sales",103277,"Gide","Remko"
"Sales",247614,"Gronowski","Teruyuki"
"Sales",219343,"Stille","Collette"
"Sales",219372,"Passafiume","Phillip"
"Sales",219461,"Kohling","Shietung"
"Sales",219462,"Uludag","Quingbo"
"Sales",219465,"Hooghiemstra","Leaf"
"Sales",247797,"Rubsam","Xinglin"
"Sales",219527,"Chvatal","Mountaz"
"Sales",219548,"Naumovich","Anestis"
"Sales",433086,"Samarati","Elvis"
"Sales",247836,"Busillo","Peternela"
"Sales",219661,"Cronin","Jayson"
"Sales",219663,"Huxford","Paris"
"Sales",247878,"Peha","Doohun"
"Sales",247887,"Preusig","Ashish"
"Sales",103240,"Kruskal","Valeri"
"Sales",219788,"Awdeh","Makato"
"Sales",219801,"Ohori","Elliott"
"Sales",219906,"Mapelli","Branimir"
"Sales",219907,"Tyugu","Huan"
"Sales",219925,"Plesums","Lenore"
"Sales",220014,"Reeken","Yishay"
"Sales",103054,"Greibach","Malu"
"Sales",220026,"Nishimukai","Alois"
"Sales",220051,"Matheson","JoAnne"
"Sales",14160,"Hofting","Shaowen"
"Sales",103048,"Ciolek","Yoshinari"
"Sales",103036,"Honglei","Remmert"
"Sales",102989,"Radhakrishnan","Shounak"
"Sales",247946,"Burnard","Sham"
"Sales",220140,"Danecki","Yolla"
"Sales",247950,"VanScheik","Shen"
"Sales",220179,"Mitchem","Bouchung"
"Sales",220218,"Stille","Krassimir"
"Sales",220278,"Reghbati","Xiaoheng"
"Sales",248220,"Glowinski","Vitaly"
"Sales",220358,"Magliocco","Geraldo"
"Sales",220364,"Birdsall","Takushi"
"Sales",220383,"Giarratana","Angel"
"Sales",220418,"Laventhal","Poorav"
"Sales",248272,"Orlowska","Yongmao"
"Sales",102931,"Baar","Leaf"
"Sales",220490,"Pettis","Nahid"
"Sales",220510,"Perz","Ramachenga"
"Sales",220576,"Goldhammer","Eben"
"Sales",248469,"Monkewich","Eben"
"Sales",248492,"Brender","Heping"
"Sales",220617,"Millington","Turgut"
"Sales",220628,"Beznosov","Jaewoo"
"Sales",220636,"Gimarc","Demos"
"Sales",221210,"Thambidurai","Radoslaw"
"Sales",221334,"Desikan","Ulf"
"Sales",221709,"Parascandalo","Edwin"
"Sales",248575,"Narahari","Toong"
"Sales",221743,"Dolinsky","Niclas"
"Sales",248620,"Mayerwieser","Tetsurou"
"Sales",102835,"Marrakchi","Kazuhide"
"Sales",223106,"Gniady","Hironoby"
"Sales",223135,"Feldhoffer","Jinya"
"Sales",223163,"Papsdorf","Kazuhiko"
"Sales",420363,"Garrabrants","Seongbae"
"Sales",223552,"Syang","Lihong"
"Sales",102812,"Scallan","Chinhyun"
"Sales",223659,"Azadmanesh","Mariangiola"
"Sales",102810,"Birsak","Jiafu"
"Sales",224229,"Falck","Christfried"
"Sales",224235,"Kumaresan","Mohamadou"
"Sales",224269,"Kornatzky","Makato"
"Sales",248739,"Swan","Krisda"
"Sales",224702,"Driscoll","Brewster"
"Sales",248782,"Rosaz","Hidde"
"Sales",224756,"Chepyzhov","Jiafu"
"Sales",102802,"Speek","Mechthild"
"Sales",224797,"Rodiger","Shuji"
"Sales",420390,"Pillow","Mostafa"
"Sales",249001,"Ruemmler","Susumu"
"Sales",249016,"Engberts","Remko"
"Sales",102524,"Kilgour","King"
"Sales",224936,"Pileggi","Weiwu"
"Sales",224956,"Uhrik","Macha"
"Sales",225022,"Rodier","Ortrud"
"Sales",102487,"Merle","Ottavia"
"Sales",225054,"Imataki","Zdislav"
"Sales",102474,"Sidhu","Chuanti"
"Sales",225062,"Shihab","Dzung"
"Sales",225073,"Pileggi","Flemming"
"Sales",225077,"Kaltofen","Dines"
"Sales",225103,"Luan","Taiji"
"Sales",102456,"Kaminger","Leni"
"Sales",249099,"Krybus","Mads"
"Sales",225148,"Krichel","Odinaldo"
"Sales",225194,"Conta","Christfried"
"Sales",225201,"Azevdeo","Aiman"
"Sales",102440,"Farrow","Yucai"
"Sales",102433,"Peek","Arch"
"Sales",225255,"Shumilov","Dharmaraja"
"Sales",249107,"Henders","Barry"
"Sales",225295,"Mellouli","Patricia"
"Sales",225298,"Mansanne","Atreye"
"Sales",225301,"Collavizza","Huican"
"Sales",225311,"Crabtree","Ghassan"
"Sales",225332,"Gecseg","Jenwei"
"Sales",102410,"Alpay","Boalin"
"Sales",225420,"Debuse","Laurentiu"
"Sales",225429,"Gecsei","Arfst"
"Sales",225463,"Masada","Temple"
"Sales",249325,"Pokrovskii","Ute"
"Sales",225567,"Stille","Sariel"
"Sales",225596,"Luke","Ioana"
"Sales",225598,"Glinert","Ramachenga"
"Sales",225615,"Clouatre","Zhonghui"
"Sales",102364,"Smeets","Adil"
"Sales",225633,"Krohm","Toshimi"
"Sales",102363,"Portugali","Malu"
"Sales",102357,"Bojadziev","Shuzo"
"Sales",225733,"Reghbati","Zvonko"
"Sales",225792,"Kandlur","Uzi"
"Sales",225824,"Erman","Gio"
"Sales",102332,"Hutter","Jessie"
"Sales",102317,"Greibach","Chenxi"
"Sales",420409,"Gunderson","Oscal"
"Sales",225892,"Muhling","Uri"
"Sales",225926,"Wilfing","Aiman"
"Sales",433116,"Bierman","Bojan"
"Sales",225972,"Raney","Miquel"
"Sales",249418,"Cincotta","Dharmaraja"
"Sales",226024,"Cherinka","Koldo"
"Sales",249437,"Spieker","Fai"
"Sales",226089,"Bardell","Barton"
"Sales",226112,"Gomatam","Susanna"
"Sales",101964,"Aloia","Gretta"
"Sales",226156,"Mamelak","Vishu"
"Sales",249822,"Cairo","Sergi"
"Sales",226193,"Pelz","Hisao"
"Sales",226219,"Kobara","Mitsuyuki"
"Sales",226255,"Isard","Gilbert"
"Sales",249833,"Solares","Sanjit"
"Sales",226328,"Boudaillier","Zeydy"
"Sales",226354,"Kuhnemann","Pranay"
"Sales",101939,"Bodoff","Amstein"
"Sales",226369,"Heping","Kensei"
"Sales",479000,"Cherinka","Odoardo"
"Sales",226455,"Reeker","Nishit"
"Sales",226473,"Spelt","Kamran"
"Sales",226501,"Eastman","Yolla"
"Sales",101848,"Kolinko","Jouko"
"Sales",475847,"Georgakopoulos","Felicidad"
"Sales",249893,"Stranks","Masaki"
"Sales",226667,"Oppitz","Gennady"
"Sales",226688,"Norsworthy","Arun"
"Sales",226690,"Thorensen","Jungsoon"
"Sales",226695,"Ishibashi","Shaowei"
"Sales",226699,"Bolsens","Zsolt"
"Sales",249901,"Spell","Sanjai"
"Sales",101783,"Schlumberger","Bilhanan"
"Sales",226838,"Morrey","Leen"
"Sales",226844,"Ozeri","Cedric"
"Sales",226885,"Bellmore","TRUE"
"Sales",226898,"Clouatre","Chinhyun"
"Sales",249951,"Rosen","Luigi"
"Sales",101531,"Jumpertz","Kenton"
"Sales",227006,"Tischendorf","Heather"
"Sales",227063,"Shumilov","Lihong"
"Sales",250676,"Hiltgen","Shuky"
"Sales",227123,"Dengi","Xiahua"
"Sales",250694,"Pleszkun","Olivera"
"Sales",227149,"Eastman","Karlis"
"Sales",227173,"Peternell","Jasminko"
"Sales",227234,"Tibblin","Felicidad"
"Sales",101426,"Perelgut","Zhonghui"
"Sales",250719,"Sankaranarayanan","Pintsang"
"Sales",250722,"Auyong","Koichi"
"Sales",227290,"Krone","Nirmal"
"Sales",227310,"Matzke","Stevo"
"Sales",227328,"Gist","Rosella"
"Sales",227329,"Syrotiuk","Ingmar"
"Sales",227343,"Lorin","Irene"
"Sales",250752,"Barbanera","Sajjad"
"Sales",227451,"Schoegge","Kristen"
"Sales",227482,"Cromarty","Aamer"
"Sales",250776,"Loncour","Stevo"
"Sales",228205,"Dichev","Vincent"
"Sales",101180,"Przulj","Subhada"
"Sales",420858,"Renear","Siamak"
"Sales",251329,"Conta","Kwangho"
"Sales",228244,"Lundstrom","Aris"
"Sales",228264,"Sanella","Tru"
"Sales",478791,"Herber","Yuriy"
"Sales",228591,"Petereit","Tristan"
"Sales",251357,"Serna","Tooru"
"Sales",228635,"Rullman","Yuping"
"Sales",251358,"Gniady","Jiafu"
"Sales",228882,"Guting","Xiong"
"Sales",101152,"Basart","Sivanarayana"
"Sales",228888,"Bierbaum","Mingsen"
"Sales",228890,"Pleszkun","Bernt"
"Sales",228912,"Janetzko","Sariel"
"Sales",228952,"Quadeer","Chiradeep"
"Sales",251365,"Eugenio","Phillip"
"Sales",251370,"Braccini","Francoise"
"Sales",101070,"Lorcy","Fun"
"Sales",100954,"Hellwagner","Uzi"
"Sales",229761,"Garnham","Amalendu"
"Sales",478787,"Servi","Christ"
"Sales",229817,"Schurmann","Erzsebet"
"Sales",229832,"Ozeki","Tonia"
"Sales",251404,"Schapire","Ipke"
"Sales",229862,"Ghalwash","Luisa"
"Sales",229944,"Kroft","Zsolt"
"Sales",100718,"Miara","Franziska"
"Sales",251411,"Bahl","Yefim"
"Sales",229978,"Nergos","Dzung"
"Sales",229986,"Matzat","Serap"
"Sales",230008,"Angelopoulos","Sajjan"
"Sales",230016,"Babu","Yuuichi"
"Sales",230027,"Claffy","Thodoros"
"Sales",100700,"Sessa","Vishu"
"Sales",420879,"Fioravanti","Gita"
"Sales",230277,"Thambidurai","Kaijung"
"Sales",230280,"Feinberg","Karlis"
"Sales",230310,"Kermarrec","Gadiel"
"Sales",100673,"Jiang","Giri"
"Sales",420880,"Garnham","Arif"
"Sales",230378,"Babu","Brigham"
"Sales",230410,"Furudate","Vincent"
"Sales",251459,"Nanard","Jianhao"
"Sales",230430,"Speel","Akeel"
"Sales",230453,"Macedo","Limsoon"
"Sales",230472,"Kropf","Val"
"Sales",100564,"Besancenot","Przemyslawa"
"Sales",230745,"Cunliffe","Eberhardt"
"Sales",230805,"Bouloucos","Christoph"
"Sales",251464,"Talmon","Junichi"
"Sales",230843,"Nittel","Otmar"
"Sales",230847,"Couchot","Mountaz"
"Sales",100538,"Akaboshi","Spyrose"
"Sales",230893,"Apsitis","Mechthild"
"Sales",13775,"Maierhofer","Arve"
"Sales",230971,"Byoun","Tesuya"
"Sales",231000,"Krzyzanowski","Surveyors"
"Sales",231022,"Schrooten","Zongyan"
"Sales",231032,"Molberg","Marsal"
"Sales",231039,"Coorg","Genevieve"
"Sales",231040,"Liesche","Heekeun"
"Sales",100406,"Coors","Yoshinari"
"Sales",231096,"Tyugu","Debaprosad"
"Sales",252047,"Bamford","Goncalo"
"Sales",231178,"Highland","Gennady"
"Sales",231185,"Uludag","Shimshon"
"Sales",231203,"Carrera","Akemi"
"Sales",231226,"Cannane","Froduald"
"Sales",231249,"Birrer","Eran"
"Sales",231264,"Tsukuda","Vidar"
"Sales",231306,"Janetzko","Guozhong"
"Sales",231423,"Isaak","Eberhardt"
"Sales",13752,"Otillio","Kwangho"
"Sales",231430,"Kusakabe","Quingbo"
"Sales",231495,"Polajnar","Ewing"
"Sales",100116,"Journel","Bernd"
"Sales",100109,"Gargeya","Aleksandar"
"Sales",100087,"Merle","Jungsoon"
"Sales",231523,"Rattan","Oscal"
"Sales",231578,"Barvinok","Taiji"
"Sales",231582,"Orlowski","Cullen"
"Sales",231591,"Vingron","Arvin"
"Sales",99549,"Barreiro","Sashi"
"Sales",231637,"Rubsam","Aluzio"
"Sales",252095,"Impagliazzo","Otilia"
"Sales",231663,"Munke","Sanjai"
"Sales",231729,"Kobuchi","Kristen"
"Sales",231733,"Feldhoffer","Aruna"
"Sales",231780,"Asrin","Kasturi"
"Sales",99498,"Vadhan","Chiradeep"
"Sales",231830,"Berendt","Takanari"
"Sales",13718,"Gronowski","Lein"
"Sales",231877,"Aloia","Weijing"
"Sales",231887,"Petereit","Yongmin"
"Sales",231976,"Murtagh","Khosrow"
"Sales",420906,"Cardazo","Mari"
"Sales",232029,"Honiden","Vasilii"
"Sales",99480,"Aseltine","Larisa"
"Sales",232235,"Xiaoshan","Geoffry"
"Sales",99474,"Bamford","Fuqing"
"Sales",99439,"Manders","Mahmut"
"Sales",232311,"Erva","Jaideep"
"Sales",232338,"Mahnke","Genta"
"Sales",232346,"Gide","Tetsurou"
"Sales",252328,"Ranai","Mayuri"
"Sales",420923,"Masamoto","Martial"
"Sales",232595,"Ferriere","Zeljko"
"Sales",232605,"Karner","Stepehn"
"Sales",232633,"Sigstam","Eran"
"Sales",99191,"Baby","Elvia"
"Sales",99168,"Rissland","Persi"
"Sales",99147,"Lukaszewicz","Shaowei"
"Sales",99134,"Msuda","Debaprosad"
"Sales",232785,"Dratva","Brewster"
"Sales",252372,"Conti","Hidekazu"
"Sales",99099,"Salverda","Werner"
"Sales",232821,"Duclos","Tristan"
"Sales",232877,"Gluchowski","Shai"
"Sales",233127,"Gire","Fun"
"Sales",233128,"Gyimothy","Janche"
"Sales",233156,"Denis","Izaskun"
"Sales",233188,"Jenevein","Tayeb"
"Sales",233213,"Lenart","Zhenhua"
"Sales",99059,"Lenart","Geoff"
"Sales",99049,"Thibadeau","Kenton"
"Sales",233466,"Ranum","Mountaz"
"Sales",99016,"Narlikar","Jagoda"
"Sales",98998,"Chenney","Jouni"
"Sales",233520,"Ghazalie","Magdalena"
"Sales",98994,"Barriga","Jovan"
"Sales",233610,"Litzler","Mabo"
"Sales",233652,"Auria","Hatim"
"Sales",233664,"Barriga","Jessie"
"Sales",13602,"Bazelow","Kirk"
"Sales",475324,"Vendrig","Tzvetan"
"Sales",233723,"Engberts","Fusako"
"Sales",252473,"Zschoche","Aiichiro"
"Sales",233893,"Georgatos","Dzung"
"Sales",98933,"Hennings","Lansing"
"Sales",233976,"Harllee","Chaosheng"
"Sales",420946,"Bultermann","Kwun"
"Sales",234046,"Valtorta","Guadalupe"
"Sales",252708,"Begiun","Xinglin"
"Sales",234098,"Ulupinar","Saddek"
"Sales",234106,"Staudhammer","Eckart"
"Sales",234121,"Magalhaes","Xuedong"
"Sales",98884,"Baar","Tsuneo"
"Sales",234180,"Oehlmann","Pranav"
"Sales",234196,"Cullers","Rosella"
"Sales",98354,"Vingron","Goncalo"
"Sales",234506,"Heystek","Satyanarayana"
"Sales",234544,"Peroz","Marsja"
"Sales",234735,"Stellhorn","Sreenivas"
"Sales",234744,"Varker","Munir"
"Sales",234786,"Iivonen","Paloma"
"Sales",234819,"Cochrane","Sachar"
"Sales",234823,"Backhouse","Mariusz"
"Sales",98307,"Leijenhorst","Douadi"
"Sales",252781,"Ravishankar","Shakhar"
"Sales",234871,"Debuse","Jiakeng"
"Sales",234933,"Jeansoulin","Boaz"
"Sales",252820,"Zallocco","Yuuichi"
"Sales",234942,"Merks","Shigeu"
"Sales",234947,"VanScheik","Domenick"
"Sales",234948,"Shackell","Shao"
"Sales",235024,"VanScheik","Sariel"
"Sales",235027,"Flowers","Gro"
"Sales",98221,"Bolotov","Jeanna"
"Sales",235076,"Zaccaria","Chriss"
"Sales",13035,"Isaac","Waiman"
"Sales",235150,"Welham","Florian"
"Sales",235235,"Zschoche","Ottavia"
"Sales",235277,"Casperson","Zine"
"Sales",235298,"Rosar","Yurij"
"Sales",252927,"Veeraraghavan","Vitaly"
"Sales",235346,"Riexinger","Mabo"
"Sales",235357,"Cannard","Bogdan"
"Sales",98022,"Rothenberg","Mihalis"
"Sales",235414,"Rajcani","Sverrir"
"Sales",98017,"Gils","Sachio"
"Sales",235438,"Badr","Armond"
"Sales",235442,"Heuser","Chikako"
"Sales",235501,"Benveniste","Shrikanth"
"Sales",235524,"Itzigehl","Jolita"
"Sales",235535,"Pettey","Mototsugu"
"Sales",97929,"Zeilberger","Shahar"
"Sales",235602,"Teitelbaum","Yuichiro"
"Sales",434053,"Rosay","Qunsheng"
"Sales",235699,"Marzano","Genta"
"Sales",253191,"Jahnichen","Ottavia"
"Sales",235716,"Streit","Mari"
"Sales",235736,"Lores","Bouchung"
"Sales",235758,"Badr","Freyja"
"Sales",235771,"Conde","Yonghoan"
"Sales",253247,"Kornyak","Lene"
"Sales",97911,"Lagarias","Iara"
"Sales",235821,"Caine","Jeane"
"Sales",235829,"Iivonen","Sumant"
"Sales",253251,"Ranai","Kayoko"
"Sales",235866,"Mateescu","Alois"
"Sales",253265,"Vakili","Jayesh"
"Sales",235883,"Valtorta","Hugh"
"Sales",235915,"Quittner","Paddy"
"Sales",253278,"Parveen","Kazuhito"
"Sales",235969,"Laventhal","Szabolcs"
"Sales",236011,"Sidhu","Shaowen"
"Sales",236057,"Cairo","Kristine"
"Sales",253288,"Vendrig","Maya"
"Sales",97673,"Peng","Rasiah"
"Sales",236354,"Gajiwala","Chinhyun"
"Sales",236374,"Gente","Sham"
"Sales",236377,"Bael","Hironoby"
"Sales",253302,"Merey","Zeydy"
"Sales",97612,"Swiler","Baocai"
"Sales",236593,"Hashii","Yuchang"
"Sales",97600,"Harllee","Maris"
"Sales",236688,"Ratzlaff","Xuejun"
"Sales",97206,"Yeung","Susanne"
"Sales",236709,"Plesums","Shaibal"
"Sales",236752,"Camurati","Matk"
"Sales",253334,"Cronau","Gino"
"Sales",236786,"Thorelli","Kokou"
"Sales",236795,"Trystram","Arno"
"Sales",478726,"Panienski","Karlis"
"Sales",236887,"Karner","Xiaopeng"
"Sales",236895,"Vecchi","Yoshinari"
"Sales",236902,"Poupard","Matk"
"Sales",236941,"Gist","Youssef"
"Sales",97140,"Back","Marl"
"Sales",236954,"Ghazalie","Gal"
"Sales",236968,"Skrikant","Marco"
"Sales",237036,"Mahmud","JiYoung"
"Sales",237048,"Zultner","Ibibia"
"Sales",237058,"Jenevein","Ashish"
"Sales",237123,"Falck","Candido"
"Sales",237128,"Zschoche","Nalini"
"Sales",237133,"Kulisch","Karlis"
"Sales",237164,"Baja","Oscar"
"Sales",237175,"Reutenauer","Adil"
"Sales",253389,"Ghandeharizadeh","Gal"
"Sales",12770,"Benzaken","Maik"
"Sales",96864,"Cyre","Qiwen"
"Sales",237218,"Cullers","Kirk"
"Sales",12732,"Takanami","Mara"
"Sales",421108,"Gulla","Krister"
"Sales",96845,"Seghrouchni","Kazuhito"
"Sales",237291,"Gecsei","Jackson"
"Sales",237360,"Denti","Jianhui"
"Sales",237363,"Nanard","Gladys"
"Sales",237388,"Pelz","Tamiya"
"Sales",96823,"Denti","DeForest"
"Sales",237453,"Bondorf","Tetsurou"
"Sales",237476,"Vilarrasa","Khalil"
"Sales",96793,"Rohrbach","Teiji"
"Sales",237501,"Furudate","Ottavia"
"Sales",253435,"Papastamatiou","Oscal"
"Sales",96779,"Mapelli","Gladys"
"Sales",96773,"Gill","Leah"
"Sales",237542,"Hatcliff","Weicheng"
"Sales",12705,"Driscoll","Dung"
"Sales",237582,"Poulakidas","Sigeru"
"Sales",237620,"Pettis","Jixiang"
"Sales",237623,"Woycyznski","Supot"
"Sales",96725,"Covnot","Kazuhira"
"Sales",253983,"Pelc","Make"
"Sales",237726,"Papastamatiou","Udo"
"Sales",237794,"Morrin","Fei"
"Sales",421117,"Kaltofen","Teiji"
"Sales",96528,"Serdy","Froduald"
"Sales",237903,"Narlikar","Divier"
"Sales",237908,"Siegrist","Mack"
"Sales",254064,"Baik","Yishai"
"Sales",237987,"Zucker","Parke"
"Sales",421131,"Oaver","Hercules"
"Sales",238052,"Benaini","Gladys"
"Sales",238059,"Baer","Rajmohan"
"Sales",238096,"Rindone","Marsha"
"Sales",238106,"Cronin","Kwee"
"Sales",238117,"Stanfel","Mitsuyuki"
"Sales",238119,"Eterovic","Yannik"
"Sales",96160,"Encarnacion","Noritoshi"
"Sales",238225,"Senzako","Udaiprakash"
"Sales",96154,"Nitsch","Zdislav"
"Sales",238767,"Litvinov","Baziley"
"Sales",96134,"Maliniak","Jingling"
"Sales",96121,"Fabrizio","Arve"
"Sales",238781,"Leslie","Kensyu"
"Sales",238792,"Alpin","Kaijung"
"Sales",96097,"Isard","Brigham"
"Sales",238825,"Sankaranarayanan","Hauke"
"Sales",238876,"Tchuente","Mizuhito"
"Sales",238903,"Validov","Ulises"
"Sales",96092,"Spataro","Fumiko"
"Sales",238940,"Hemaspaandra","Mikhail"
"Sales",96082,"Zockler","Maia"
"Sales",239071,"Radhakrishnan","Eckart"
"Sales",254133,"Bugaenko","Houman"
"Sales",95818,"Bael","Chenxi"
"Sales",12398,"Solovay","Arif"
"Sales",12393,"Uhrig","Soenke"
"Sales",239438,"Orsini","Duke"
"Sales",475845,"Merkl","Mihalis"
"Sales",239473,"Malabarba","Poorav"
"Sales",239520,"Angot","Mara"
"Sales",239569,"Muhling","Kwan"
"Sales",239579,"Camurati","Kagan"
"Sales",95769,"Gulla","Hairong"
"Sales",239663,"Ibel","Conor"
"Sales",239678,"Snyers","Bader"
"Sales",95727,"Schicker","Arnd"
"Sales",239684,"Kavvadias","Evgueni"
"Sales",239689,"Cooman","Susanta"
"Sales",239718,"Docker","Shaunak"
"Sales",239740,"Sullins","Jolita"
"Sales",421150,"Schaad","Stella"
"Sales",95436,"Rando","Zito"
"Sales",239944,"Fritzsche","Mariangiola"
"Sales",239966,"Speckmann","Kolar"
"Sales",240049,"Improta","Hercules"
"Sales",254443,"Gulik","Marek"
"Sales",240294,"Decleir","Zhigen"
"Sales",240337,"Lakshmanan","Pantung"
"Sales",254472,"Tischendorf","Krister"
"Sales",478697,"Birnbaum","Kazuhiro"
"Sales",240531,"Zielinski","Yechiam"
"Sales",95174,"Tramer","Jouni"
"Sales",240556,"Salverda","Moti"
"Sales",240572,"Emden","Shrikanth"
"Sales",95156,"Katiyar","Zhigen"
"Sales",240623,"Kavraki","Barna"
"Sales",254693,"Zlotek","Filipp"
"Sales",254717,"Deyuan","Deniz"
"Sales",95104,"Magalhaes","Hideyuki"
"Sales",95100,"Binding","Ennio"
"Sales",240814,"Vieri","Filipp"
"Sales",241137,"Puppo","Zita"
"Sales",241148,"Jenevein","Kensyu"
"Sales",241176,"Serra","Vitaly"
"Sales",241184,"Walstra","Hidde"
"Sales",241629,"Nyanchama","Vugranam"
"Sales",11828,"Paciorek","Mikhail"
"Sales",94990,"Azulay","Poornachandra"
"Sales",11813,"Muhlberg","Gita"
"Sales",421202,"Perez","Valeri"
"Sales",241699,"Yurek","Shigeichiro"
"Sales",241745,"Delgrossi","Oddvar"
"Sales",241933,"Gien","Lillian"
"Sales",241997,"Peng","Toshiko"
"Sales",242028,"Anily","Chiranjit"
"Sales",242043,"Denos","Owen"
"Sales",255335,"Wilfing","Seshu"
"Sales",242331,"Warwick","Theron"
"Sales",242332,"Peac","Shiv"
"Sales",242357,"Bouloucos","Yechezkel"
"Sales",242369,"Cyne","Christoper"
"Sales",242385,"Tanemo","Masanao"
"Sales",421211,"Nishimukai","Parviz"
"Sales",242500,"Iisaku","Bingning"
"Sales",242541,"Ligten","Kyoichi"
"Sales",242553,"Lunt","Chinya"
"Sales",255490,"Hempstead","Arne"
"Sales",255512,"Ranta","Vishv"
"Sales",255514,"Oxenboll","Yonghong"
"Sales",11698,"Azevdeo","Arun"
"Sales",242643,"Sethi","Gita"
"Sales",94932,"Ciolek","Maria"
"Sales",242651,"Millington","Kenroku"
"Sales",255559,"Feldmann","Dekang"
"Sales",242736,"Masada","Chikara"
"Sales",242741,"Schaft","JiYoung"
"Sales",11506,"Picel","Rance"
"Sales",94909,"Acton","Gal"
"Sales",242754,"Zockler","Khalid"
"Sales",242820,"Norsworthy","Alois"
"Sales",242859,"Lalonde","Demos"
"Sales",11493,"Sevcikova","Shen"
"Sales",11482,"Deverell","Uri"
"Sales",242914,"Oppitz","Adhemar"
"Sales",242922,"Peternell","Bernardo"
"Sales",245175,"Nitsch","Arunas"
"Sales",245183,"Macedo","Spyrose"
"Sales",245186,"Trelles","Marlo"
"Sales",11480,"Itschner","Masoud"
"Sales",245210,"Frijda","Matt"
"Sales",434057,"Thisen","Denis"
"Sales",245227,"Marshall","Mabhin"
"Sales",245232,"Tyugu","Remmert"
"Sales",245656,"Gyimothy","Gor"
"Sales",94755,"Nooteboom","Sreenivas"
"Sales",245742,"Lampe","Ohad"
"Sales",245745,"Siksek","Navin"
"Sales",245756,"Nitto","Munenori"
"Sales",255720,"Suppi","Tsuneo"
"Sales",246049,"Strooper","Yannis"
"Sales",246067,"Francisci","Heeju"
"Sales",94484,"Kumaresan","Demos"
"Sales",246095,"Sessa","Uma"
"Sales",255752,"Viele","Bernd"
"Sales",434061,"Barriga","Pranas"
"Sales",94462,"Lukaszewicz","Sadegh"
"Sales",246349,"Suppi","Arto"
"Sales",94405,"Escriba","Ramalingam"
"Sales",246803,"Emden","Ugo"
"Sales",246804,"Miculan","Takahito"
"Sales",246820,"Sudkamp","Jacopo"
"Sales",246826,"Peir","Xiaocheng"
"Sales",246848,"Orlowski","Paraskevi"
"Sales",246891,"Bierman","Muzhong"
"Sales",255819,"Blokdijk","Arumugam"
"Sales",11430,"Klassen","Georgi"
"Sales",246946,"Puppo","Jiakeng"
"Sales",255844,"Bamford","Vishv"
"Sales",246970,"Kornyak","Barry"
"Sales",94184,"Wroclawski","Leif"
"Sales",246992,"Rothenberg","Sanjeeva"
"Sales",255890,"Birke","Kensyu"
"Sales",247076,"Angel","Bernice"
"Sales",94104,"Azadmanesh","Mohua"
"Sales",94092,"Ghazalie","Lijie"
"Sales",247313,"Eiron","Yonghoan"
"Sales",247317,"Liedekerke","Elvis"
"Sales",247322,"Biran","Samphel"
"Sales",247346,"Peyn","Shan"
"Sales",247402,"Ermel","Mart"
"Sales",94042,"Bruckman","Yonghoan"
"Sales",94037,"Kroon","Youngkon"
"Sales",255931,"Vural","Yinghua"
"Sales",93856,"Smeets","Hirochika"
"Sales",247785,"Hofman","Jovan"
"Sales",255954,"Reutenauer","Kwan"
"Sales",248072,"Francisci","Mack"
"Sales",248077,"Perko","Francoise"
"Sales",93827,"Showalter","Prodip"
"Sales",248121,"Thummel","Mario"
"Sales",248293,"Vanwelkenhuysen","Bedir"
"Sales",248298,"Tsukuda","Sukumar"
"Sales",255971,"Beilner","Xianlong"
"Sales",248438,"Bednarek","Niteen"
"Sales",93811,"Pews","Huiqun"
"Sales",255974,"Selenyi","Basant"
"Sales",248926,"Ozery","Mark"
"Sales",248927,"Kruskal","Stevo"
"Sales",248931,"McAlpine","Constantijn"
"Sales",256019,"Marchegay","Duro"
"Sales",11353,"Berztiss","Utpal"
"Sales",249190,"Coombs","Zhonghua"
"Sales",249212,"Shobatake","Masamitsu"
"Sales",256033,"Vandervoorde","Lucien"
"Sales",421479,"Vecchi","Zdislav"
"Sales",249265,"Asmuth","Hitomi"
"Sales",249269,"Encarnacion","Aran"
"Sales",478678,"Sethi","Mario"
"Sales",256040,"Speer","Manibrata"
"Sales",249281,"Narahari","Kellyn"
"Sales",249285,"Chepyzhov","Waiman"
"Sales",249289,"Gerlach","Panayotis"
"Sales",256044,"Bernatsky","Woody"
"Sales",93334,"Nitsche","Chirstian"
"Sales",249502,"Kilgour","Nevin"
"Sales",249525,"Straney","Mokhtar"
"Sales",249593,"Bhattacharjee","Valery"
"Sales",249601,"Jiang","Halsur"
"Sales",93305,"Kalsbeek","Kendra"
"Sales",93304,"Benveniste","Leucio"
"Sales",93269,"Bratsberg","Limsoon"
"Sales",249667,"Walston","Shawna"
"Sales",249711,"Zambonelli","Georg"
"Sales",256101,"Hiltgen","Ingmar"
"Sales",249742,"Heuter","Uzi"
"Sales",249756,"Genin","Isamu"
"Sales",250015,"Coombs","DAIDA"
"Sales",250041,"Parveen","Danil"
"Sales",250049,"Mukaidono","Emdad"
"Sales",11334,"Vural","Yurij"
"Sales",250073,"Bahk","Jiong"
"Sales",92926,"Mitina","Renee"
"Sales",256135,"Molenkamp","Olivera"
"Sales",250102,"Klerer","Arun"
"Sales",92904,"Kusalik","Bluma"
"Sales",92869,"Chinal","Mads"
"Sales",256157,"Hofting","Tsz"
"Sales",250175,"Bodoff","Hercules"
"Sales",250212,"Mateescu","Poorav"
"Sales",256664,"Poupard","Alejandra"
"Sales",250266,"Marletta","Krisda"
"Sales",256666,"Strooper","Manton"
"Sales",250287,"Oskamp","Arie"
"Sales",250364,"Preusig","Hugh"
"Sales",250397,"Raney","Boutros"
"Sales",250429,"Nicolson","Ingemar"
"Sales",250435,"Lorys","Arch"
"Sales",250479,"Dulli","Boutros"
"Sales",250497,"Suppi","Saeed"
"Sales",250530,"Uhrig","Sadun"
"Sales",250532,"Zongker","Masako"
"Sales",11307,"Dratva","Mohd"
"Sales",92609,"Hofmeyr","Rosita"
"Sales",92607,"Pulkowski","Haldun"
"Sales",250850,"Zongker","Gully"
"Sales",250860,"Picht","Shigeo"
"Sales",250868,"Koblick","Kazuhisa"
"Sales",250872,"Nilsson","Annemarie"
"Sales",251049,"Nivat","DeForest"
"Sales",92538,"Orlowska","Kyoichi"
"Sales",251081,"Baak","Shigehito"
"Sales",256719,"Rissland","Moto"
"Sales",251099,"Constantine","Abdelkader"
"Sales",256726,"Mandelberg","Kristen"
"Sales",256772,"Malinowski","Hiroyasu"
"Sales",251152,"Grandbois","Niranjan"
"Sales",251158,"Castellani","Younwoo"
"Sales",251161,"Mahmud","Yurij"
"Sales",251203,"Rosti","Bangqing"
"Sales",251232,"Delaune","Marla"
"Sales",251268,"Morrey","Gor"
"Sales",251497,"Sevcikova","Snehasis"
"Sales",92283,"Azevdeo","Hilari"
"Sales",256846,"Gopalakrishnan","Conor"
"Sales",251673,"Suri","Tsvetan"
"Sales",11271,"Rajaraman","Hidde"
"Sales",251725,"Ressouche","Ugo"
"Sales",256852,"Tanemo","Shir"
"Sales",251786,"Gecseg","Palash"
"Sales",251812,"Suomi","Doohun"
"Sales",251883,"Barreiro","Trygve"
"Sales",251907,"Peck","Shay"
"Sales",251958,"Servi","Odoardo"
"Sales",252189,"Gomatam","Margo"
"Sales",92178,"Isard","Muzhong"
"Sales",92172,"Hasenauer","Youssef"
"Sales",252203,"Shihab","Guenter"
"Sales",252211,"Baaz","Foong"
"Sales",252225,"Callaway","Malu"
"Sales",256923,"Neimat","Shaunak"
"Sales",252257,"Rosen","Adit"
"Sales",252477,"Jahnichen","Khedija"
"Sales",252487,"Aloia","Gennady"
"Sales",252493,"Ranum","Patricio"
"Sales",252500,"Sadowsky","Shaz"
"Sales",256952,"Hebert","Goh"
"Sales",256962,"Macedo","Yongdong"
"Sales",252576,"Junet","Boaz"
"Sales",252610,"Hitomi","Renny"
"Sales",252628,"Rande","Maris"
"Sales",11259,"Gronowski","Amalendu"
"Sales",92125,"Pettey","Toshimi"
"Sales",253060,"Cochrane","Ortrun"
"Sales",253080,"Molenkamp","Nalini"
"Sales",256997,"Puppe","Shalesh"
"Sales",253502,"Kalefeld","Kiyokazu"
"Sales",253503,"Brendel","Tsz"
"Sales",253585,"Giaccio","Miomir"
"Sales",253589,"Pashtan","Masaki"
"Sales",253605,"Baig","Avishai"
"Sales",253621,"Angel","Gino"
"Sales",253625,"Pavlopoulou","Leif"
"Sales",253648,"Millington","Tesuya"
"Sales",253683,"Egerstedt","Shaunak"
"Sales",257108,"Streng","Khoa"
"Sales",92066,"Gire","Radhika"
"Sales",257139,"Merlo","Angus"
"Sales",253785,"Smailagic","Eckart"
"Sales",253822,"Rande","Kagan"
"Sales",92065,"Staylopatis","Mohamadou"
"Sales",253851,"Smailagic","Piyush"
"Sales",253858,"Chinin","Anestis"
"Sales",253868,"Karnin","Beshir"
"Sales",253889,"Lung","Badri"
"Sales",253894,"Quaggetto","Divier"
"Sales",91812,"Guting","Anyuan"
"Sales",253946,"Puppo","Mana"
"Sales",254170,"Kakkar","Suvo"
"Sales",254206,"Asmuth","Tamiya"
"Sales",254215,"Rosiles","Berthier"
"Sales",254223,"Vieth","Geraldo"
"Sales",91779,"Wilfing","Sakthirel"
"Sales",254311,"Turnbull","Jaques"
"Sales",254487,"Busillo","Kellyn"
"Sales",254545,"Ghemri","Eckart"
"Sales",257210,"Koyama","Yuchang"
"Sales",91710,"Rohrbach","Tesuro"
"Sales",475835,"Cairo","Tran"
"Sales",254616,"Baek","Kristin"
"Sales",254884,"Emmerich","Rasiah"
"Sales",257302,"Steinauer","Breannda"
"Sales",257317,"Luks","Gay"
"Sales",434084,"Cappello","Abdelghani"
"Sales",90827,"Schaaf","Menkae"
"Sales",255021,"Crouzet","Ashish"
"Sales",90773,"Stanfel","Parto"
"Sales",255044,"Conry","Kwee"
"Sales",255076,"Horswill","Along"
"Sales",90749,"Vesna","Martins"
"Sales",255114,"Dulay","Magdalena"
"Sales",255117,"Bouloucos","Tamiya"
"Sales",255194,"Diderrich","Heejo"
"Sales",255206,"Prochazka","Mingzeng"
"Sales",255229,"Benaini","Rasikan"
"Sales",255247,"Seghrouchni","Taisook"
"Sales",255267,"Callaway","Srinidhi"
"Sales",255275,"Stille","Frederique"
"Sales",255308,"Gronowski","Francesca"
"Sales",255318,"Thimonier","Uma"
"Sales",90643,"Bhattacharjee","Jeanna"
"Sales",256277,"Genther","Khaled"
"Sales",257368,"Zschoche","Goetz"
"Sales",90592,"Pettis","Boalin"
"Sales",90586,"Pelz","Jayesh"
"Sales",90537,"Erol","Dhritiman"
"Sales",256497,"Murtagh","Siddarth"
"Sales",256533,"Condotta","Aria"
"Sales",256559,"Backhouse","Arif"
"Sales",257429,"Serdy","Ferdinand"
"Sales",256593,"Poupard","Mansur"
"Sales",256595,"Velardi","Basant"
"Sales",256596,"Zeilberger","Aiman"
"Sales",257461,"Ramaiah","Leah"
"Sales",258336,"Miake","Shridhar"
"Sales",258356,"Porotnikoff","Mikhail"
"Sales",257474,"Benaini","Aran"
"Sales",10981,"Dulin","Sugwoo"
"Sales",10965,"Braunschweig","Eckart"
"Sales",258733,"Luiz","Xuejia"
"Sales",258810,"Sabnani","Ziva"
"Sales",258834,"Gecsei","Tadahiro"
"Sales",474784,"DasSarma","Remko"
"Sales",259042,"Farrow","Xiaoqiang"
"Sales",259049,"Salvesen","Nigel"
"Sales",259058,"Nitsch","Nobuyoshi"
"Sales",259085,"Puppe","Douadi"
"Sales",422161,"Riefers","Malu"
"Sales",259089,"Baba","Aamer"
"Sales",90400,"Baig","Huei"
"Sales",259116,"Lunt","Eckart"
"Sales",259140,"Samarati","Anyuan"
"Sales",259150,"Majewski","Kiyomitsu"
"Sales",257590,"Matteis","Yongdong"
"Sales",259900,"Sanella","Taiji"
"Sales",90166,"Ferretti","Khalid"
"Sales",259930,"Malabarba","Isamu"
"Sales",422187,"Fendler","Dinkar"
"Sales",259967,"Jording","Kwok"
"Sales",259993,"Sinitsyn","Spyrose"
"Sales",261202,"Nivat","Branimir"
"Sales",261217,"Giveon","Keung"
"Sales",257660,"Chimia","Billie"
"Sales",261279,"Sgarro","Ghassan"
"Sales",90137,"Bondorf","Mara"
"Sales",10890,"Furudate","Ramzi"
"Sales",262045,"Swiler","George"
"Sales",10885,"Cronau","Rayond"
"Sales",478669,"Rajala","Ekawit"
"Sales",257689,"Kalorkoti","Toshiki"
"Sales",262127,"Codenie","Golgen"
"Sales",262145,"Babb","Diederik"
"Sales",263031,"Denna","Bikash"
"Sales",263046,"Wendorf","Jingling"
"Sales",263142,"Linares","Masaki"
"Sales",257721,"Gniady","Trygve"
"Sales",90052,"Cangellaris","Gill"
"Sales",422201,"Schade","Atreyi"
"Sales",263226,"McDermid","Qiwen"
"Sales",263229,"Ventosa","Jeanne"
"Sales",257808,"Shackell","Mamdouh"
"Sales",10335,"Bahi","Toshimori"
"Sales",263341,"Bolotov","Peternela"
"Sales",263420,"Bael","Hausi"
"Sales",263425,"Baca","Christ"
"Sales",263449,"Thorensen","Maha"
"Sales",10306,"Kilgour","Heng"
"Sales",263512,"Ossenbruggen","Odoardo"
"Sales",263517,"Strandh","Remko"
"Sales",263690,"Gubsky","Janalee"
"Sales",263695,"Kuhnemann","Shaunak"
"Sales",263735,"Siksek","Magdalena"
"Sales",89422,"Cangellaris","Foong"
"Sales",257874,"Hertweck","Marin"
"Sales",257875,"Syrotiuk","Uno"
"Sales",263836,"Braunmuhl","Armond"
"Sales",264203,"Miculan","Sanjoy"
"Sales",422282,"Naumovich","Radoslaw"
"Sales",264222,"Babb","Aron"
"Sales",10299,"Stentiford","Ipke"
"Sales",264271,"Yurek","Xiadong"
"Sales",264279,"Greenaway","Fuqing"
"Sales",264290,"Woycyznski","Spyrose"
"Sales",264398,"Ballarin","Lene"
"Sales",264423,"Lanphier","Zongyan"
"Sales",264483,"Luft","Heng"
"Sales",264502,"Bruckman","LiMin"
"Sales",89349,"Poehlman","Tsuneo"
"Sales",89348,"Rosin","Arve"
"Sales",264735,"Peac","Tomofumi"
"Sales",258018,"Demos","Yifei"
"Sales",264791,"Schwartzburd","Udo"
"Sales",10270,"Hartvigsen","Bedir"
"Sales",88991,"Braunmuhl","Naftaly"
"Sales",88975,"Baak","Miomir"
"Sales",264841,"Plump","Kiyokazu"
"Sales",264887,"Beetstra","Petter"
"Sales",258044,"Brookner","Yucai"
"Sales",88932,"Debuse","Amstein"
"Sales",264987,"Zastre","Moon"
"Sales",434115,"Fortenbacher","Yagil"
"Sales",265007,"Leaver","Hilari"
"Sales",258101,"Brobst","Uzi"
"Sales",88911,"Waymire","Charlene"
"Sales",88889,"Ishibashi","Hitofumi"
"Sales",265285,"Kuhnemann","Pranav"
"Sales",88872,"Kornatzky","Harjit"
"Sales",265721,"Morrey","Jongsuk"
"Sales",265733,"Pelc","Adly"
"Sales",88152,"Vanwelkenhuysen","Jinya"
"Sales",265818,"Serra","Froduald"
"Sales",258156,"Openshaw","Barry"
"Sales",265909,"Rodite","Elzbieta"
"Sales",265922,"Zweizig","Ranga"
"Sales",475813,"Egerstedt","Horward"
"Sales",265996,"Karnin","Shooichi"
"Sales",266088,"Herbst","Adhemar"
"Sales",88056,"Seiwald","Alois"
"Sales",88051,"Mitina","Shrikanth"
"Sales",266128,"Trelles","Mario"
"Sales",258214,"Picaronny","Sandeepan"
"Sales",266194,"Cooke","Seshu"
"Sales",266219,"Coullard","Abdelwaheb"
"Sales",87761,"Munck","Shir"
"Sales",266238,"Weedon","Sachar"
"Sales",266261,"Luon","Guenter"
"Sales",258240,"Clouatre","Sushant"
"Sales",266304,"Ventosa","Ramachenga"
"Sales",266334,"Magliocco","Kensei"
"Sales",87749,"Penz","Susumu"
"Sales",266346,"Wroclawski","Goncalo"
"Sales",266453,"Huhdanpaa","Goo"
"Sales",266470,"Panangaden","Falguni"
"Sales",266482,"Cmelik","Rafael"
"Sales",266517,"Kowalchuk","Tianruo"
"Sales",266538,"Verhaegen","Fumitake"
"Sales",266542,"Bail","Shim"
"Sales",266570,"Ranka","Weiye"
"Sales",266615,"Menhardt","Monique"
"Sales",266659,"Stasinski","Pasqua"
"Sales",266666,"Heping","Masadi"
"Sales",266701,"Serre","Radhakrishnan"
"Sales",266744,"Sury","Van"
"Sales",422371,"Worfolk","Achilleas"
"Sales",266763,"Camurati","Gilbert"
"Sales",87697,"Luit","Sanjoy"
"Sales",266858,"Murrill","Yuqun"
"Sales",266892,"Neimat","Herb"
"Sales",266915,"Oaver","Maya"
"Sales",87692,"Parhami","Hitomi"
"Sales",267027,"Kakkar","Udaiprakash"
"Sales",267053,"Wielonsky","Saeed"
"Sales",267056,"Muchinsky","Jeanna"
"Sales",267096,"Nitto","Kensei"
"Sales",267131,"Ebeling","Berhard"
"Sales",267138,"Auyong","Alair"
"Sales",87678,"Theuretzbacher","Katsuyuki"
"Sales",267205,"Dusink","Marsal"
"Sales",258873,"Czaja","Mary"
"Sales",267241,"Wilharm","Keiichiro"
"Sales",87665,"Panwar","Suzette"
"Sales",267274,"Kornyak","Munehiko"
"Sales",87315,"Gimarc","Jouko"
"Sales",267358,"Einsfeld","Zengping"
"Sales",498831,"Syrotiuk","Elliott"
"Sales",267462,"Munke","Yonghoan"
"Sales",258909,"Kobara","Leon"
"Sales",267497,"Porotnikoff","Sanjit"
"Sales",87219,"Danley","Maik"
"Sales",267536,"Harnett","Tonny"
"Sales",258942,"Rajaraman","Nishit"
"Sales",258968,"Pokrovskii","Gil"
"Sales",267616,"Litzler","Kerhong"
"Sales",267656,"Baranowski","Mana"
"Sales",267667,"Kaiserswerth","Irena"
"Sales",267681,"Apsitis","Berhard"
"Sales",267683,"Basawa","Rildo"
"Sales",267732,"Schapire","Gretta"
"Sales",267775,"Lampe","Remco"
"Sales",267803,"Ginesta","Keiichiro"
"Sales",267804,"Farrow","Akhilish"
"Sales",267854,"Meszaros","Remko"
"Sales",267881,"Bergere","Saeko"
"Sales",267946,"Nyanchama","Candida"
"Sales",267985,"Denti","Sven"
"Sales",268098,"Erde","Guadalupe"
"Sales",268215,"Birjandi","Alair"
"Sales",86914,"Luca","Avishai"
"Sales",268223,"Schwaller","Quingbo"
"Sales",268242,"Chinin","Matk"
"Sales",268255,"Schaar","Gonzalo"
"Sales",498532,"Porenta","Yinlin"
"Sales",268278,"Sluis","Iara"
"Sales",86909,"Tchuente","Miomir"
"Sales",86903,"Barbanera","Charlene"
"Sales",259298,"Jervis","Satyanarayana"
"Sales",86866,"Stranks","Chenxi"
"Sales",268478,"Erie","Yoshinari"
"Sales",268480,"Kropf","Apostol"
"Sales",259313,"Aingworth","Masadi"
"Sales",268528,"Luby","Udo"
"Sales",86612,"McAffer","Yuchang"
"Sales",259346,"Rodier","Bedir"
"Sales",268645,"Kilgour","Falguni"
"Sales",268651,"Kitai","Masoud"
"Sales",268656,"Copas","Gaetan"
"Sales",268671,"Garnier","Huai"
"Sales",268686,"Yetim","Elgin"
"Sales",259369,"Biran","Sukumar"
"Sales",268768,"Jayawardene","Clyde"
"Sales",268773,"Erbe","Uinam"
"Sales",268781,"Giarratana","Moty"
"Sales",268791,"Felder","Xiaobin"
"Sales",268798,"Ratnakar","Paraskevi"
"Sales",268845,"Heering","Jasminko"
"Sales",268858,"Fritzsche","JoAnne"
"Sales",86512,"Fordan","Anyuan"
"Sales",269083,"Sethi","Surveyors"
"Sales",259414,"Daescu","Lena"
"Sales",269383,"Cyne","Giri"
"Sales",269422,"Farrar","Monique"
"Sales",269425,"Picco","Muzhong"
"Sales",422418,"Nergos","Khaled"
"Sales",86120,"Luders","Rosalie"
"Sales",269485,"Haddadi","Subhrajyoti"
"Sales",86087,"Nitsch","Bernice"
"Sales",86079,"Tiemann","Hyuckchul"
"Sales",269570,"Kermarrec","Eben"
"Sales",269579,"Krohn","Badri"
"Sales",269610,"Narwekar","Behnaam"
"Sales",259453,"Vernadat","Nakhoon"
"Sales",269690,"Unni","Visit"
"Sales",269697,"Weisert","Candido"
"Sales",269709,"Fujisawa","Lein"
"Sales",498460,"Morrin","Miyeon"
"Sales",269893,"McAlpine","Tayeb"
"Sales",269924,"Berstel","Francoise"
"Sales",269951,"Trelles","Mayumi"
"Sales",259491,"Marsiglia","Pranay"
"Sales",269983,"Narwekar","Oguz"
"Sales",269997,"Bael","Qingxiang"
"Sales",270038,"Hagimont","Jenwei"
"Sales",270054,"Passafiume","Xiadong"
"Sales",270059,"Narwekar","Aral"
"Sales",270112,"Ritzmann","Jayson"
"Sales",270161,"Brendel","Elgin"
"Sales",270178,"Bale","Van"
"Sales",270189,"Cronau","Kitty"
"Sales",270223,"Luft","Navid"
"Sales",259529,"Edelhoff","Angel"
"Sales",270271,"Haumacher","Vidar"
"Sales",259532,"Luef","Mikhail"
"Sales",259539,"Isaac","Steve"
"Sales",86001,"Msuda","Cathie"
"Sales",270344,"Erie","Goa"
"Sales",270622,"Bierbaum","Feiyu"
"Sales",270752,"Erde","Sandeepan"
"Sales",259609,"Prochazka","Kristian"
"Sales",85748,"Benzaken","Yuuichi"
"Sales",85745,"Antonakopoulos","Valter"
"Sales",270838,"Jiang","Yurij"
"Sales",270856,"Anido","Claudi"
"Sales",85725,"Candan","Khedija"
"Sales",259645,"Feinberg","Heeju"
"Sales",272295,"Luck","Yannik"
"Sales",259660,"Melter","Kristinn"
"Sales",259661,"Schmittgen","Mariusz"
"Sales",272369,"Fujisawa","Huiqun"
"Sales",85478,"Ghandeharizadeh","Ortrud"
"Sales",478455,"Luef","Steen"
"Sales",272614,"Genther","Oscal"
"Sales",272616,"Milicia","Marlo"
"Sales",272661,"Krychniak","Fay"
"Sales",259710,"Adachi","Richard"
"Sales",259714,"Jakobus","Odoardo"
"Sales",85460,"Marsiglia","Eberhardt"
"Sales",273138,"Rebaine","Mizuhito"
"Sales",85459,"Denny","Odinaldo"
"Sales",498237,"Detkin","Dipayan"
"Sales",273167,"Baalen","Leon"
"Sales",85457,"Edelhoff","Gian"
"Sales",273183,"Sanella","Youssef"
"Sales",259728,"Ranum","Uwe"
"Sales",273212,"Levergood","Narain"
"Sales",498219,"Schade","Christophe"
"Sales",273218,"Picci","Adel"
"Sales",85367,"Rotem","Shih"
"Sales",273478,"Sinicrope","Rayond"
"Sales",273500,"Picci","Hidekazu"
"Sales",422502,"Hoogerwoord","Richara"
"Sales",273532,"Bonifati","Sivanarayana"
"Sales",85335,"Pulkowski","Huai"
"Sales",85330,"Ravishankar","Weicheng"
"Sales",275319,"Vadhan","Mani"
"Sales",275348,"Gist","Woody"
"Sales",275384,"Picaronny","Florian"
"Sales",275405,"Leivant","Tua"
"Sales",275874,"Penttonen","Zongyan"
"Sales",276108,"Chorvat","Mack"
"Sales",276130,"Ranai","Barun"
"Sales",276137,"Lanteri","Dinkar"
"Sales",276149,"Casperson","Rafael"
"Sales",276150,"Asmuth","Rosella"
"Sales",260041,"Kuzuoka","Fai"
"Sales",276191,"Birnbaum","Rosli"
"Sales",276196,"Iivonen","Angel"
"Sales",276211,"Kawashimo","Augustine"
"Sales",276230,"Baba","Fen"
"Sales",276233,"Zastre","Tsuneo"
"Sales",276962,"Straney","Chirstian"
"Sales",260066,"Guenter","Xinan"
"Sales",434371,"Itzigehl","Berna"
"Sales",84920,"Uehara","Bedir"
"Sales",277070,"Wissmann","Danae"
"Sales",280271,"Papastamatiou","Yucel"
"Sales",84907,"Smailagic","Miomir"
"Sales",280275,"Karnin","Bingning"
"Sales",280277,"Perry","Magdalena"
"Sales",280318,"Dredge","Nevin"
"Sales",84892,"Ghazalie","Yinlin"
"Sales",280358,"Schahn","Kensyu"
"Sales",280408,"Perl","Elliott"
"Sales",260115,"Navazio","Hausi"
"Sales",84884,"Dolinsky","Ortrun"
"Sales",280501,"Heystek","Yefim"
"Sales",260180,"Bresenham","Nikolaus"
"Sales",280543,"Baca","Qingxiang"
"Sales",280574,"Orlowska","Shih"
"Sales",280584,"Siksek","Hirochika"
"Sales",280604,"Besselaar","Feipei"
"Sales",280613,"Baba","Genta"
"Sales",280643,"Peroz","Dmitry"
"Sales",280650,"Alameldin","Hironoby"
"Sales",434384,"Babb","Greger"
"Sales",280691,"Birnbaum","Gill"
"Sales",280709,"Caine","Hirochika"
"Sales",84623,"Navazio","Bernardo"
"Sales",280871,"Cronin","Khue"
"Sales",280958,"Turnbull","Tonny"
"Sales",260336,"Rajala","Denny"
"Sales",84564,"Stassinopoulos","Fei"
"Sales",280997,"Tischendorf","Fumitaka"
"Sales",280998,"Back","Cristinel"
"Sales",281036,"Thimonier","Oksana"
"Sales",260404,"Kusalik","Gina"
"Sales",281181,"Iisaku","Gil"
"Sales",281201,"Fujisawa","Jinya"
"Sales",281232,"Awdeh","Taisook"
"Sales",84495,"Comyn","Jinya"
"Sales",281300,"Danecki","Munenori"
"Sales",281305,"Ouhyoung","Aron"
"Sales",281356,"Litzler","Huai"
"Sales",281374,"Matzen","Yishay"
"Sales",281418,"Yurek","Yifei"
"Sales",281444,"Stassinopoulos","Theron"
"Sales",281453,"Gopalakrishnan","Insup"
"Sales",84304,"Camarinopoulos","Weijing"
"Sales",281462,"Shiratori","Katsuo"
"Sales",281469,"Journel","Rosalie"
"Sales",84296,"Peha","Lein"
"Sales",478361,"Hellwagner","Jaques"
"Sales",260468,"Riefers","Manibrata"
"Sales",281547,"Baez","Vidar"
"Sales",84236,"Barriga","Eberhardt"
"Sales",281651,"Herath","Guenter"
"Sales",281662,"Chvatal","Gio"
"Sales",281694,"Rusterholz","Fei"
"Sales",260502,"Jeong","Danco"
"Sales",260525,"Oskamp","Xianlong"
"Sales",281742,"Fiutem","Remzi"
"Sales",498128,"Flexer","Junichi"
"Sales",422651,"Cyre","Jiakeng"
"Sales",84219,"Vuskovic","DeForest"
"Sales",260554,"Erdi","Yongmao"
"Sales",84201,"Demizu","Frederique"
"Sales",281843,"Wixon","Gianluca"
"Sales",281937,"Stenning","Zhonghua"
"Sales",260567,"Lorho","Lenore"
"Sales",281957,"Pileggi","Yishai"
"Sales",281971,"Desikan","Horward"
"Sales",281991,"Krybus","Doohun"
"Sales",260583,"Thiria","Gro"
"Sales",282010,"Dalphin","Ingmar"
"Sales",282031,"Chappelet","Aamod"
"Sales",282044,"Kilgore","Shai"
"Sales",422665,"Edelhoff","Arunachalam"
"Sales",282067,"Picci","Holgard"
"Sales",282101,"Kleiser","Oksana"
"Sales",260602,"Anger","Kwangho"
"Sales",282152,"Lenart","Zine"
"Sales",260625,"Suppi","Takanari"
"Sales",282199,"Hofstetter","Yuriy"
"Sales",282208,"Bugrara","Mohd"
"Sales",282219,"Birge","Xuejun"
"Sales",282222,"Hiltgen","Byong"
"Sales",282249,"Kakkar","Christophe"
"Sales",498085,"Panangaden","Leszek"
"Sales",497900,"Kakkar","Hauke"
"Sales",282321,"Erez","Tomokazu"
"Sales",83883,"Underwood","Alselm"
"Sales",282357,"Lampe","Arie"
"Sales",282361,"Kumaresan","Keiichiro"
"Sales",282404,"Soicher","Chuanyi"
"Sales",282451,"Schusler","Manibrata"
"Sales",83863,"Dengi","Duri"
"Sales",83861,"Deverell","Mabry"
"Sales",282544,"Dulli","Bedir"
"Sales",497890,"Otillio","King"
"Sales",282609,"Oxman","Xiaoshan"
"Sales",282667,"Reutenauer","Alair"
"Sales",282682,"Velasco","Weiru"
"Sales",282695,"Fortenbacher","King"
"Sales",282710,"Perri","Dietrich"
"Sales",282711,"Ponthieu","Shahab"
"Sales",282714,"Zlotek","Tommaso"
"Sales",282734,"Cronau","Clyde"
"Sales",83850,"Bugaenko","Mooi"
"Sales",260746,"Baca","Hilary"
"Sales",282866,"Irland","IEEE"
"Sales",282886,"Dulay","Nimmagadda"
"Sales",83829,"Zielinski","Cristinel"
"Sales",282908,"Birnbaum","Lakshmi"
"Sales",282984,"Picht","Weiwu"
"Sales",282995,"Cardazo","Tetsushi"
"Sales",283021,"Baer","Aron"
"Sales",283136,"Suessmith","Minghong"
"Sales",283146,"Luft","Chinhyun"
"Sales",283149,"Grabner","Fatemeh"
"Sales",283159,"Bach","Selwyn"
"Sales",283166,"Oppitz","Parto"
"Sales",283177,"Cappelli","Alassane"
"Sales",283190,"Murtha","Sreekrishna"
"Sales",497888,"Verspoor","Trygve"
"Sales",283301,"Serot","Yuuichi"
"Sales",260794,"Onuegbe","Fumiyo"
"Sales",260803,"Braunschweig","Luisa"
"Sales",497873,"Jenevein","Jeane"
"Sales",283462,"Menyhert","Shiv"
"Sales",283497,"Ibel","Nakhoon"
"Sales",283511,"Genin","Mingsen"
"Sales",283563,"Prenel","Jaber"
"Sales",260857,"Cronan","Zongyan"
"Sales",283791,"Muchinsky","Pranjal"
"Sales",422938,"Taneja","Shuho"
"Sales",283844,"Cincotta","Charlene"
"Sales",82776,"Vieth","Manton"
"Sales",82766,"Litzler","Rosita"
"Sales",283940,"Ravishankar","Lokesh"
"Sales",82749,"Maliniak","Byong"
"Sales",284141,"Cunliffe","Lubomir"
"Sales",82731,"Panangaden","Fumiko"
"Sales",284208,"Salinas","Satyanarayana"
"Sales",284225,"Pulkowski","Val"
"Sales",284228,"Pelc","Fuqing"
"Sales",260939,"Zongker","Akhilish"
"Sales",284290,"Lodder","Heping"
"Sales",284294,"Eastman","Gonzalo"
"Sales",82662,"Falster","Adit"
"Sales",284368,"Sudbeck","Tonia"
"Sales",284409,"Lenart","Kirk"
"Sales",284461,"Koshiba","Moheb"
"Sales",284482,"Hammerschmidt","Kannan"
"Sales",284591,"Peng","Hsiangchu"
"Sales",284620,"Suri","Guther"
"Sales",261026,"Rikino","Bingning"
"Sales",284824,"Ligten","Nahum"
"Sales",261030,"Smeets","Thodoros"
"Sales",284860,"Barreiro","Uriel"
"Sales",497800,"Zambonelli","Nishit"
"Sales",497747,"Schnabel","Jackson"
"Sales",497712,"Jording","Goncalo"
"Sales",261102,"Speckmann","Chaoyi"
"Sales",261111,"Makinen","Billie"
"Sales",285071,"Farrel","Hongzue"
"Sales",82408,"Kusakabe","Georgi"
"Sales",422970,"Ramalingam","Izaskun"
"Sales",82399,"Rouquie","Turgut"
"Sales",285152,"Tomescu","Mack"
"Sales",261119,"Zaccaria","Amabile"
"Sales",82357,"Fontan","Eric"
"Sales",82352,"Willoner","Vitali"
"Sales",285257,"Nyanchama","Youssef"
"Sales",285315,"Lambe","Kannan"
"Sales",261365,"Asmuth","Feiyu"
"Sales",82319,"Eugenio","Saniya"
"Sales",285419,"Rullman","Baoqiu"
"Sales",82284,"Peak","Florina"
"Sales",285458,"Koyama","Utz"
"Sales",285478,"Peris","Bodh"
"Sales",285483,"Mansanne","Sreenivas"
"Sales",285514,"Azevdeo","Bikash"
"Sales",261414,"Pehl","Quingbo"
"Sales",261460,"Sankaranarayanan","Dipankar"
"Sales",285697,"Matheson","Bangqing"
"Sales",82263,"Haumacher","Vishv"
"Sales",285701,"Wuwongse","Ung"
"Sales",285706,"Parveen","Dung"
"Sales",82254,"Lorcy","Lein"
"Sales",285738,"Erni","Paddy"
"Sales",285772,"Barbanera","Navin"
"Sales",285777,"Juneja","Zhiwei"
"Sales",285780,"Ramaiah","KayLiang"
"Sales",285818,"Vidya","Pranas"
"Sales",285832,"Pulkowski","Gudjon"
"Sales",285865,"Lunn","Tayeb"
"Sales",261477,"Sigstam","Godehard"
"Sales",285910,"Hiyoshi","Rosli"
"Sales",261488,"Engelmann","Vasiliy"
"Sales",285934,"Antonakopoulos","Zhilian"
"Sales",261499,"Driscoll","Qunsheng"
"Sales",285993,"Osgood","Fun"
"Sales",286000,"Eugenio","Tonny"
"Sales",286050,"Dayang","Lakshmi"
"Sales",82168,"Bellone","Leah"
"Sales",286088,"Negoita","Jaana"
"Sales",82150,"Albarhamtoshy","Gererd"
"Sales",261529,"Naudin","Yunming"
"Sales",423016,"Quadeer","Stella"
"Sales",286212,"Krychniak","Khoa"
"Sales",286256,"Heemskerk","Jaewon"
"Sales",286330,"Bottner","Kenton"
"Sales",82110,"Gecsel","Vugranam"
"Sales",286357,"Miculan","Shooichi"
"Sales",82099,"Vigier","Kasidit"
"Sales",497661,"Landherr","Nahum"
"Sales",261600,"Lally","Radhakrishnan"
"Sales",286382,"Wursthorn","Toshimo"
"Sales",261612,"Stranks","Jiann"
"Sales",82085,"Gurbaxani","Fatemeh"
"Sales",261636,"DiGiano","Sugwoo"
"Sales",261640,"Peres","Youpyo"
"Sales",82028,"Rosenbaum","Kwangjo"
"Sales",286516,"Birge","Kamakshi"
"Sales",286523,"Cappello","Richara"
"Sales",81977,"Swist","Ortrud"
"Sales",261666,"Schmiedel","Woody"
"Sales",261677,"Rosti","Jiafu"
"Sales",81973,"Panienski","Shigenori"
"Sales",261720,"Zambonelli","Fumino"
"Sales",81961,"Ventosa","Giao"
"Sales",286652,"Nollmann","Wuxu"
"Sales",286674,"Bouloucos","Gal"
"Sales",286706,"Shiratori","Hideo"
"Sales",81936,"Greibach","Chaitali"
"Sales",81932,"Socorro","Froduald"
"Sales",286821,"Felcyn","Marie"
"Sales",261740,"Stavenow","Shahaf"
"Sales",286841,"Zobel","Hidekazu"
"Sales",286844,"Bhattacharjee","Anestis"
"Sales",81921,"Gils","Salvador"
"Sales",286900,"Kadhim","Theron"
"Sales",286901,"Rabehasaina","Yuichiro"
"Sales",81913,"Christianini","Berry"
"Sales",286909,"Improta","Chrisa"
"Sales",286947,"Reeker","Hiroyasu"
"Sales",287029,"Neimat","Nitsan"
"Sales",480113,"Taubenfeld","Bodo"
"Sales",487881,"Stille","Yuuichi"
"Sales",482891,"Brender","Adas"
"Sales",487907,"McAlpine","Bouchung"
"Sales",489207,"Anguita","Aemilian"
"Sales",487929,"Staelin","Rosalie"
"Sales",478399,"Tanemo","Izaskun"
"Sales",487950,"Cochrane","Koldo"
"Sales",268907,"Gluchowski","Mana"
"Sales",478397,"Anger","Mary"
"Sales",483036,"Krupka","Sadok"
"Sales",478363,"Provine","Maris"
"Sales",483079,"Weedman","Chirstian"
"Sales",483082,"Pileggi","Zito"
"Sales",478354,"Bage","Weijing"
"Sales",478352,"Vakili","Jeong"
"Sales",478148,"Malabarba","Jaber"
"Sales",478147,"Sgarro","Chenyi"
"Sales",478143,"Lally","Rosli"
"Sales",265614,"Joslin","Kirk"
"Sales",487991,"Kambil","Gift"
"Sales",478011,"Zolotykh","Giao"
"Sales",483415,"Heemskerk","Arve"
"Sales",483438,"Hofstetter","Otmar"
"Sales",477872,"Holburn","Utz"
"Sales",477611,"Zeleznik","Kwok"
"Sales",265580,"Szemeredi","Remco"
"Sales",483544,"Burnard","Tetsushi"
"Sales",477545,"Preusig","Shaunak"
"Sales",477541,"Baik","Mototsugu"
"Sales",483575,"Talmor","Raimond"
"Sales",483589,"Keirsey","Zijian"
"Sales",477515,"Rando","Kristian"
"Sales",483637,"Luck","Phule"
"Sales",477503,"Narahara","Yishay"
"Sales",488016,"Erev","Filipe"
"Sales",477298,"Denny","Zengping"
"Sales",483686,"Munos","Mrinalini"
"Sales",477226,"Peral","Almudena"
"Sales",483727,"Fraisse","Elvia"
"Sales",265544,"Rosiles","Pasqua"
"Sales",483763,"Kirkerud","Khun"
"Sales",483846,"Merks","Chikara"
"Sales",476953,"Ramalingam","Zeydy"
"Sales",476930,"Talmor","Adas"
"Sales",263926,"Schwartzbauer","Fusako"
"Sales",265485,"Kriebel","Hilary"
"Sales",483877,"Rijsenbrij","Marla"
"Sales",483905,"Poulakidas","Kasidit"
"Sales",265455,"Paciorek","Hitofumi"
"Sales",483921,"Munro","JoAnne"
"Sales",483925,"Mayerwieser","Ymte"
"Sales",488253,"Yemenis","Nathalie"
"Sales",488260,"Sudbeck","Vojin"
"Sales",483974,"Thebaut","Jeane"
"Sales",484015,"Fasbender","Gila"
"Sales",484192,"Karner","Yolla"
"Sales",476901,"Hmelo","Akemi"
"Sales",476899,"Sridhar","Hideyuki"
"Sales",484230,"Rossi","Divier"
"Sales",484232,"Peral","Ziva"
"Sales",476850,"Feinberg","Denny"
"Sales",265386,"Czap","Heon"
"Sales",476286,"Erez","Suvo"
"Sales",476222,"Mellouli","Kristian"
"Sales",476186,"Besselaar","Hidefumi"
"Sales",488316,"Vandervoorde","Jolita"
"Sales",484590,"Rathonyi","Gilbert"
"Sales",475920,"Matzke","Bogdan"
"Sales",475909,"Rodite","Shigeichiro"
"Sales",484648,"Vingron","Girolamo"
"Sales",488341,"Furedi","Charmane"
"Sales",484677,"Demeyer","Divine"
"Sales",484681,"Hennings","Willard"
"Sales",475870,"Oskamp","Akeel"
"Sales",484722,"Brickell","Neven"
"Sales",488352,"Mellouli","Tadahiko"
"Sales",484742,"Zumaque","Kousuke"
"Sales",265071,"Hiraishi","Uno"
"Sales",475827,"Szilard","Marc"
"Sales",484785,"Kranzdorf","Divier"
"Sales",489385,"Vesel","Xiaoheng"
"Sales",475816,"Siksek","Tonny"
"Sales",265050,"Azevdeo","Shigeichiro"
"Sales",263972,"Bael","Kamakshi"
"Sales",484827,"Kakkar","Godehard"
"Sales",488729,"Berztiss","Valter"
"Sales",475757,"Mayerwieser","Tommaso"
"Sales",485241,"Riexinger","Jahangir"
"Sales",264680,"Businaro","Zissis"
"Sales",475690,"Worfolk","Tsvetan"
"Sales",475673,"Lagarias","Mariusz"
"Sales",485268,"Birch","Heon"
"Sales",485275,"Baalen","Sham"
"Sales",485278,"Isaak","Erez"
"Sales",475459,"Impagliazzo","Otmar"
"Sales",485292,"Bakhtari","Zhonghua"
"Sales",475345,"Roison","Rosine"
"Sales",475137,"Begiun","Hatim"
"Sales",488803,"Tsunoo","Toong"
"Sales",485902,"Berendt","Sailaja"
"Sales",475000,"Bellmore","Chinhyun"
"Sales",474800,"Kaminger","Patricio"
"Sales",474793,"Srimani","Arunachalam"
"Sales",485950,"Kranzdorf","Duri"
"Sales",264667,"Mitsuhashi","Uwe"
"Sales",264646,"Pietrzykowski","Gianluca"
"Sales",485980,"Perz","Paddy"
"Sales",474675,"Henders","Pascal"
"Sales",474667,"Impagliazzo","Make"
"Sales",264638,"Melter","Kolar"
"Sales",474432,"Brickell","Uli"
"Sales",474416,"Yamaashi","Tooru"
"Sales",474411,"Lieberherr","Bodh"
"Sales",474405,"Yurov","Jackson"
"Sales",264621,"Swan","Premal"
"Sales",474337,"Siprelle","Gou"
"Sales",486160,"Guting","Constantijn"
"Sales",474323,"Anido","Mitchel"
"Sales",486174,"Sinitsyn","Mabo"
"Sales",473800,"Lakshmanan","Herb"
"Sales",264601,"Spataro","Indrajit"
"Sales",473787,"Baez","Junsik"
"Sales",473777,"Luan","Kannan"
"Sales",473776,"Demir","Aemilian"
"Sales",488871,"Roccetti","Richara"
"Sales",270419,"Unni","Marsja"
"Sales",486336,"Engberts","Persi"
"Sales",486345,"Brodie","Marsal"
"Sales",269869,"Leivant","Bokyung"
"Sales",486888,"Veeraraghavan","Florina"
"Sales",269814,"Engelmann","Mart"
"Sales",489512,"Kroll","Dhritiman"
"Sales",264551,"Naumovich","Duri"
"Sales",269749,"Makrucki","Guadalupe"
"Sales",481322,"Hettesheimer","Salvador"
"Sales",481325,"Pollock","Duke"
"Sales",481252,"Steenbeek","Aluzio"
"Sales",481237,"Erbe","Fayez"
"Sales",481599,"Kawashima","Hausi"
"Sales",489712,"Ebeling","Renny"
"Sales",486983,"Luga","Hitofumi"
"Sales",481221,"Gente","Teiji"
"Sales",269371,"Erdmenger","Fei"
"Sales",481678,"Schaad","Giao"
"Sales",480949,"Spell","Mona"
"Sales",480937,"Docker","Luigi"
"Sales",480864,"Pavlopoulou","Xumin"
"Sales",481923,"Shihab","Fumiya"
"Sales",269271,"Zizka","Boaz"
"Sales",480849,"Perz","Leon"
"Sales",482011,"Farrow","Mayuri"
"Sales",264151,"Worfolk","Heather"
"Sales",480646,"Auria","Elgin"
"Sales",480599,"Yamaashi","Candida"
"Sales",482069,"Shobatake","Susanna"
"Sales",269259,"Wolniewicz","Duro"
"Sales",482161,"Serna","Weidon"
"Sales",480543,"Kampfer","Susuma"
"Sales",482204,"Sichman","Van"
"Sales",480536,"Gyorkos","Lansing"
"Sales",480336,"Bultermann","Evgueni"
"Sales",480273,"Serra","Jinpo"
"Sales",480199,"Msuda","Fumiyo"
"Sales",480196,"Kornatzky","Kazuhide"
"Sales",482326,"Fairtlough","Conal"
"Sales",482845,"Sudkamp","Toney"
"Sales",482359,"Ginneken","Spyrose"
"Sales",480025,"Bruckman","Lobel"
"Sales",479818,"Straney","Persi"
"Sales",482419,"Lorho","Christfried"
"Sales",268948,"Nations","Susuma"
"Sales",482432,"Hopewell","Adam"
"Sales",479796,"Armand","Sreenivas"
"Sales",479769,"Selenyi","Theron"
"Sales",479486,"Reghbati","Geoff"
"Sales",482470,"Provine","Guozhong"
"Sales",479381,"Butterworth","Kristof"
"Sales",482492,"Gammage","Mitchel"
"Sales",482514,"Constantine","Geoff"
"Sales",479358,"Leijenhorst","Muzhong"
"Sales",482718,"Birjandi","Xuedong"
"Sales",482724,"Polupanov","Marko"
"Sales",268922,"Bonifati","Eishiro"
"Sales",479152,"Thombley","Maren"
"Sales",487348,"Ducloy","Yucel"
"Sales",482745,"Peot","Pranas"
"Sales",487356,"Eickenmeyer","Tommaso"
"Sales",478737,"Munos","Nadjib"
"Sales",482813,"Veccia","Dipayan"
"Sales",482829,"Melski","Arup"
